imagen,caracteristica_1,caracteristica_2,caracteristica_3,caracteristica_4,caracteristica_5,caracteristica_6,caracteristica_7,caracteristica_8,caracteristica_9,caracteristica_10,caracteristica_11,caracteristica_12,caracteristica_13,caracteristica_14,caracteristica_15,caracteristica_16,caracteristica_17,caracteristica_18,caracteristica_19,caracteristica_20,caracteristica_21,caracteristica_22,caracteristica_23,caracteristica_24,caracteristica_25,caracteristica_26,caracteristica_27,caracteristica_28,caracteristica_29,caracteristica_30,caracteristica_31,caracteristica_32,caracteristica_33,caracteristica_34,caracteristica_35,caracteristica_36,caracteristica_37,caracteristica_38,caracteristica_39,caracteristica_40,caracteristica_41,caracteristica_42,caracteristica_43,caracteristica_44,caracteristica_45,caracteristica_46,caracteristica_47,caracteristica_48,caracteristica_49,caracteristica_50,caracteristica_51,caracteristica_52,caracteristica_53,caracteristica_54,caracteristica_55,caracteristica_56,caracteristica_57,caracteristica_58,caracteristica_59,caracteristica_60,caracteristica_61,caracteristica_62,caracteristica_63,caracteristica_64,caracteristica_65,caracteristica_66,caracteristica_67,caracteristica_68,caracteristica_69,caracteristica_70,caracteristica_71,caracteristica_72,caracteristica_73,caracteristica_74,caracteristica_75,caracteristica_76,caracteristica_77,caracteristica_78,caracteristica_79,caracteristica_80,caracteristica_81,caracteristica_82,caracteristica_83,caracteristica_84,caracteristica_85,caracteristica_86,caracteristica_87,caracteristica_88,caracteristica_89,caracteristica_90,caracteristica_91,caracteristica_92,caracteristica_93,caracteristica_94,caracteristica_95,caracteristica_96,caracteristica_97,caracteristica_98,caracteristica_99,caracteristica_100,caracteristica_101,caracteristica_102,caracteristica_103,caracteristica_104,caracteristica_105,caracteristica_106,caracteristica_107,caracteristica_108,caracteristica_109,caracteristica_110,caracteristica_111,caracteristica_112,caracteristica_113,caracteristica_114,caracteristica_115,caracteristica_116,caracteristica_117,caracteristica_118,caracteristica_119,caracteristica_120,caracteristica_121,caracteristica_122,caracteristica_123,caracteristica_124,caracteristica_125,caracteristica_126,caracteristica_127,caracteristica_128,caracteristica_129,caracteristica_130,caracteristica_131,caracteristica_132,caracteristica_133,caracteristica_134,caracteristica_135,caracteristica_136,caracteristica_137,caracteristica_138,caracteristica_139,caracteristica_140,caracteristica_141,caracteristica_142,caracteristica_143,caracteristica_144,caracteristica_145,caracteristica_146,caracteristica_147,caracteristica_148,caracteristica_149,caracteristica_150,caracteristica_151,caracteristica_152,caracteristica_153,caracteristica_154,caracteristica_155,caracteristica_156,caracteristica_157,caracteristica_158,caracteristica_159,caracteristica_160,caracteristica_161,caracteristica_162,caracteristica_163,caracteristica_164,caracteristica_165,caracteristica_166,caracteristica_167,caracteristica_168,caracteristica_169,caracteristica_170,caracteristica_171,caracteristica_172,caracteristica_173,caracteristica_174,caracteristica_175,caracteristica_176,caracteristica_177,caracteristica_178,caracteristica_179,caracteristica_180,caracteristica_181,caracteristica_182,caracteristica_183,caracteristica_184,caracteristica_185,caracteristica_186,caracteristica_187,caracteristica_188,caracteristica_189,caracteristica_190,caracteristica_191,caracteristica_192,caracteristica_193,caracteristica_194,caracteristica_195,caracteristica_196,caracteristica_197,caracteristica_198,caracteristica_199,caracteristica_200,caracteristica_201,caracteristica_202,caracteristica_203,caracteristica_204,caracteristica_205,caracteristica_206,caracteristica_207,caracteristica_208,caracteristica_209,caracteristica_210,caracteristica_211,caracteristica_212,caracteristica_213,caracteristica_214,caracteristica_215,caracteristica_216,caracteristica_217,caracteristica_218,caracteristica_219,caracteristica_220,caracteristica_221,caracteristica_222,caracteristica_223,caracteristica_224,caracteristica_225,caracteristica_226,caracteristica_227,caracteristica_228,caracteristica_229,caracteristica_230,caracteristica_231,caracteristica_232,caracteristica_233,caracteristica_234,caracteristica_235,caracteristica_236,caracteristica_237,caracteristica_238,caracteristica_239,caracteristica_240,caracteristica_241,caracteristica_242,caracteristica_243,caracteristica_244,caracteristica_245,caracteristica_246,caracteristica_247,caracteristica_248,caracteristica_249,caracteristica_250,caracteristica_251,caracteristica_252,caracteristica_253,caracteristica_254,caracteristica_255,caracteristica_256,caracteristica_257,caracteristica_258,caracteristica_259,caracteristica_260,caracteristica_261,caracteristica_262,caracteristica_263,caracteristica_264,caracteristica_265,caracteristica_266,caracteristica_267,caracteristica_268,caracteristica_269,caracteristica_270,caracteristica_271,caracteristica_272,caracteristica_273,caracteristica_274,caracteristica_275,caracteristica_276,caracteristica_277,caracteristica_278,caracteristica_279,caracteristica_280,caracteristica_281,caracteristica_282,caracteristica_283,caracteristica_284,caracteristica_285,caracteristica_286,caracteristica_287,caracteristica_288,caracteristica_289,caracteristica_290,caracteristica_291,caracteristica_292,caracteristica_293,caracteristica_294,caracteristica_295,caracteristica_296,caracteristica_297,caracteristica_298,caracteristica_299,caracteristica_300,caracteristica_301,caracteristica_302,caracteristica_303,caracteristica_304,caracteristica_305,caracteristica_306,caracteristica_307,caracteristica_308,caracteristica_309,caracteristica_310,caracteristica_311,caracteristica_312,caracteristica_313,caracteristica_314,caracteristica_315,caracteristica_316,caracteristica_317,caracteristica_318,caracteristica_319,caracteristica_320,caracteristica_321,caracteristica_322,caracteristica_323,caracteristica_324,caracteristica_325,caracteristica_326,caracteristica_327,caracteristica_328,caracteristica_329,caracteristica_330,caracteristica_331,caracteristica_332,caracteristica_333,caracteristica_334,caracteristica_335,caracteristica_336,caracteristica_337,caracteristica_338,caracteristica_339,caracteristica_340,caracteristica_341,caracteristica_342,caracteristica_343,caracteristica_344,caracteristica_345,caracteristica_346,caracteristica_347,caracteristica_348,caracteristica_349,caracteristica_350,caracteristica_351,caracteristica_352,caracteristica_353,caracteristica_354,caracteristica_355,caracteristica_356,caracteristica_357,caracteristica_358,caracteristica_359,caracteristica_360,caracteristica_361,caracteristica_362,caracteristica_363,caracteristica_364,caracteristica_365,caracteristica_366,caracteristica_367,caracteristica_368,caracteristica_369,caracteristica_370,caracteristica_371,caracteristica_372,caracteristica_373,caracteristica_374,caracteristica_375,caracteristica_376,caracteristica_377,caracteristica_378,caracteristica_379,caracteristica_380,caracteristica_381,caracteristica_382,caracteristica_383,caracteristica_384,caracteristica_385,caracteristica_386,caracteristica_387,caracteristica_388,caracteristica_389,caracteristica_390,caracteristica_391,caracteristica_392,caracteristica_393,caracteristica_394,caracteristica_395,caracteristica_396,caracteristica_397,caracteristica_398,caracteristica_399,caracteristica_400,caracteristica_401,caracteristica_402,caracteristica_403,caracteristica_404,caracteristica_405,caracteristica_406,caracteristica_407,caracteristica_408,caracteristica_409,caracteristica_410,caracteristica_411,caracteristica_412,caracteristica_413,caracteristica_414,caracteristica_415,caracteristica_416,caracteristica_417,caracteristica_418,caracteristica_419,caracteristica_420,caracteristica_421,caracteristica_422,caracteristica_423,caracteristica_424,caracteristica_425,caracteristica_426,caracteristica_427,caracteristica_428,caracteristica_429,caracteristica_430,caracteristica_431,caracteristica_432,caracteristica_433,caracteristica_434,caracteristica_435,caracteristica_436,caracteristica_437,caracteristica_438,caracteristica_439,caracteristica_440,caracteristica_441,caracteristica_442,caracteristica_443,caracteristica_444,caracteristica_445,caracteristica_446,caracteristica_447,caracteristica_448,caracteristica_449,caracteristica_450,caracteristica_451,caracteristica_452,caracteristica_453,caracteristica_454,caracteristica_455,caracteristica_456,caracteristica_457,caracteristica_458,caracteristica_459,caracteristica_460,caracteristica_461,caracteristica_462,caracteristica_463,caracteristica_464,caracteristica_465,caracteristica_466,caracteristica_467,caracteristica_468,caracteristica_469,caracteristica_470,caracteristica_471,caracteristica_472,caracteristica_473,caracteristica_474,caracteristica_475,caracteristica_476,caracteristica_477,caracteristica_478,caracteristica_479,caracteristica_480,caracteristica_481,caracteristica_482,caracteristica_483,caracteristica_484,caracteristica_485,caracteristica_486,caracteristica_487,caracteristica_488,caracteristica_489,caracteristica_490,caracteristica_491,caracteristica_492,caracteristica_493,caracteristica_494,caracteristica_495,caracteristica_496,caracteristica_497,caracteristica_498,caracteristica_499,caracteristica_500,caracteristica_501,caracteristica_502,caracteristica_503,caracteristica_504,caracteristica_505,caracteristica_506,caracteristica_507,caracteristica_508,caracteristica_509,caracteristica_510,caracteristica_511,caracteristica_512,caracteristica_513,caracteristica_514,caracteristica_515,caracteristica_516,caracteristica_517,caracteristica_518,caracteristica_519,caracteristica_520,caracteristica_521,caracteristica_522,caracteristica_523,caracteristica_524,caracteristica_525,caracteristica_526,caracteristica_527,caracteristica_528,caracteristica_529,caracteristica_530,caracteristica_531,caracteristica_532,caracteristica_533,caracteristica_534,caracteristica_535,caracteristica_536,caracteristica_537,caracteristica_538,caracteristica_539,caracteristica_540,caracteristica_541,caracteristica_542,caracteristica_543,caracteristica_544,caracteristica_545,caracteristica_546,caracteristica_547,caracteristica_548,caracteristica_549,caracteristica_550,caracteristica_551,caracteristica_552,caracteristica_553,caracteristica_554,caracteristica_555,caracteristica_556,caracteristica_557,caracteristica_558,caracteristica_559,caracteristica_560,caracteristica_561,caracteristica_562,caracteristica_563,caracteristica_564,caracteristica_565,caracteristica_566,caracteristica_567,caracteristica_568,caracteristica_569,caracteristica_570,caracteristica_571,caracteristica_572,caracteristica_573,caracteristica_574,caracteristica_575,caracteristica_576,caracteristica_577,caracteristica_578,caracteristica_579,caracteristica_580,caracteristica_581,caracteristica_582,caracteristica_583,caracteristica_584,caracteristica_585,caracteristica_586,caracteristica_587,caracteristica_588,caracteristica_589,caracteristica_590,caracteristica_591,caracteristica_592,caracteristica_593,caracteristica_594,caracteristica_595,caracteristica_596,caracteristica_597,caracteristica_598,caracteristica_599,caracteristica_600,caracteristica_601,caracteristica_602,caracteristica_603,caracteristica_604,caracteristica_605,caracteristica_606,caracteristica_607,caracteristica_608,caracteristica_609,caracteristica_610,caracteristica_611,caracteristica_612,caracteristica_613,caracteristica_614,caracteristica_615,caracteristica_616,caracteristica_617,caracteristica_618,caracteristica_619,caracteristica_620,caracteristica_621,caracteristica_622,caracteristica_623,caracteristica_624,caracteristica_625,caracteristica_626,caracteristica_627,caracteristica_628,caracteristica_629,caracteristica_630,caracteristica_631,caracteristica_632,caracteristica_633,caracteristica_634,caracteristica_635,caracteristica_636,caracteristica_637,caracteristica_638,caracteristica_639,caracteristica_640,caracteristica_641,caracteristica_642,caracteristica_643,caracteristica_644,caracteristica_645,caracteristica_646,caracteristica_647,caracteristica_648,caracteristica_649,caracteristica_650,caracteristica_651,caracteristica_652,caracteristica_653,caracteristica_654,caracteristica_655,caracteristica_656,caracteristica_657,caracteristica_658,caracteristica_659,caracteristica_660,caracteristica_661,caracteristica_662,caracteristica_663,caracteristica_664,caracteristica_665,caracteristica_666,caracteristica_667,caracteristica_668,caracteristica_669,caracteristica_670,caracteristica_671,caracteristica_672,caracteristica_673,caracteristica_674,caracteristica_675,caracteristica_676,caracteristica_677,caracteristica_678,caracteristica_679,caracteristica_680,caracteristica_681,caracteristica_682,caracteristica_683,caracteristica_684,caracteristica_685,caracteristica_686,caracteristica_687,caracteristica_688,caracteristica_689,caracteristica_690,caracteristica_691,caracteristica_692,caracteristica_693,caracteristica_694,caracteristica_695,caracteristica_696,caracteristica_697,caracteristica_698,caracteristica_699,caracteristica_700,caracteristica_701,caracteristica_702,caracteristica_703,caracteristica_704,caracteristica_705,caracteristica_706,caracteristica_707,caracteristica_708,caracteristica_709,caracteristica_710,caracteristica_711,caracteristica_712,caracteristica_713,caracteristica_714,caracteristica_715,caracteristica_716,caracteristica_717,caracteristica_718,caracteristica_719,caracteristica_720,caracteristica_721,caracteristica_722,caracteristica_723,caracteristica_724,caracteristica_725,caracteristica_726,caracteristica_727,caracteristica_728,caracteristica_729,caracteristica_730,caracteristica_731,caracteristica_732,caracteristica_733,caracteristica_734,caracteristica_735,caracteristica_736,caracteristica_737,caracteristica_738,caracteristica_739,caracteristica_740,caracteristica_741,caracteristica_742,caracteristica_743,caracteristica_744,caracteristica_745,caracteristica_746,caracteristica_747,caracteristica_748,caracteristica_749,caracteristica_750,caracteristica_751,caracteristica_752,caracteristica_753,caracteristica_754,caracteristica_755,caracteristica_756,caracteristica_757,caracteristica_758,caracteristica_759,caracteristica_760,caracteristica_761,caracteristica_762,caracteristica_763,caracteristica_764,caracteristica_765,caracteristica_766,caracteristica_767,caracteristica_768,caracteristica_769,caracteristica_770,caracteristica_771,caracteristica_772,caracteristica_773,caracteristica_774,caracteristica_775,caracteristica_776,caracteristica_777,caracteristica_778,caracteristica_779,caracteristica_780,caracteristica_781,caracteristica_782,caracteristica_783,caracteristica_784,caracteristica_785,caracteristica_786,caracteristica_787,caracteristica_788,caracteristica_789,caracteristica_790,caracteristica_791,caracteristica_792,caracteristica_793,caracteristica_794,caracteristica_795,caracteristica_796,caracteristica_797,caracteristica_798,caracteristica_799,caracteristica_800,caracteristica_801,caracteristica_802,caracteristica_803,caracteristica_804,caracteristica_805,caracteristica_806,caracteristica_807,caracteristica_808,caracteristica_809,caracteristica_810,caracteristica_811,caracteristica_812,caracteristica_813,caracteristica_814,caracteristica_815,caracteristica_816,caracteristica_817,caracteristica_818,caracteristica_819,caracteristica_820,caracteristica_821,caracteristica_822,caracteristica_823,caracteristica_824,caracteristica_825,caracteristica_826,caracteristica_827,caracteristica_828,caracteristica_829,caracteristica_830,caracteristica_831,caracteristica_832,caracteristica_833,caracteristica_834,caracteristica_835,caracteristica_836,caracteristica_837,caracteristica_838,caracteristica_839,caracteristica_840,caracteristica_841,caracteristica_842,caracteristica_843,caracteristica_844,caracteristica_845,caracteristica_846,caracteristica_847,caracteristica_848,caracteristica_849,caracteristica_850,caracteristica_851,caracteristica_852,caracteristica_853,caracteristica_854,caracteristica_855,caracteristica_856,caracteristica_857,caracteristica_858,caracteristica_859,caracteristica_860,caracteristica_861,caracteristica_862,caracteristica_863,caracteristica_864,caracteristica_865,caracteristica_866,caracteristica_867,caracteristica_868,caracteristica_869,caracteristica_870,caracteristica_871,caracteristica_872,caracteristica_873,caracteristica_874,caracteristica_875,caracteristica_876,caracteristica_877,caracteristica_878,caracteristica_879,caracteristica_880,caracteristica_881,caracteristica_882,caracteristica_883,caracteristica_884,caracteristica_885,caracteristica_886,caracteristica_887,caracteristica_888,caracteristica_889,caracteristica_890,caracteristica_891,caracteristica_892,caracteristica_893,caracteristica_894,caracteristica_895,caracteristica_896,caracteristica_897,caracteristica_898,caracteristica_899,caracteristica_900,caracteristica_901,caracteristica_902,caracteristica_903,caracteristica_904,caracteristica_905,caracteristica_906,caracteristica_907,caracteristica_908,caracteristica_909,caracteristica_910,caracteristica_911,caracteristica_912,caracteristica_913,caracteristica_914,caracteristica_915,caracteristica_916,caracteristica_917,caracteristica_918,caracteristica_919,caracteristica_920,caracteristica_921,caracteristica_922,caracteristica_923,caracteristica_924,caracteristica_925,caracteristica_926,caracteristica_927,caracteristica_928,caracteristica_929,caracteristica_930,caracteristica_931,caracteristica_932,caracteristica_933,caracteristica_934,caracteristica_935,caracteristica_936,caracteristica_937,caracteristica_938,caracteristica_939,caracteristica_940,caracteristica_941,caracteristica_942,caracteristica_943,caracteristica_944,caracteristica_945,caracteristica_946,caracteristica_947,caracteristica_948,caracteristica_949,caracteristica_950,caracteristica_951,caracteristica_952,caracteristica_953,caracteristica_954,caracteristica_955,caracteristica_956,caracteristica_957,caracteristica_958,caracteristica_959,caracteristica_960,caracteristica_961,caracteristica_962,caracteristica_963,caracteristica_964,caracteristica_965,caracteristica_966,caracteristica_967,caracteristica_968,caracteristica_969,caracteristica_970,caracteristica_971,caracteristica_972,caracteristica_973,caracteristica_974,caracteristica_975,caracteristica_976,caracteristica_977,caracteristica_978,caracteristica_979,caracteristica_980,caracteristica_981,caracteristica_982,caracteristica_983,caracteristica_984,caracteristica_985,caracteristica_986,caracteristica_987,caracteristica_988,caracteristica_989,caracteristica_990,caracteristica_991,caracteristica_992,caracteristica_993,caracteristica_994,caracteristica_995,caracteristica_996,caracteristica_997,caracteristica_998,caracteristica_999,caracteristica_1000,caracteristica_1001,caracteristica_1002,caracteristica_1003,caracteristica_1004,caracteristica_1005,caracteristica_1006,caracteristica_1007,caracteristica_1008,caracteristica_1009,caracteristica_1010,caracteristica_1011,caracteristica_1012,caracteristica_1013,caracteristica_1014,caracteristica_1015,caracteristica_1016,caracteristica_1017,caracteristica_1018,caracteristica_1019,caracteristica_1020,caracteristica_1021,caracteristica_1022,caracteristica_1023,caracteristica_1024,caracteristica_1025,caracteristica_1026,caracteristica_1027,caracteristica_1028,caracteristica_1029,caracteristica_1030,caracteristica_1031,caracteristica_1032,caracteristica_1033,caracteristica_1034,caracteristica_1035,caracteristica_1036,caracteristica_1037,caracteristica_1038,caracteristica_1039,caracteristica_1040,caracteristica_1041,caracteristica_1042,caracteristica_1043,caracteristica_1044,caracteristica_1045,caracteristica_1046,caracteristica_1047,caracteristica_1048,caracteristica_1049,caracteristica_1050,caracteristica_1051,caracteristica_1052,caracteristica_1053,caracteristica_1054,caracteristica_1055,caracteristica_1056,caracteristica_1057,caracteristica_1058,caracteristica_1059,caracteristica_1060,caracteristica_1061,caracteristica_1062,caracteristica_1063,caracteristica_1064,caracteristica_1065,caracteristica_1066,caracteristica_1067,caracteristica_1068,caracteristica_1069,caracteristica_1070,caracteristica_1071,caracteristica_1072,caracteristica_1073,caracteristica_1074,caracteristica_1075,caracteristica_1076,caracteristica_1077,caracteristica_1078,caracteristica_1079,caracteristica_1080,caracteristica_1081,caracteristica_1082,caracteristica_1083,caracteristica_1084,caracteristica_1085,caracteristica_1086,caracteristica_1087,caracteristica_1088,caracteristica_1089,caracteristica_1090,caracteristica_1091,caracteristica_1092,caracteristica_1093,caracteristica_1094,caracteristica_1095,caracteristica_1096,caracteristica_1097,caracteristica_1098,caracteristica_1099,caracteristica_1100,caracteristica_1101,caracteristica_1102,caracteristica_1103,caracteristica_1104,caracteristica_1105,caracteristica_1106,caracteristica_1107,caracteristica_1108,caracteristica_1109,caracteristica_1110,caracteristica_1111,caracteristica_1112,caracteristica_1113,caracteristica_1114,caracteristica_1115,caracteristica_1116,caracteristica_1117,caracteristica_1118,caracteristica_1119,caracteristica_1120,caracteristica_1121,caracteristica_1122,caracteristica_1123,caracteristica_1124,caracteristica_1125,caracteristica_1126,caracteristica_1127,caracteristica_1128,caracteristica_1129,caracteristica_1130,caracteristica_1131,caracteristica_1132,caracteristica_1133,caracteristica_1134,caracteristica_1135,caracteristica_1136,caracteristica_1137,caracteristica_1138,caracteristica_1139,caracteristica_1140,caracteristica_1141,caracteristica_1142,caracteristica_1143,caracteristica_1144,caracteristica_1145,caracteristica_1146,caracteristica_1147,caracteristica_1148,caracteristica_1149,caracteristica_1150,caracteristica_1151,caracteristica_1152,caracteristica_1153,caracteristica_1154,caracteristica_1155,caracteristica_1156,caracteristica_1157,caracteristica_1158,caracteristica_1159,caracteristica_1160,caracteristica_1161,caracteristica_1162,caracteristica_1163,caracteristica_1164,caracteristica_1165,caracteristica_1166,caracteristica_1167,caracteristica_1168,caracteristica_1169,caracteristica_1170,caracteristica_1171,caracteristica_1172,caracteristica_1173,caracteristica_1174,caracteristica_1175,caracteristica_1176,caracteristica_1177,caracteristica_1178,caracteristica_1179,caracteristica_1180,caracteristica_1181,caracteristica_1182,caracteristica_1183,caracteristica_1184,caracteristica_1185,caracteristica_1186,caracteristica_1187,caracteristica_1188,caracteristica_1189,caracteristica_1190,caracteristica_1191,caracteristica_1192,caracteristica_1193,caracteristica_1194,caracteristica_1195,caracteristica_1196,caracteristica_1197,caracteristica_1198,caracteristica_1199,caracteristica_1200,caracteristica_1201,caracteristica_1202,caracteristica_1203,caracteristica_1204,caracteristica_1205,caracteristica_1206,caracteristica_1207,caracteristica_1208,caracteristica_1209,caracteristica_1210,caracteristica_1211,caracteristica_1212,caracteristica_1213,caracteristica_1214,caracteristica_1215,caracteristica_1216,caracteristica_1217,caracteristica_1218,caracteristica_1219,caracteristica_1220,caracteristica_1221,caracteristica_1222,caracteristica_1223,caracteristica_1224,caracteristica_1225,caracteristica_1226,caracteristica_1227,caracteristica_1228,caracteristica_1229,caracteristica_1230,caracteristica_1231,caracteristica_1232,caracteristica_1233,caracteristica_1234,caracteristica_1235,caracteristica_1236,caracteristica_1237,caracteristica_1238,caracteristica_1239,caracteristica_1240,caracteristica_1241,caracteristica_1242,caracteristica_1243,caracteristica_1244,caracteristica_1245,caracteristica_1246,caracteristica_1247,caracteristica_1248,caracteristica_1249,caracteristica_1250,caracteristica_1251,caracteristica_1252,caracteristica_1253,caracteristica_1254,caracteristica_1255,caracteristica_1256,caracteristica_1257,caracteristica_1258,caracteristica_1259,caracteristica_1260,caracteristica_1261,caracteristica_1262,caracteristica_1263,caracteristica_1264,caracteristica_1265,caracteristica_1266,caracteristica_1267,caracteristica_1268,caracteristica_1269,caracteristica_1270,caracteristica_1271,caracteristica_1272,caracteristica_1273,caracteristica_1274,caracteristica_1275,caracteristica_1276,caracteristica_1277,caracteristica_1278,caracteristica_1279,caracteristica_1280,caracteristica_1281,caracteristica_1282,caracteristica_1283,caracteristica_1284,caracteristica_1285,caracteristica_1286,caracteristica_1287,caracteristica_1288,caracteristica_1289,caracteristica_1290,caracteristica_1291,caracteristica_1292,caracteristica_1293,caracteristica_1294,caracteristica_1295,caracteristica_1296,caracteristica_1297,caracteristica_1298,caracteristica_1299,caracteristica_1300,caracteristica_1301,caracteristica_1302,caracteristica_1303,caracteristica_1304,caracteristica_1305,caracteristica_1306,caracteristica_1307,caracteristica_1308,caracteristica_1309,caracteristica_1310,caracteristica_1311,caracteristica_1312,caracteristica_1313,caracteristica_1314,caracteristica_1315,caracteristica_1316,caracteristica_1317,caracteristica_1318,caracteristica_1319,caracteristica_1320,caracteristica_1321,caracteristica_1322,caracteristica_1323,caracteristica_1324,caracteristica_1325,caracteristica_1326,caracteristica_1327,caracteristica_1328,caracteristica_1329,caracteristica_1330,caracteristica_1331,caracteristica_1332,caracteristica_1333,caracteristica_1334,caracteristica_1335,caracteristica_1336,caracteristica_1337,caracteristica_1338,caracteristica_1339,caracteristica_1340,caracteristica_1341,caracteristica_1342,caracteristica_1343,caracteristica_1344,caracteristica_1345,caracteristica_1346,caracteristica_1347,caracteristica_1348,caracteristica_1349,caracteristica_1350,caracteristica_1351,caracteristica_1352,caracteristica_1353,caracteristica_1354,caracteristica_1355,caracteristica_1356,caracteristica_1357,caracteristica_1358,caracteristica_1359,caracteristica_1360,caracteristica_1361,caracteristica_1362,caracteristica_1363,caracteristica_1364,caracteristica_1365,caracteristica_1366,caracteristica_1367,caracteristica_1368,caracteristica_1369,caracteristica_1370,caracteristica_1371,caracteristica_1372,caracteristica_1373,caracteristica_1374,caracteristica_1375,caracteristica_1376,caracteristica_1377,caracteristica_1378,caracteristica_1379,caracteristica_1380,caracteristica_1381,caracteristica_1382,caracteristica_1383,caracteristica_1384,caracteristica_1385,caracteristica_1386,caracteristica_1387,caracteristica_1388,caracteristica_1389,caracteristica_1390,caracteristica_1391,caracteristica_1392,caracteristica_1393,caracteristica_1394,caracteristica_1395,caracteristica_1396,caracteristica_1397,caracteristica_1398,caracteristica_1399,caracteristica_1400,caracteristica_1401,caracteristica_1402,caracteristica_1403,caracteristica_1404,caracteristica_1405,caracteristica_1406,caracteristica_1407,caracteristica_1408,caracteristica_1409,caracteristica_1410,caracteristica_1411,caracteristica_1412,caracteristica_1413,caracteristica_1414,caracteristica_1415,caracteristica_1416,caracteristica_1417,caracteristica_1418,caracteristica_1419,caracteristica_1420,caracteristica_1421,caracteristica_1422,caracteristica_1423,caracteristica_1424,caracteristica_1425,caracteristica_1426,caracteristica_1427,caracteristica_1428,caracteristica_1429,caracteristica_1430,caracteristica_1431,caracteristica_1432,caracteristica_1433,caracteristica_1434,caracteristica_1435,caracteristica_1436,caracteristica_1437,caracteristica_1438,caracteristica_1439,caracteristica_1440,caracteristica_1441,caracteristica_1442,caracteristica_1443,caracteristica_1444,caracteristica_1445,caracteristica_1446,caracteristica_1447,caracteristica_1448,caracteristica_1449,caracteristica_1450,caracteristica_1451,caracteristica_1452,caracteristica_1453,caracteristica_1454,caracteristica_1455,caracteristica_1456,caracteristica_1457,caracteristica_1458,caracteristica_1459,caracteristica_1460,caracteristica_1461,caracteristica_1462,caracteristica_1463,caracteristica_1464,caracteristica_1465,caracteristica_1466,caracteristica_1467,caracteristica_1468,caracteristica_1469,caracteristica_1470,caracteristica_1471,caracteristica_1472,caracteristica_1473,caracteristica_1474,caracteristica_1475,caracteristica_1476,caracteristica_1477,caracteristica_1478,caracteristica_1479,caracteristica_1480,caracteristica_1481,caracteristica_1482,caracteristica_1483,caracteristica_1484,caracteristica_1485,caracteristica_1486,caracteristica_1487,caracteristica_1488,caracteristica_1489,caracteristica_1490,caracteristica_1491,caracteristica_1492,caracteristica_1493,caracteristica_1494,caracteristica_1495,caracteristica_1496,caracteristica_1497,caracteristica_1498,caracteristica_1499,caracteristica_1500,caracteristica_1501,caracteristica_1502,caracteristica_1503,caracteristica_1504,caracteristica_1505,caracteristica_1506,caracteristica_1507,caracteristica_1508,caracteristica_1509,caracteristica_1510,caracteristica_1511,caracteristica_1512,caracteristica_1513,caracteristica_1514,caracteristica_1515,caracteristica_1516,caracteristica_1517,caracteristica_1518,caracteristica_1519,caracteristica_1520,caracteristica_1521,caracteristica_1522,caracteristica_1523,caracteristica_1524,caracteristica_1525,caracteristica_1526,caracteristica_1527,caracteristica_1528,caracteristica_1529,caracteristica_1530,caracteristica_1531,caracteristica_1532,caracteristica_1533,caracteristica_1534,caracteristica_1535,caracteristica_1536,caracteristica_1537,caracteristica_1538,caracteristica_1539,caracteristica_1540,caracteristica_1541,caracteristica_1542,caracteristica_1543,caracteristica_1544,caracteristica_1545,caracteristica_1546,caracteristica_1547,caracteristica_1548,caracteristica_1549,caracteristica_1550,caracteristica_1551,caracteristica_1552,caracteristica_1553,caracteristica_1554,caracteristica_1555,caracteristica_1556,caracteristica_1557,caracteristica_1558,caracteristica_1559,caracteristica_1560,caracteristica_1561,caracteristica_1562,caracteristica_1563,caracteristica_1564,caracteristica_1565,caracteristica_1566,caracteristica_1567,caracteristica_1568,caracteristica_1569,caracteristica_1570,caracteristica_1571,caracteristica_1572,caracteristica_1573,caracteristica_1574,caracteristica_1575,caracteristica_1576,caracteristica_1577,caracteristica_1578,caracteristica_1579,caracteristica_1580,caracteristica_1581,caracteristica_1582,caracteristica_1583,caracteristica_1584,caracteristica_1585,caracteristica_1586,caracteristica_1587,caracteristica_1588,caracteristica_1589,caracteristica_1590,caracteristica_1591,caracteristica_1592,caracteristica_1593,caracteristica_1594,caracteristica_1595,caracteristica_1596,caracteristica_1597,caracteristica_1598,caracteristica_1599,caracteristica_1600,caracteristica_1601,caracteristica_1602,caracteristica_1603,caracteristica_1604,caracteristica_1605,caracteristica_1606,caracteristica_1607,caracteristica_1608,caracteristica_1609,caracteristica_1610,caracteristica_1611,caracteristica_1612,caracteristica_1613,caracteristica_1614,caracteristica_1615,caracteristica_1616,caracteristica_1617,caracteristica_1618,caracteristica_1619,caracteristica_1620,caracteristica_1621,caracteristica_1622,caracteristica_1623,caracteristica_1624,caracteristica_1625,caracteristica_1626,caracteristica_1627,caracteristica_1628,caracteristica_1629,caracteristica_1630,caracteristica_1631,caracteristica_1632,caracteristica_1633,caracteristica_1634,caracteristica_1635,caracteristica_1636,caracteristica_1637,caracteristica_1638,caracteristica_1639,caracteristica_1640,caracteristica_1641,caracteristica_1642,caracteristica_1643,caracteristica_1644,caracteristica_1645,caracteristica_1646,caracteristica_1647,caracteristica_1648,caracteristica_1649,caracteristica_1650,caracteristica_1651,caracteristica_1652,caracteristica_1653,caracteristica_1654,caracteristica_1655,caracteristica_1656,caracteristica_1657,caracteristica_1658,caracteristica_1659,caracteristica_1660,caracteristica_1661,caracteristica_1662,caracteristica_1663,caracteristica_1664,caracteristica_1665,caracteristica_1666,caracteristica_1667,caracteristica_1668,caracteristica_1669,caracteristica_1670,caracteristica_1671,caracteristica_1672,caracteristica_1673,caracteristica_1674,caracteristica_1675,caracteristica_1676,caracteristica_1677,caracteristica_1678,caracteristica_1679,caracteristica_1680,caracteristica_1681,caracteristica_1682,caracteristica_1683,caracteristica_1684,caracteristica_1685,caracteristica_1686,caracteristica_1687,caracteristica_1688,caracteristica_1689,caracteristica_1690,caracteristica_1691,caracteristica_1692,caracteristica_1693,caracteristica_1694,caracteristica_1695,caracteristica_1696,caracteristica_1697,caracteristica_1698,caracteristica_1699,caracteristica_1700,caracteristica_1701,caracteristica_1702,caracteristica_1703,caracteristica_1704,caracteristica_1705,caracteristica_1706,caracteristica_1707,caracteristica_1708,caracteristica_1709,caracteristica_1710,caracteristica_1711,caracteristica_1712,caracteristica_1713,caracteristica_1714,caracteristica_1715,caracteristica_1716,caracteristica_1717,caracteristica_1718,caracteristica_1719,caracteristica_1720,caracteristica_1721,caracteristica_1722,caracteristica_1723,caracteristica_1724,caracteristica_1725,caracteristica_1726,caracteristica_1727,caracteristica_1728,caracteristica_1729,caracteristica_1730,caracteristica_1731,caracteristica_1732,caracteristica_1733,caracteristica_1734,caracteristica_1735,caracteristica_1736,caracteristica_1737,caracteristica_1738,caracteristica_1739,caracteristica_1740,caracteristica_1741,caracteristica_1742,caracteristica_1743,caracteristica_1744,caracteristica_1745,caracteristica_1746,caracteristica_1747,caracteristica_1748,caracteristica_1749,caracteristica_1750,caracteristica_1751,caracteristica_1752,caracteristica_1753,caracteristica_1754,caracteristica_1755,caracteristica_1756,caracteristica_1757,caracteristica_1758,caracteristica_1759,caracteristica_1760,caracteristica_1761,caracteristica_1762,caracteristica_1763,caracteristica_1764,caracteristica_1765,caracteristica_1766,caracteristica_1767,caracteristica_1768,caracteristica_1769,caracteristica_1770,caracteristica_1771,caracteristica_1772,caracteristica_1773,caracteristica_1774,caracteristica_1775,caracteristica_1776,caracteristica_1777,caracteristica_1778,caracteristica_1779,caracteristica_1780,caracteristica_1781,caracteristica_1782,caracteristica_1783,caracteristica_1784,caracteristica_1785,caracteristica_1786,caracteristica_1787,caracteristica_1788,caracteristica_1789,caracteristica_1790,caracteristica_1791,caracteristica_1792,caracteristica_1793,caracteristica_1794,caracteristica_1795,caracteristica_1796,caracteristica_1797,caracteristica_1798,caracteristica_1799,caracteristica_1800,caracteristica_1801,caracteristica_1802,caracteristica_1803,caracteristica_1804,caracteristica_1805,caracteristica_1806,caracteristica_1807,caracteristica_1808,caracteristica_1809,caracteristica_1810,caracteristica_1811,caracteristica_1812,caracteristica_1813,caracteristica_1814,caracteristica_1815,caracteristica_1816,caracteristica_1817,caracteristica_1818,caracteristica_1819,caracteristica_1820,caracteristica_1821,caracteristica_1822,caracteristica_1823,caracteristica_1824,caracteristica_1825,caracteristica_1826,caracteristica_1827,caracteristica_1828,caracteristica_1829,caracteristica_1830,caracteristica_1831,caracteristica_1832,caracteristica_1833,caracteristica_1834,caracteristica_1835,caracteristica_1836,caracteristica_1837,caracteristica_1838,caracteristica_1839,caracteristica_1840,caracteristica_1841,caracteristica_1842,caracteristica_1843,caracteristica_1844,caracteristica_1845,caracteristica_1846,caracteristica_1847,caracteristica_1848,caracteristica_1849,caracteristica_1850,caracteristica_1851,caracteristica_1852,caracteristica_1853,caracteristica_1854,caracteristica_1855,caracteristica_1856,caracteristica_1857,caracteristica_1858,caracteristica_1859,caracteristica_1860,caracteristica_1861,caracteristica_1862,caracteristica_1863,caracteristica_1864,caracteristica_1865,caracteristica_1866,caracteristica_1867,caracteristica_1868,caracteristica_1869,caracteristica_1870,caracteristica_1871,caracteristica_1872,caracteristica_1873,caracteristica_1874,caracteristica_1875,caracteristica_1876,caracteristica_1877,caracteristica_1878,caracteristica_1879,caracteristica_1880,caracteristica_1881,caracteristica_1882,caracteristica_1883,caracteristica_1884,caracteristica_1885,caracteristica_1886,caracteristica_1887,caracteristica_1888,caracteristica_1889,caracteristica_1890,caracteristica_1891,caracteristica_1892,caracteristica_1893,caracteristica_1894,caracteristica_1895,caracteristica_1896,caracteristica_1897,caracteristica_1898,caracteristica_1899,caracteristica_1900,caracteristica_1901,caracteristica_1902,caracteristica_1903,caracteristica_1904,caracteristica_1905,caracteristica_1906,caracteristica_1907,caracteristica_1908,caracteristica_1909,caracteristica_1910,caracteristica_1911,caracteristica_1912,caracteristica_1913,caracteristica_1914,caracteristica_1915,caracteristica_1916,caracteristica_1917,caracteristica_1918,caracteristica_1919,caracteristica_1920,caracteristica_1921,caracteristica_1922,caracteristica_1923,caracteristica_1924,caracteristica_1925,caracteristica_1926,caracteristica_1927,caracteristica_1928,caracteristica_1929,caracteristica_1930,caracteristica_1931,caracteristica_1932,caracteristica_1933,caracteristica_1934,caracteristica_1935,caracteristica_1936,caracteristica_1937,caracteristica_1938,caracteristica_1939,caracteristica_1940,caracteristica_1941,caracteristica_1942,caracteristica_1943,caracteristica_1944,caracteristica_1945,caracteristica_1946,caracteristica_1947,caracteristica_1948,caracteristica_1949,caracteristica_1950,caracteristica_1951,caracteristica_1952,caracteristica_1953,caracteristica_1954,caracteristica_1955,caracteristica_1956,caracteristica_1957,caracteristica_1958,caracteristica_1959,caracteristica_1960,caracteristica_1961,caracteristica_1962,caracteristica_1963,caracteristica_1964,caracteristica_1965,caracteristica_1966,caracteristica_1967,caracteristica_1968,caracteristica_1969,caracteristica_1970,caracteristica_1971,caracteristica_1972,caracteristica_1973,caracteristica_1974,caracteristica_1975,caracteristica_1976,caracteristica_1977,caracteristica_1978,caracteristica_1979,caracteristica_1980,caracteristica_1981,caracteristica_1982,caracteristica_1983,caracteristica_1984,caracteristica_1985,caracteristica_1986,caracteristica_1987,caracteristica_1988,caracteristica_1989,caracteristica_1990,caracteristica_1991,caracteristica_1992,caracteristica_1993,caracteristica_1994,caracteristica_1995,caracteristica_1996,caracteristica_1997,caracteristica_1998,caracteristica_1999,caracteristica_2000,caracteristica_2001,caracteristica_2002,caracteristica_2003,caracteristica_2004,caracteristica_2005,caracteristica_2006,caracteristica_2007,caracteristica_2008,caracteristica_2009,caracteristica_2010,caracteristica_2011,caracteristica_2012,caracteristica_2013,caracteristica_2014,caracteristica_2015,caracteristica_2016,caracteristica_2017,caracteristica_2018,caracteristica_2019,caracteristica_2020,caracteristica_2021,caracteristica_2022,caracteristica_2023,caracteristica_2024,caracteristica_2025,caracteristica_2026,caracteristica_2027,caracteristica_2028,caracteristica_2029,caracteristica_2030,caracteristica_2031,caracteristica_2032,caracteristica_2033,caracteristica_2034,caracteristica_2035,caracteristica_2036,caracteristica_2037,caracteristica_2038,caracteristica_2039,caracteristica_2040,caracteristica_2041,caracteristica_2042,caracteristica_2043,caracteristica_2044,caracteristica_2045,caracteristica_2046,caracteristica_2047,caracteristica_2048,caracteristica_2049,caracteristica_2050,caracteristica_2051,caracteristica_2052,caracteristica_2053,caracteristica_2054,caracteristica_2055,caracteristica_2056,caracteristica_2057,caracteristica_2058,caracteristica_2059,caracteristica_2060,caracteristica_2061,caracteristica_2062,caracteristica_2063,caracteristica_2064,caracteristica_2065,caracteristica_2066,caracteristica_2067,caracteristica_2068,caracteristica_2069,caracteristica_2070,caracteristica_2071,caracteristica_2072,caracteristica_2073,caracteristica_2074,caracteristica_2075,caracteristica_2076,caracteristica_2077,caracteristica_2078,caracteristica_2079,caracteristica_2080,caracteristica_2081,caracteristica_2082,caracteristica_2083,caracteristica_2084,caracteristica_2085,caracteristica_2086,caracteristica_2087,caracteristica_2088,caracteristica_2089,caracteristica_2090,caracteristica_2091,caracteristica_2092,caracteristica_2093,caracteristica_2094,caracteristica_2095,caracteristica_2096,caracteristica_2097,caracteristica_2098,caracteristica_2099,caracteristica_2100,caracteristica_2101,caracteristica_2102,caracteristica_2103,caracteristica_2104,caracteristica_2105,caracteristica_2106,caracteristica_2107,caracteristica_2108,caracteristica_2109,caracteristica_2110,caracteristica_2111,caracteristica_2112,caracteristica_2113,caracteristica_2114,caracteristica_2115,caracteristica_2116,caracteristica_2117,caracteristica_2118,caracteristica_2119,caracteristica_2120,caracteristica_2121,caracteristica_2122,caracteristica_2123,caracteristica_2124,caracteristica_2125,caracteristica_2126,caracteristica_2127,caracteristica_2128,caracteristica_2129,caracteristica_2130,caracteristica_2131,caracteristica_2132,caracteristica_2133,caracteristica_2134,caracteristica_2135,caracteristica_2136,caracteristica_2137,caracteristica_2138,caracteristica_2139,caracteristica_2140,caracteristica_2141,caracteristica_2142,caracteristica_2143,caracteristica_2144,caracteristica_2145,caracteristica_2146,caracteristica_2147,caracteristica_2148,caracteristica_2149,caracteristica_2150,caracteristica_2151,caracteristica_2152,caracteristica_2153,caracteristica_2154,caracteristica_2155,caracteristica_2156,caracteristica_2157,caracteristica_2158,caracteristica_2159,caracteristica_2160,caracteristica_2161,caracteristica_2162,caracteristica_2163,caracteristica_2164,caracteristica_2165,caracteristica_2166,caracteristica_2167,caracteristica_2168,caracteristica_2169,caracteristica_2170,caracteristica_2171,caracteristica_2172,caracteristica_2173,caracteristica_2174,caracteristica_2175,caracteristica_2176,caracteristica_2177,caracteristica_2178,caracteristica_2179,caracteristica_2180,caracteristica_2181,caracteristica_2182,caracteristica_2183,caracteristica_2184,caracteristica_2185,caracteristica_2186,caracteristica_2187,caracteristica_2188,caracteristica_2189,caracteristica_2190,caracteristica_2191,caracteristica_2192,caracteristica_2193,caracteristica_2194,caracteristica_2195,caracteristica_2196,caracteristica_2197,caracteristica_2198,caracteristica_2199,caracteristica_2200,caracteristica_2201,caracteristica_2202,caracteristica_2203,caracteristica_2204,caracteristica_2205,caracteristica_2206,caracteristica_2207,caracteristica_2208,caracteristica_2209,caracteristica_2210,caracteristica_2211,caracteristica_2212,caracteristica_2213,caracteristica_2214,caracteristica_2215,caracteristica_2216,caracteristica_2217,caracteristica_2218,caracteristica_2219,caracteristica_2220,caracteristica_2221,caracteristica_2222,caracteristica_2223,caracteristica_2224,caracteristica_2225,caracteristica_2226,caracteristica_2227,caracteristica_2228,caracteristica_2229,caracteristica_2230,caracteristica_2231,caracteristica_2232,caracteristica_2233,caracteristica_2234,caracteristica_2235,caracteristica_2236,caracteristica_2237,caracteristica_2238,caracteristica_2239,caracteristica_2240,caracteristica_2241,caracteristica_2242,caracteristica_2243,caracteristica_2244,caracteristica_2245,caracteristica_2246,caracteristica_2247,caracteristica_2248,caracteristica_2249,caracteristica_2250,caracteristica_2251,caracteristica_2252,caracteristica_2253,caracteristica_2254,caracteristica_2255,caracteristica_2256,caracteristica_2257,caracteristica_2258,caracteristica_2259,caracteristica_2260,caracteristica_2261,caracteristica_2262,caracteristica_2263,caracteristica_2264,caracteristica_2265,caracteristica_2266,caracteristica_2267,caracteristica_2268,caracteristica_2269,caracteristica_2270,caracteristica_2271,caracteristica_2272,caracteristica_2273,caracteristica_2274,caracteristica_2275,caracteristica_2276,caracteristica_2277,caracteristica_2278,caracteristica_2279,caracteristica_2280,caracteristica_2281,caracteristica_2282,caracteristica_2283,caracteristica_2284,caracteristica_2285,caracteristica_2286,caracteristica_2287,caracteristica_2288,caracteristica_2289,caracteristica_2290,caracteristica_2291,caracteristica_2292,caracteristica_2293,caracteristica_2294,caracteristica_2295,caracteristica_2296,caracteristica_2297,caracteristica_2298,caracteristica_2299,caracteristica_2300,caracteristica_2301,caracteristica_2302,caracteristica_2303,caracteristica_2304,caracteristica_2305,caracteristica_2306,caracteristica_2307,caracteristica_2308,caracteristica_2309,caracteristica_2310,caracteristica_2311,caracteristica_2312,caracteristica_2313,caracteristica_2314,caracteristica_2315,caracteristica_2316,caracteristica_2317,caracteristica_2318,caracteristica_2319,caracteristica_2320,caracteristica_2321,caracteristica_2322,caracteristica_2323,caracteristica_2324,caracteristica_2325,caracteristica_2326,caracteristica_2327,caracteristica_2328,caracteristica_2329,caracteristica_2330,caracteristica_2331,caracteristica_2332,caracteristica_2333,caracteristica_2334,caracteristica_2335,caracteristica_2336,caracteristica_2337,caracteristica_2338,caracteristica_2339,caracteristica_2340,caracteristica_2341,caracteristica_2342,caracteristica_2343,caracteristica_2344,caracteristica_2345,caracteristica_2346,caracteristica_2347,caracteristica_2348,caracteristica_2349,caracteristica_2350,caracteristica_2351,caracteristica_2352,caracteristica_2353,caracteristica_2354,caracteristica_2355,caracteristica_2356,caracteristica_2357,caracteristica_2358,caracteristica_2359,caracteristica_2360,caracteristica_2361,caracteristica_2362,caracteristica_2363,caracteristica_2364,caracteristica_2365,caracteristica_2366,caracteristica_2367,caracteristica_2368,caracteristica_2369,caracteristica_2370,caracteristica_2371,caracteristica_2372,caracteristica_2373,caracteristica_2374,caracteristica_2375,caracteristica_2376,caracteristica_2377,caracteristica_2378,caracteristica_2379,caracteristica_2380,caracteristica_2381,caracteristica_2382,caracteristica_2383,caracteristica_2384,caracteristica_2385,caracteristica_2386,caracteristica_2387,caracteristica_2388,caracteristica_2389,caracteristica_2390,caracteristica_2391,caracteristica_2392,caracteristica_2393,caracteristica_2394,caracteristica_2395,caracteristica_2396,caracteristica_2397,caracteristica_2398,caracteristica_2399,caracteristica_2400,caracteristica_2401,caracteristica_2402,caracteristica_2403,caracteristica_2404,caracteristica_2405,caracteristica_2406,caracteristica_2407,caracteristica_2408,caracteristica_2409,caracteristica_2410,caracteristica_2411,caracteristica_2412,caracteristica_2413,caracteristica_2414,caracteristica_2415,caracteristica_2416,caracteristica_2417,caracteristica_2418,caracteristica_2419,caracteristica_2420,caracteristica_2421,caracteristica_2422,caracteristica_2423,caracteristica_2424,caracteristica_2425,caracteristica_2426,caracteristica_2427,caracteristica_2428,caracteristica_2429,caracteristica_2430,caracteristica_2431,caracteristica_2432,caracteristica_2433,caracteristica_2434,caracteristica_2435,caracteristica_2436,caracteristica_2437,caracteristica_2438,caracteristica_2439,caracteristica_2440,caracteristica_2441,caracteristica_2442,caracteristica_2443,caracteristica_2444,caracteristica_2445,caracteristica_2446,caracteristica_2447,caracteristica_2448,caracteristica_2449,caracteristica_2450,caracteristica_2451,caracteristica_2452,caracteristica_2453,caracteristica_2454,caracteristica_2455,caracteristica_2456,caracteristica_2457,caracteristica_2458,caracteristica_2459,caracteristica_2460,caracteristica_2461,caracteristica_2462,caracteristica_2463,caracteristica_2464,caracteristica_2465,caracteristica_2466,caracteristica_2467,caracteristica_2468,caracteristica_2469,caracteristica_2470,caracteristica_2471,caracteristica_2472,caracteristica_2473,caracteristica_2474,caracteristica_2475,caracteristica_2476,caracteristica_2477,caracteristica_2478,caracteristica_2479,caracteristica_2480,caracteristica_2481,caracteristica_2482,caracteristica_2483,caracteristica_2484,caracteristica_2485,caracteristica_2486,caracteristica_2487,caracteristica_2488,caracteristica_2489,caracteristica_2490,caracteristica_2491,caracteristica_2492,caracteristica_2493,caracteristica_2494,caracteristica_2495,caracteristica_2496,caracteristica_2497,caracteristica_2498,caracteristica_2499,caracteristica_2500,caracteristica_2501,caracteristica_2502,caracteristica_2503,caracteristica_2504,caracteristica_2505,caracteristica_2506,caracteristica_2507,caracteristica_2508,caracteristica_2509,caracteristica_2510,caracteristica_2511,caracteristica_2512,caracteristica_2513,caracteristica_2514,caracteristica_2515,caracteristica_2516,caracteristica_2517,caracteristica_2518,caracteristica_2519,caracteristica_2520,caracteristica_2521,caracteristica_2522,caracteristica_2523,caracteristica_2524,caracteristica_2525,caracteristica_2526,caracteristica_2527,caracteristica_2528,caracteristica_2529,caracteristica_2530,caracteristica_2531,caracteristica_2532,caracteristica_2533,caracteristica_2534,caracteristica_2535,caracteristica_2536,caracteristica_2537,caracteristica_2538,caracteristica_2539,caracteristica_2540,caracteristica_2541,caracteristica_2542,caracteristica_2543,caracteristica_2544,caracteristica_2545,caracteristica_2546,caracteristica_2547,caracteristica_2548,caracteristica_2549,caracteristica_2550,caracteristica_2551,caracteristica_2552,caracteristica_2553,caracteristica_2554,caracteristica_2555,caracteristica_2556,caracteristica_2557,caracteristica_2558,caracteristica_2559,caracteristica_2560,caracteristica_2561,caracteristica_2562,caracteristica_2563,caracteristica_2564,caracteristica_2565,caracteristica_2566,caracteristica_2567,caracteristica_2568,caracteristica_2569,caracteristica_2570,caracteristica_2571,caracteristica_2572,caracteristica_2573,caracteristica_2574,caracteristica_2575,caracteristica_2576,caracteristica_2577,caracteristica_2578,caracteristica_2579,caracteristica_2580,caracteristica_2581,caracteristica_2582,caracteristica_2583,caracteristica_2584,caracteristica_2585,caracteristica_2586,caracteristica_2587,caracteristica_2588,caracteristica_2589,caracteristica_2590,caracteristica_2591,caracteristica_2592,caracteristica_2593,caracteristica_2594,caracteristica_2595,caracteristica_2596,caracteristica_2597,caracteristica_2598,caracteristica_2599,caracteristica_2600,caracteristica_2601,caracteristica_2602,caracteristica_2603,caracteristica_2604,caracteristica_2605,caracteristica_2606,caracteristica_2607,caracteristica_2608,caracteristica_2609,caracteristica_2610,caracteristica_2611,caracteristica_2612,caracteristica_2613,caracteristica_2614,caracteristica_2615,caracteristica_2616,caracteristica_2617,caracteristica_2618,caracteristica_2619,caracteristica_2620,caracteristica_2621,caracteristica_2622,caracteristica_2623,caracteristica_2624,caracteristica_2625,caracteristica_2626,caracteristica_2627,caracteristica_2628,caracteristica_2629,caracteristica_2630,caracteristica_2631,caracteristica_2632,caracteristica_2633,caracteristica_2634,caracteristica_2635,caracteristica_2636,caracteristica_2637,caracteristica_2638,caracteristica_2639,caracteristica_2640,caracteristica_2641,caracteristica_2642,caracteristica_2643,caracteristica_2644,caracteristica_2645,caracteristica_2646,caracteristica_2647,caracteristica_2648,caracteristica_2649,caracteristica_2650,caracteristica_2651,caracteristica_2652,caracteristica_2653,caracteristica_2654,caracteristica_2655,caracteristica_2656,caracteristica_2657,caracteristica_2658,caracteristica_2659,caracteristica_2660,caracteristica_2661,caracteristica_2662,caracteristica_2663,caracteristica_2664,caracteristica_2665,caracteristica_2666,caracteristica_2667,caracteristica_2668,caracteristica_2669,caracteristica_2670,caracteristica_2671,caracteristica_2672,caracteristica_2673,caracteristica_2674,caracteristica_2675,caracteristica_2676,caracteristica_2677,caracteristica_2678,caracteristica_2679,caracteristica_2680,caracteristica_2681,caracteristica_2682,caracteristica_2683,caracteristica_2684,caracteristica_2685,caracteristica_2686,caracteristica_2687,caracteristica_2688,caracteristica_2689,caracteristica_2690,caracteristica_2691,caracteristica_2692,caracteristica_2693,caracteristica_2694,caracteristica_2695,caracteristica_2696,caracteristica_2697,caracteristica_2698,caracteristica_2699,caracteristica_2700,caracteristica_2701,caracteristica_2702,caracteristica_2703,caracteristica_2704,caracteristica_2705,caracteristica_2706,caracteristica_2707,caracteristica_2708,caracteristica_2709,caracteristica_2710,caracteristica_2711,caracteristica_2712,caracteristica_2713,caracteristica_2714,caracteristica_2715,caracteristica_2716,caracteristica_2717,caracteristica_2718,caracteristica_2719,caracteristica_2720,caracteristica_2721,caracteristica_2722,caracteristica_2723,caracteristica_2724,caracteristica_2725,caracteristica_2726,caracteristica_2727,caracteristica_2728,caracteristica_2729,caracteristica_2730,caracteristica_2731,caracteristica_2732,caracteristica_2733,caracteristica_2734,caracteristica_2735,caracteristica_2736,caracteristica_2737,caracteristica_2738,caracteristica_2739,caracteristica_2740,caracteristica_2741,caracteristica_2742,caracteristica_2743,caracteristica_2744,caracteristica_2745,caracteristica_2746,caracteristica_2747,caracteristica_2748,caracteristica_2749,caracteristica_2750,caracteristica_2751,caracteristica_2752,caracteristica_2753,caracteristica_2754,caracteristica_2755,caracteristica_2756,caracteristica_2757,caracteristica_2758,caracteristica_2759,caracteristica_2760,caracteristica_2761,caracteristica_2762,caracteristica_2763,caracteristica_2764,caracteristica_2765,caracteristica_2766,caracteristica_2767,caracteristica_2768,caracteristica_2769,caracteristica_2770,caracteristica_2771,caracteristica_2772,caracteristica_2773,caracteristica_2774,caracteristica_2775,caracteristica_2776,caracteristica_2777,caracteristica_2778,caracteristica_2779,caracteristica_2780,caracteristica_2781,caracteristica_2782,caracteristica_2783,caracteristica_2784,caracteristica_2785,caracteristica_2786,caracteristica_2787,caracteristica_2788,caracteristica_2789,caracteristica_2790,caracteristica_2791,caracteristica_2792,caracteristica_2793,caracteristica_2794,caracteristica_2795,caracteristica_2796,caracteristica_2797,caracteristica_2798,caracteristica_2799,caracteristica_2800,caracteristica_2801,caracteristica_2802,caracteristica_2803,caracteristica_2804,caracteristica_2805,caracteristica_2806,caracteristica_2807,caracteristica_2808,caracteristica_2809,caracteristica_2810,caracteristica_2811,caracteristica_2812,caracteristica_2813,caracteristica_2814,caracteristica_2815,caracteristica_2816,caracteristica_2817,caracteristica_2818,caracteristica_2819,caracteristica_2820,caracteristica_2821,caracteristica_2822,caracteristica_2823,caracteristica_2824,caracteristica_2825,caracteristica_2826,caracteristica_2827,caracteristica_2828,caracteristica_2829,caracteristica_2830,caracteristica_2831,caracteristica_2832,caracteristica_2833,caracteristica_2834,caracteristica_2835,caracteristica_2836,caracteristica_2837,caracteristica_2838,caracteristica_2839,caracteristica_2840,caracteristica_2841,caracteristica_2842,caracteristica_2843,caracteristica_2844,caracteristica_2845,caracteristica_2846,caracteristica_2847,caracteristica_2848,caracteristica_2849,caracteristica_2850,caracteristica_2851,caracteristica_2852,caracteristica_2853,caracteristica_2854,caracteristica_2855,caracteristica_2856,caracteristica_2857,caracteristica_2858,caracteristica_2859,caracteristica_2860,caracteristica_2861,caracteristica_2862,caracteristica_2863,caracteristica_2864,caracteristica_2865,caracteristica_2866,caracteristica_2867,caracteristica_2868,caracteristica_2869,caracteristica_2870,caracteristica_2871,caracteristica_2872,caracteristica_2873,caracteristica_2874,caracteristica_2875,caracteristica_2876,caracteristica_2877,caracteristica_2878,caracteristica_2879,caracteristica_2880,caracteristica_2881,caracteristica_2882,caracteristica_2883,caracteristica_2884,caracteristica_2885,caracteristica_2886,caracteristica_2887,caracteristica_2888,caracteristica_2889,caracteristica_2890,caracteristica_2891,caracteristica_2892,caracteristica_2893,caracteristica_2894,caracteristica_2895,caracteristica_2896,caracteristica_2897,caracteristica_2898,caracteristica_2899,caracteristica_2900,caracteristica_2901,caracteristica_2902,caracteristica_2903,caracteristica_2904,caracteristica_2905,caracteristica_2906,caracteristica_2907,caracteristica_2908,caracteristica_2909,caracteristica_2910,caracteristica_2911,caracteristica_2912,caracteristica_2913,caracteristica_2914,caracteristica_2915,caracteristica_2916,caracteristica_2917,caracteristica_2918,caracteristica_2919,caracteristica_2920,caracteristica_2921,caracteristica_2922,caracteristica_2923,caracteristica_2924,caracteristica_2925,caracteristica_2926,caracteristica_2927,caracteristica_2928,caracteristica_2929,caracteristica_2930,caracteristica_2931,caracteristica_2932,caracteristica_2933,caracteristica_2934,caracteristica_2935,caracteristica_2936,caracteristica_2937,caracteristica_2938,caracteristica_2939,caracteristica_2940,caracteristica_2941,caracteristica_2942,caracteristica_2943,caracteristica_2944,caracteristica_2945,caracteristica_2946,caracteristica_2947,caracteristica_2948,caracteristica_2949,caracteristica_2950,caracteristica_2951,caracteristica_2952,caracteristica_2953,caracteristica_2954,caracteristica_2955,caracteristica_2956,caracteristica_2957,caracteristica_2958,caracteristica_2959,caracteristica_2960,caracteristica_2961,caracteristica_2962,caracteristica_2963,caracteristica_2964,caracteristica_2965,caracteristica_2966,caracteristica_2967,caracteristica_2968,caracteristica_2969,caracteristica_2970,caracteristica_2971,caracteristica_2972,caracteristica_2973,caracteristica_2974,caracteristica_2975,caracteristica_2976,caracteristica_2977,caracteristica_2978,caracteristica_2979,caracteristica_2980,caracteristica_2981,caracteristica_2982,caracteristica_2983,caracteristica_2984,caracteristica_2985,caracteristica_2986,caracteristica_2987,caracteristica_2988,caracteristica_2989,caracteristica_2990,caracteristica_2991,caracteristica_2992,caracteristica_2993,caracteristica_2994,caracteristica_2995,caracteristica_2996,caracteristica_2997,caracteristica_2998,caracteristica_2999,caracteristica_3000,caracteristica_3001,caracteristica_3002,caracteristica_3003,caracteristica_3004,caracteristica_3005,caracteristica_3006,caracteristica_3007,caracteristica_3008,caracteristica_3009,caracteristica_3010,caracteristica_3011,caracteristica_3012,caracteristica_3013,caracteristica_3014,caracteristica_3015,caracteristica_3016,caracteristica_3017,caracteristica_3018,caracteristica_3019,caracteristica_3020,caracteristica_3021,caracteristica_3022,caracteristica_3023,caracteristica_3024,caracteristica_3025,caracteristica_3026,caracteristica_3027,caracteristica_3028,caracteristica_3029,caracteristica_3030,caracteristica_3031,caracteristica_3032,caracteristica_3033,caracteristica_3034,caracteristica_3035,caracteristica_3036,caracteristica_3037,caracteristica_3038,caracteristica_3039,caracteristica_3040,caracteristica_3041,caracteristica_3042,caracteristica_3043,caracteristica_3044,caracteristica_3045,caracteristica_3046,caracteristica_3047,caracteristica_3048,caracteristica_3049,caracteristica_3050,caracteristica_3051,caracteristica_3052,caracteristica_3053,caracteristica_3054,caracteristica_3055,caracteristica_3056,caracteristica_3057,caracteristica_3058,caracteristica_3059,caracteristica_3060,caracteristica_3061,caracteristica_3062,caracteristica_3063,caracteristica_3064,caracteristica_3065,caracteristica_3066,caracteristica_3067,caracteristica_3068,caracteristica_3069,caracteristica_3070,caracteristica_3071,caracteristica_3072,caracteristica_3073,caracteristica_3074,caracteristica_3075,caracteristica_3076,caracteristica_3077,caracteristica_3078,caracteristica_3079,caracteristica_3080,caracteristica_3081,caracteristica_3082,caracteristica_3083,caracteristica_3084,caracteristica_3085,caracteristica_3086,caracteristica_3087,caracteristica_3088,caracteristica_3089,caracteristica_3090,caracteristica_3091,caracteristica_3092,caracteristica_3093,caracteristica_3094,caracteristica_3095,caracteristica_3096,caracteristica_3097,caracteristica_3098,caracteristica_3099,caracteristica_3100,caracteristica_3101,caracteristica_3102,caracteristica_3103,caracteristica_3104,caracteristica_3105,caracteristica_3106,caracteristica_3107,caracteristica_3108,caracteristica_3109,caracteristica_3110,caracteristica_3111,caracteristica_3112,caracteristica_3113,caracteristica_3114,caracteristica_3115,caracteristica_3116,caracteristica_3117,caracteristica_3118,caracteristica_3119,caracteristica_3120,caracteristica_3121,caracteristica_3122,caracteristica_3123,caracteristica_3124,caracteristica_3125,caracteristica_3126,caracteristica_3127,caracteristica_3128,caracteristica_3129,caracteristica_3130,caracteristica_3131,caracteristica_3132,caracteristica_3133,caracteristica_3134,caracteristica_3135,caracteristica_3136,caracteristica_3137,caracteristica_3138,caracteristica_3139,caracteristica_3140,caracteristica_3141,caracteristica_3142,caracteristica_3143,caracteristica_3144,caracteristica_3145,caracteristica_3146,caracteristica_3147,caracteristica_3148,caracteristica_3149,caracteristica_3150,caracteristica_3151,caracteristica_3152,caracteristica_3153,caracteristica_3154,caracteristica_3155,caracteristica_3156,caracteristica_3157,caracteristica_3158,caracteristica_3159,caracteristica_3160,caracteristica_3161,caracteristica_3162,caracteristica_3163,caracteristica_3164,caracteristica_3165,caracteristica_3166,caracteristica_3167,caracteristica_3168,caracteristica_3169,caracteristica_3170,caracteristica_3171,caracteristica_3172,caracteristica_3173,caracteristica_3174,caracteristica_3175,caracteristica_3176,caracteristica_3177,caracteristica_3178,caracteristica_3179,caracteristica_3180,caracteristica_3181,caracteristica_3182,caracteristica_3183,caracteristica_3184,caracteristica_3185,caracteristica_3186,caracteristica_3187,caracteristica_3188,caracteristica_3189,caracteristica_3190,caracteristica_3191,caracteristica_3192,caracteristica_3193,caracteristica_3194,caracteristica_3195,caracteristica_3196,caracteristica_3197,caracteristica_3198,caracteristica_3199,caracteristica_3200,caracteristica_3201,caracteristica_3202,caracteristica_3203,caracteristica_3204,caracteristica_3205,caracteristica_3206,caracteristica_3207,caracteristica_3208,caracteristica_3209,caracteristica_3210,caracteristica_3211,caracteristica_3212,caracteristica_3213,caracteristica_3214,caracteristica_3215,caracteristica_3216,caracteristica_3217,caracteristica_3218,caracteristica_3219,caracteristica_3220,caracteristica_3221,caracteristica_3222,caracteristica_3223,caracteristica_3224,caracteristica_3225,caracteristica_3226,caracteristica_3227,caracteristica_3228,caracteristica_3229,caracteristica_3230,caracteristica_3231,caracteristica_3232,caracteristica_3233,caracteristica_3234,caracteristica_3235,caracteristica_3236,caracteristica_3237,caracteristica_3238,caracteristica_3239,caracteristica_3240,caracteristica_3241,caracteristica_3242,caracteristica_3243,caracteristica_3244,caracteristica_3245,caracteristica_3246,caracteristica_3247,caracteristica_3248,caracteristica_3249,caracteristica_3250,caracteristica_3251,caracteristica_3252,caracteristica_3253,caracteristica_3254,caracteristica_3255,caracteristica_3256,caracteristica_3257,caracteristica_3258,caracteristica_3259,caracteristica_3260,caracteristica_3261,caracteristica_3262,caracteristica_3263,caracteristica_3264,caracteristica_3265,caracteristica_3266,caracteristica_3267,caracteristica_3268,caracteristica_3269,caracteristica_3270,caracteristica_3271,caracteristica_3272,caracteristica_3273,caracteristica_3274,caracteristica_3275,caracteristica_3276,caracteristica_3277,caracteristica_3278,caracteristica_3279,caracteristica_3280,caracteristica_3281,caracteristica_3282,caracteristica_3283,caracteristica_3284,caracteristica_3285,caracteristica_3286,caracteristica_3287,caracteristica_3288,caracteristica_3289,caracteristica_3290,caracteristica_3291,caracteristica_3292,caracteristica_3293,caracteristica_3294,caracteristica_3295,caracteristica_3296,caracteristica_3297,caracteristica_3298,caracteristica_3299,caracteristica_3300,caracteristica_3301,caracteristica_3302,caracteristica_3303,caracteristica_3304,caracteristica_3305,caracteristica_3306,caracteristica_3307,caracteristica_3308,caracteristica_3309,caracteristica_3310,caracteristica_3311,caracteristica_3312,caracteristica_3313,caracteristica_3314,caracteristica_3315,caracteristica_3316,caracteristica_3317,caracteristica_3318,caracteristica_3319,caracteristica_3320,caracteristica_3321,caracteristica_3322,caracteristica_3323,caracteristica_3324,caracteristica_3325,caracteristica_3326,caracteristica_3327,caracteristica_3328,caracteristica_3329,caracteristica_3330,caracteristica_3331,caracteristica_3332,caracteristica_3333,caracteristica_3334,caracteristica_3335,caracteristica_3336,caracteristica_3337,caracteristica_3338,caracteristica_3339,caracteristica_3340,caracteristica_3341,caracteristica_3342,caracteristica_3343,caracteristica_3344,caracteristica_3345,caracteristica_3346,caracteristica_3347,caracteristica_3348,caracteristica_3349,caracteristica_3350,caracteristica_3351,caracteristica_3352,caracteristica_3353,caracteristica_3354,caracteristica_3355,caracteristica_3356,caracteristica_3357,caracteristica_3358,caracteristica_3359,caracteristica_3360,caracteristica_3361,caracteristica_3362,caracteristica_3363,caracteristica_3364,caracteristica_3365,caracteristica_3366,caracteristica_3367,caracteristica_3368,caracteristica_3369,caracteristica_3370,caracteristica_3371,caracteristica_3372,caracteristica_3373,caracteristica_3374,caracteristica_3375,caracteristica_3376,caracteristica_3377,caracteristica_3378,caracteristica_3379,caracteristica_3380,caracteristica_3381,caracteristica_3382,caracteristica_3383,caracteristica_3384,caracteristica_3385,caracteristica_3386,caracteristica_3387,caracteristica_3388,caracteristica_3389,caracteristica_3390,caracteristica_3391,caracteristica_3392,caracteristica_3393,caracteristica_3394,caracteristica_3395,caracteristica_3396,caracteristica_3397,caracteristica_3398,caracteristica_3399,caracteristica_3400,caracteristica_3401,caracteristica_3402,caracteristica_3403,caracteristica_3404,caracteristica_3405,caracteristica_3406,caracteristica_3407,caracteristica_3408,caracteristica_3409,caracteristica_3410,caracteristica_3411,caracteristica_3412,caracteristica_3413,caracteristica_3414,caracteristica_3415,caracteristica_3416,caracteristica_3417,caracteristica_3418,caracteristica_3419,caracteristica_3420,caracteristica_3421,caracteristica_3422,caracteristica_3423,caracteristica_3424,caracteristica_3425,caracteristica_3426,caracteristica_3427,caracteristica_3428,caracteristica_3429,caracteristica_3430,caracteristica_3431,caracteristica_3432,caracteristica_3433,caracteristica_3434,caracteristica_3435,caracteristica_3436,caracteristica_3437,caracteristica_3438,caracteristica_3439,caracteristica_3440,caracteristica_3441,caracteristica_3442,caracteristica_3443,caracteristica_3444,caracteristica_3445,caracteristica_3446,caracteristica_3447,caracteristica_3448,caracteristica_3449,caracteristica_3450,caracteristica_3451,caracteristica_3452,caracteristica_3453,caracteristica_3454,caracteristica_3455,caracteristica_3456,caracteristica_3457,caracteristica_3458,caracteristica_3459,caracteristica_3460,caracteristica_3461,caracteristica_3462,caracteristica_3463,caracteristica_3464,caracteristica_3465,caracteristica_3466,caracteristica_3467,caracteristica_3468,caracteristica_3469,caracteristica_3470,caracteristica_3471,caracteristica_3472,caracteristica_3473,caracteristica_3474,caracteristica_3475,caracteristica_3476,caracteristica_3477,caracteristica_3478,caracteristica_3479,caracteristica_3480,caracteristica_3481,caracteristica_3482,caracteristica_3483,caracteristica_3484,caracteristica_3485,caracteristica_3486,caracteristica_3487,caracteristica_3488,caracteristica_3489,caracteristica_3490,caracteristica_3491,caracteristica_3492,caracteristica_3493,caracteristica_3494,caracteristica_3495,caracteristica_3496,caracteristica_3497,caracteristica_3498,caracteristica_3499,caracteristica_3500,caracteristica_3501,caracteristica_3502,caracteristica_3503,caracteristica_3504,caracteristica_3505,caracteristica_3506,caracteristica_3507,caracteristica_3508,caracteristica_3509,caracteristica_3510,caracteristica_3511,caracteristica_3512,caracteristica_3513,caracteristica_3514,caracteristica_3515,caracteristica_3516,caracteristica_3517,caracteristica_3518,caracteristica_3519,caracteristica_3520,caracteristica_3521,caracteristica_3522,caracteristica_3523,caracteristica_3524,caracteristica_3525,caracteristica_3526,caracteristica_3527,caracteristica_3528,caracteristica_3529,caracteristica_3530,caracteristica_3531,caracteristica_3532,caracteristica_3533,caracteristica_3534,caracteristica_3535,caracteristica_3536,caracteristica_3537,caracteristica_3538,caracteristica_3539,caracteristica_3540,caracteristica_3541,caracteristica_3542,caracteristica_3543,caracteristica_3544,caracteristica_3545,caracteristica_3546,caracteristica_3547,caracteristica_3548,caracteristica_3549,caracteristica_3550,caracteristica_3551,caracteristica_3552,caracteristica_3553,caracteristica_3554,caracteristica_3555,caracteristica_3556,caracteristica_3557,caracteristica_3558,caracteristica_3559,caracteristica_3560,caracteristica_3561,caracteristica_3562,caracteristica_3563,caracteristica_3564,caracteristica_3565,caracteristica_3566,caracteristica_3567,caracteristica_3568,caracteristica_3569,caracteristica_3570,caracteristica_3571,caracteristica_3572,caracteristica_3573,caracteristica_3574,caracteristica_3575,caracteristica_3576,caracteristica_3577,caracteristica_3578,caracteristica_3579,caracteristica_3580,caracteristica_3581,caracteristica_3582,caracteristica_3583,caracteristica_3584,caracteristica_3585,caracteristica_3586,caracteristica_3587,caracteristica_3588,caracteristica_3589,caracteristica_3590,caracteristica_3591,caracteristica_3592,caracteristica_3593,caracteristica_3594,caracteristica_3595,caracteristica_3596,caracteristica_3597,caracteristica_3598,caracteristica_3599,caracteristica_3600,caracteristica_3601,caracteristica_3602,caracteristica_3603,caracteristica_3604,caracteristica_3605,caracteristica_3606,caracteristica_3607,caracteristica_3608,caracteristica_3609,caracteristica_3610,caracteristica_3611,caracteristica_3612,caracteristica_3613,caracteristica_3614,caracteristica_3615,caracteristica_3616,caracteristica_3617,caracteristica_3618,caracteristica_3619,caracteristica_3620,caracteristica_3621,caracteristica_3622,caracteristica_3623,caracteristica_3624,caracteristica_3625,caracteristica_3626,caracteristica_3627,caracteristica_3628,caracteristica_3629,caracteristica_3630,caracteristica_3631,caracteristica_3632,caracteristica_3633,caracteristica_3634,caracteristica_3635,caracteristica_3636,caracteristica_3637,caracteristica_3638,caracteristica_3639,caracteristica_3640,caracteristica_3641,caracteristica_3642,caracteristica_3643,caracteristica_3644,caracteristica_3645,caracteristica_3646,caracteristica_3647,caracteristica_3648,caracteristica_3649,caracteristica_3650,caracteristica_3651,caracteristica_3652,caracteristica_3653,caracteristica_3654,caracteristica_3655,caracteristica_3656,caracteristica_3657,caracteristica_3658,caracteristica_3659,caracteristica_3660,caracteristica_3661,caracteristica_3662,caracteristica_3663,caracteristica_3664,caracteristica_3665,caracteristica_3666,caracteristica_3667,caracteristica_3668,caracteristica_3669,caracteristica_3670,caracteristica_3671,caracteristica_3672,caracteristica_3673,caracteristica_3674,caracteristica_3675,caracteristica_3676,caracteristica_3677,caracteristica_3678,caracteristica_3679,caracteristica_3680,caracteristica_3681,caracteristica_3682,caracteristica_3683,caracteristica_3684,caracteristica_3685,caracteristica_3686,caracteristica_3687,caracteristica_3688,caracteristica_3689,caracteristica_3690,caracteristica_3691,caracteristica_3692,caracteristica_3693,caracteristica_3694,caracteristica_3695,caracteristica_3696,caracteristica_3697,caracteristica_3698,caracteristica_3699,caracteristica_3700,caracteristica_3701,caracteristica_3702,caracteristica_3703,caracteristica_3704,caracteristica_3705,caracteristica_3706,caracteristica_3707,caracteristica_3708,caracteristica_3709,caracteristica_3710,caracteristica_3711,caracteristica_3712,caracteristica_3713,caracteristica_3714,caracteristica_3715,caracteristica_3716,caracteristica_3717,caracteristica_3718,caracteristica_3719,caracteristica_3720,caracteristica_3721,caracteristica_3722,caracteristica_3723,caracteristica_3724,caracteristica_3725,caracteristica_3726,caracteristica_3727,caracteristica_3728,caracteristica_3729,caracteristica_3730,caracteristica_3731,caracteristica_3732,caracteristica_3733,caracteristica_3734,caracteristica_3735,caracteristica_3736,caracteristica_3737,caracteristica_3738,caracteristica_3739,caracteristica_3740,caracteristica_3741,caracteristica_3742,caracteristica_3743,caracteristica_3744,caracteristica_3745,caracteristica_3746,caracteristica_3747,caracteristica_3748,caracteristica_3749,caracteristica_3750,caracteristica_3751,caracteristica_3752,caracteristica_3753,caracteristica_3754,caracteristica_3755,caracteristica_3756,caracteristica_3757,caracteristica_3758,caracteristica_3759,caracteristica_3760,caracteristica_3761,caracteristica_3762,caracteristica_3763,caracteristica_3764,caracteristica_3765,caracteristica_3766,caracteristica_3767,caracteristica_3768,caracteristica_3769,caracteristica_3770,caracteristica_3771,caracteristica_3772,caracteristica_3773,caracteristica_3774,caracteristica_3775,caracteristica_3776,caracteristica_3777,caracteristica_3778,caracteristica_3779,caracteristica_3780,caracteristica_3781,caracteristica_3782,caracteristica_3783,caracteristica_3784,caracteristica_3785,caracteristica_3786,caracteristica_3787,caracteristica_3788,caracteristica_3789,caracteristica_3790,caracteristica_3791,caracteristica_3792,caracteristica_3793,caracteristica_3794,caracteristica_3795,caracteristica_3796,caracteristica_3797,caracteristica_3798,caracteristica_3799,caracteristica_3800,caracteristica_3801,caracteristica_3802,caracteristica_3803,caracteristica_3804,caracteristica_3805,caracteristica_3806,caracteristica_3807,caracteristica_3808,caracteristica_3809,caracteristica_3810,caracteristica_3811,caracteristica_3812,caracteristica_3813,caracteristica_3814,caracteristica_3815,caracteristica_3816,caracteristica_3817,caracteristica_3818,caracteristica_3819,caracteristica_3820,caracteristica_3821,caracteristica_3822,caracteristica_3823,caracteristica_3824,caracteristica_3825,caracteristica_3826,caracteristica_3827,caracteristica_3828,caracteristica_3829,caracteristica_3830,caracteristica_3831,caracteristica_3832,caracteristica_3833,caracteristica_3834,caracteristica_3835,caracteristica_3836,caracteristica_3837,caracteristica_3838,caracteristica_3839,caracteristica_3840,caracteristica_3841,caracteristica_3842,caracteristica_3843,caracteristica_3844,caracteristica_3845,caracteristica_3846,caracteristica_3847,caracteristica_3848,caracteristica_3849,caracteristica_3850,caracteristica_3851,caracteristica_3852,caracteristica_3853,caracteristica_3854,caracteristica_3855,caracteristica_3856,caracteristica_3857,caracteristica_3858,caracteristica_3859,caracteristica_3860,caracteristica_3861,caracteristica_3862,caracteristica_3863,caracteristica_3864,caracteristica_3865,caracteristica_3866,caracteristica_3867,caracteristica_3868,caracteristica_3869,caracteristica_3870,caracteristica_3871,caracteristica_3872,caracteristica_3873,caracteristica_3874,caracteristica_3875,caracteristica_3876,caracteristica_3877,caracteristica_3878,caracteristica_3879,caracteristica_3880,caracteristica_3881,caracteristica_3882,caracteristica_3883,caracteristica_3884,caracteristica_3885,caracteristica_3886,caracteristica_3887,caracteristica_3888,caracteristica_3889,caracteristica_3890,caracteristica_3891,caracteristica_3892,caracteristica_3893,caracteristica_3894,caracteristica_3895,caracteristica_3896,caracteristica_3897,caracteristica_3898,caracteristica_3899,caracteristica_3900,caracteristica_3901,caracteristica_3902,caracteristica_3903,caracteristica_3904,caracteristica_3905,caracteristica_3906,caracteristica_3907,caracteristica_3908,caracteristica_3909,caracteristica_3910,caracteristica_3911,caracteristica_3912,caracteristica_3913,caracteristica_3914,caracteristica_3915,caracteristica_3916,caracteristica_3917,caracteristica_3918,caracteristica_3919,caracteristica_3920,caracteristica_3921,caracteristica_3922,caracteristica_3923,caracteristica_3924,caracteristica_3925,caracteristica_3926,caracteristica_3927,caracteristica_3928,caracteristica_3929,caracteristica_3930,caracteristica_3931,caracteristica_3932,caracteristica_3933,caracteristica_3934,caracteristica_3935,caracteristica_3936,caracteristica_3937,caracteristica_3938,caracteristica_3939,caracteristica_3940,caracteristica_3941,caracteristica_3942,caracteristica_3943,caracteristica_3944,caracteristica_3945,caracteristica_3946,caracteristica_3947,caracteristica_3948,caracteristica_3949,caracteristica_3950,caracteristica_3951,caracteristica_3952,caracteristica_3953,caracteristica_3954,caracteristica_3955,caracteristica_3956,caracteristica_3957,caracteristica_3958,caracteristica_3959,caracteristica_3960,caracteristica_3961,caracteristica_3962,caracteristica_3963,caracteristica_3964,caracteristica_3965,caracteristica_3966,caracteristica_3967,caracteristica_3968,caracteristica_3969,caracteristica_3970,caracteristica_3971,caracteristica_3972,caracteristica_3973,caracteristica_3974,caracteristica_3975,caracteristica_3976,caracteristica_3977,caracteristica_3978,caracteristica_3979,caracteristica_3980,caracteristica_3981,caracteristica_3982,caracteristica_3983,caracteristica_3984,caracteristica_3985,caracteristica_3986,caracteristica_3987,caracteristica_3988,caracteristica_3989,caracteristica_3990,caracteristica_3991,caracteristica_3992,caracteristica_3993,caracteristica_3994,caracteristica_3995,caracteristica_3996,caracteristica_3997,caracteristica_3998,caracteristica_3999,caracteristica_4000,caracteristica_4001,caracteristica_4002,caracteristica_4003,caracteristica_4004,caracteristica_4005,caracteristica_4006,caracteristica_4007,caracteristica_4008,caracteristica_4009,caracteristica_4010,caracteristica_4011,caracteristica_4012,caracteristica_4013,caracteristica_4014,caracteristica_4015,caracteristica_4016,caracteristica_4017,caracteristica_4018,caracteristica_4019,caracteristica_4020,caracteristica_4021,caracteristica_4022,caracteristica_4023,caracteristica_4024,caracteristica_4025,caracteristica_4026,caracteristica_4027,caracteristica_4028,caracteristica_4029,caracteristica_4030,caracteristica_4031,caracteristica_4032,caracteristica_4033,caracteristica_4034,caracteristica_4035,caracteristica_4036,caracteristica_4037,caracteristica_4038,caracteristica_4039,caracteristica_4040,caracteristica_4041,caracteristica_4042,caracteristica_4043,caracteristica_4044,caracteristica_4045,caracteristica_4046,caracteristica_4047,caracteristica_4048,caracteristica_4049,caracteristica_4050,caracteristica_4051,caracteristica_4052,caracteristica_4053,caracteristica_4054,caracteristica_4055,caracteristica_4056,caracteristica_4057,caracteristica_4058,caracteristica_4059,caracteristica_4060,caracteristica_4061,caracteristica_4062,caracteristica_4063,caracteristica_4064,caracteristica_4065,caracteristica_4066,caracteristica_4067,caracteristica_4068,caracteristica_4069,caracteristica_4070,caracteristica_4071,caracteristica_4072,caracteristica_4073,caracteristica_4074,caracteristica_4075,caracteristica_4076,caracteristica_4077,caracteristica_4078,caracteristica_4079,caracteristica_4080,caracteristica_4081,caracteristica_4082,caracteristica_4083,caracteristica_4084,caracteristica_4085,caracteristica_4086,caracteristica_4087,caracteristica_4088,caracteristica_4089,caracteristica_4090,caracteristica_4091,caracteristica_4092,caracteristica_4093,caracteristica_4094,caracteristica_4095,caracteristica_4096,caracteristica_4097,caracteristica_4098,caracteristica_4099,caracteristica_4100,caracteristica_4101,caracteristica_4102,caracteristica_4103,caracteristica_4104,caracteristica_4105,caracteristica_4106,caracteristica_4107,caracteristica_4108,caracteristica_4109,caracteristica_4110,caracteristica_4111,caracteristica_4112,caracteristica_4113,caracteristica_4114,caracteristica_4115,caracteristica_4116,caracteristica_4117,caracteristica_4118,caracteristica_4119,caracteristica_4120,caracteristica_4121,caracteristica_4122,caracteristica_4123,caracteristica_4124,caracteristica_4125,caracteristica_4126,caracteristica_4127,caracteristica_4128,caracteristica_4129,caracteristica_4130,caracteristica_4131,caracteristica_4132,caracteristica_4133,caracteristica_4134,caracteristica_4135,caracteristica_4136,caracteristica_4137,caracteristica_4138,caracteristica_4139,caracteristica_4140,caracteristica_4141,caracteristica_4142,caracteristica_4143,caracteristica_4144,caracteristica_4145,caracteristica_4146,caracteristica_4147,caracteristica_4148,caracteristica_4149,caracteristica_4150,caracteristica_4151,caracteristica_4152,caracteristica_4153,caracteristica_4154,caracteristica_4155,caracteristica_4156,caracteristica_4157,caracteristica_4158,caracteristica_4159,caracteristica_4160,caracteristica_4161,caracteristica_4162,caracteristica_4163,caracteristica_4164,caracteristica_4165,caracteristica_4166,caracteristica_4167,caracteristica_4168,caracteristica_4169,caracteristica_4170,caracteristica_4171,caracteristica_4172,caracteristica_4173,caracteristica_4174,caracteristica_4175,caracteristica_4176,caracteristica_4177,caracteristica_4178,caracteristica_4179,caracteristica_4180,caracteristica_4181,caracteristica_4182,caracteristica_4183,caracteristica_4184,caracteristica_4185,caracteristica_4186,caracteristica_4187,caracteristica_4188,caracteristica_4189,caracteristica_4190,caracteristica_4191,caracteristica_4192,caracteristica_4193,caracteristica_4194,caracteristica_4195,caracteristica_4196,caracteristica_4197,caracteristica_4198,caracteristica_4199,caracteristica_4200,caracteristica_4201,caracteristica_4202,caracteristica_4203,caracteristica_4204,caracteristica_4205,caracteristica_4206,caracteristica_4207,caracteristica_4208,caracteristica_4209,caracteristica_4210,caracteristica_4211,caracteristica_4212,caracteristica_4213,caracteristica_4214,caracteristica_4215,caracteristica_4216,caracteristica_4217,caracteristica_4218,caracteristica_4219,caracteristica_4220,caracteristica_4221,caracteristica_4222,caracteristica_4223,caracteristica_4224,caracteristica_4225,caracteristica_4226,caracteristica_4227,caracteristica_4228,caracteristica_4229,caracteristica_4230,caracteristica_4231,caracteristica_4232,caracteristica_4233,caracteristica_4234,caracteristica_4235,caracteristica_4236,caracteristica_4237,caracteristica_4238,caracteristica_4239,caracteristica_4240,caracteristica_4241,caracteristica_4242,caracteristica_4243,caracteristica_4244,caracteristica_4245,caracteristica_4246,caracteristica_4247,caracteristica_4248,caracteristica_4249,caracteristica_4250,caracteristica_4251,caracteristica_4252,caracteristica_4253,caracteristica_4254,caracteristica_4255,caracteristica_4256,caracteristica_4257,caracteristica_4258,caracteristica_4259,caracteristica_4260,caracteristica_4261,caracteristica_4262,caracteristica_4263,caracteristica_4264,caracteristica_4265,caracteristica_4266,caracteristica_4267,caracteristica_4268,caracteristica_4269,caracteristica_4270,caracteristica_4271,caracteristica_4272,caracteristica_4273,caracteristica_4274,caracteristica_4275,caracteristica_4276,caracteristica_4277,caracteristica_4278,caracteristica_4279,caracteristica_4280,caracteristica_4281,caracteristica_4282,caracteristica_4283,caracteristica_4284,caracteristica_4285,caracteristica_4286,caracteristica_4287,caracteristica_4288,caracteristica_4289,caracteristica_4290,caracteristica_4291,caracteristica_4292,caracteristica_4293,caracteristica_4294,caracteristica_4295,caracteristica_4296,caracteristica_4297,caracteristica_4298,caracteristica_4299,caracteristica_4300,caracteristica_4301,caracteristica_4302,caracteristica_4303,caracteristica_4304,caracteristica_4305,caracteristica_4306,caracteristica_4307,caracteristica_4308,caracteristica_4309,caracteristica_4310,caracteristica_4311,caracteristica_4312,caracteristica_4313,caracteristica_4314,caracteristica_4315,caracteristica_4316,caracteristica_4317,caracteristica_4318,caracteristica_4319,caracteristica_4320,caracteristica_4321,caracteristica_4322,caracteristica_4323,caracteristica_4324,caracteristica_4325,caracteristica_4326,caracteristica_4327,caracteristica_4328,caracteristica_4329,caracteristica_4330,caracteristica_4331,caracteristica_4332,caracteristica_4333,caracteristica_4334,caracteristica_4335,caracteristica_4336,caracteristica_4337,caracteristica_4338,caracteristica_4339,caracteristica_4340,caracteristica_4341,caracteristica_4342,caracteristica_4343,caracteristica_4344,caracteristica_4345,caracteristica_4346,caracteristica_4347,caracteristica_4348,caracteristica_4349,caracteristica_4350,caracteristica_4351,caracteristica_4352,caracteristica_4353,caracteristica_4354,caracteristica_4355,caracteristica_4356,caracteristica_4357,caracteristica_4358,caracteristica_4359,caracteristica_4360,caracteristica_4361,caracteristica_4362,caracteristica_4363,caracteristica_4364,caracteristica_4365,caracteristica_4366,caracteristica_4367,caracteristica_4368,caracteristica_4369,caracteristica_4370,caracteristica_4371,caracteristica_4372,caracteristica_4373,caracteristica_4374,caracteristica_4375,caracteristica_4376,caracteristica_4377,caracteristica_4378,caracteristica_4379,caracteristica_4380,caracteristica_4381,caracteristica_4382,caracteristica_4383,caracteristica_4384,caracteristica_4385,caracteristica_4386,caracteristica_4387,caracteristica_4388,caracteristica_4389,caracteristica_4390,caracteristica_4391,caracteristica_4392,caracteristica_4393,caracteristica_4394,caracteristica_4395,caracteristica_4396,caracteristica_4397,caracteristica_4398,caracteristica_4399,caracteristica_4400,caracteristica_4401,caracteristica_4402,caracteristica_4403,caracteristica_4404,caracteristica_4405,caracteristica_4406,caracteristica_4407,caracteristica_4408,caracteristica_4409,caracteristica_4410,caracteristica_4411,caracteristica_4412,caracteristica_4413,caracteristica_4414,caracteristica_4415,caracteristica_4416,caracteristica_4417,caracteristica_4418,caracteristica_4419,caracteristica_4420,caracteristica_4421,caracteristica_4422,caracteristica_4423,caracteristica_4424,caracteristica_4425,caracteristica_4426,caracteristica_4427,caracteristica_4428,caracteristica_4429,caracteristica_4430,caracteristica_4431,caracteristica_4432,caracteristica_4433,caracteristica_4434,caracteristica_4435,caracteristica_4436,caracteristica_4437,caracteristica_4438,caracteristica_4439,caracteristica_4440,caracteristica_4441,caracteristica_4442,caracteristica_4443,caracteristica_4444,caracteristica_4445,caracteristica_4446,caracteristica_4447,caracteristica_4448,caracteristica_4449,caracteristica_4450,caracteristica_4451,caracteristica_4452,caracteristica_4453,caracteristica_4454,caracteristica_4455,caracteristica_4456,caracteristica_4457,caracteristica_4458,caracteristica_4459,caracteristica_4460,caracteristica_4461,caracteristica_4462,caracteristica_4463,caracteristica_4464,caracteristica_4465,caracteristica_4466,caracteristica_4467,caracteristica_4468,caracteristica_4469,caracteristica_4470,caracteristica_4471,caracteristica_4472,caracteristica_4473,caracteristica_4474,caracteristica_4475,caracteristica_4476,caracteristica_4477,caracteristica_4478,caracteristica_4479,caracteristica_4480,caracteristica_4481,caracteristica_4482,caracteristica_4483,caracteristica_4484,caracteristica_4485,caracteristica_4486,caracteristica_4487,caracteristica_4488,caracteristica_4489,caracteristica_4490,caracteristica_4491,caracteristica_4492,caracteristica_4493,caracteristica_4494,caracteristica_4495,caracteristica_4496,caracteristica_4497,caracteristica_4498,caracteristica_4499,caracteristica_4500,caracteristica_4501,caracteristica_4502,caracteristica_4503,caracteristica_4504,caracteristica_4505,caracteristica_4506,caracteristica_4507,caracteristica_4508,caracteristica_4509,caracteristica_4510,caracteristica_4511,caracteristica_4512,caracteristica_4513,caracteristica_4514,caracteristica_4515,caracteristica_4516,caracteristica_4517,caracteristica_4518,caracteristica_4519,caracteristica_4520,caracteristica_4521,caracteristica_4522,caracteristica_4523,caracteristica_4524,caracteristica_4525,caracteristica_4526,caracteristica_4527,caracteristica_4528,caracteristica_4529,caracteristica_4530,caracteristica_4531,caracteristica_4532,caracteristica_4533,caracteristica_4534,caracteristica_4535,caracteristica_4536,caracteristica_4537,caracteristica_4538,caracteristica_4539,caracteristica_4540,caracteristica_4541,caracteristica_4542,caracteristica_4543,caracteristica_4544,caracteristica_4545,caracteristica_4546,caracteristica_4547,caracteristica_4548,caracteristica_4549,caracteristica_4550,caracteristica_4551,caracteristica_4552,caracteristica_4553,caracteristica_4554,caracteristica_4555,caracteristica_4556,caracteristica_4557,caracteristica_4558,caracteristica_4559,caracteristica_4560,caracteristica_4561,caracteristica_4562,caracteristica_4563,caracteristica_4564,caracteristica_4565,caracteristica_4566,caracteristica_4567,caracteristica_4568,caracteristica_4569,caracteristica_4570,caracteristica_4571,caracteristica_4572,caracteristica_4573,caracteristica_4574,caracteristica_4575,caracteristica_4576,caracteristica_4577,caracteristica_4578,caracteristica_4579,caracteristica_4580,caracteristica_4581,caracteristica_4582,caracteristica_4583,caracteristica_4584,caracteristica_4585,caracteristica_4586,caracteristica_4587,caracteristica_4588,caracteristica_4589,caracteristica_4590,caracteristica_4591,caracteristica_4592,caracteristica_4593,caracteristica_4594,caracteristica_4595,caracteristica_4596,caracteristica_4597,caracteristica_4598,caracteristica_4599,caracteristica_4600,caracteristica_4601,caracteristica_4602,caracteristica_4603,caracteristica_4604,caracteristica_4605,caracteristica_4606,caracteristica_4607,caracteristica_4608,caracteristica_4609,caracteristica_4610,caracteristica_4611,caracteristica_4612,caracteristica_4613,caracteristica_4614,caracteristica_4615,caracteristica_4616,caracteristica_4617,caracteristica_4618,caracteristica_4619,caracteristica_4620,caracteristica_4621,caracteristica_4622,caracteristica_4623,caracteristica_4624,caracteristica_4625,caracteristica_4626,caracteristica_4627,caracteristica_4628,caracteristica_4629,caracteristica_4630,caracteristica_4631,caracteristica_4632,caracteristica_4633,caracteristica_4634,caracteristica_4635,caracteristica_4636,caracteristica_4637,caracteristica_4638,caracteristica_4639,caracteristica_4640,caracteristica_4641,caracteristica_4642,caracteristica_4643,caracteristica_4644,caracteristica_4645,caracteristica_4646,caracteristica_4647,caracteristica_4648,caracteristica_4649,caracteristica_4650,caracteristica_4651,caracteristica_4652,caracteristica_4653,caracteristica_4654,caracteristica_4655,caracteristica_4656,caracteristica_4657,caracteristica_4658,caracteristica_4659,caracteristica_4660,caracteristica_4661,caracteristica_4662,caracteristica_4663,caracteristica_4664,caracteristica_4665,caracteristica_4666,caracteristica_4667,caracteristica_4668,caracteristica_4669,caracteristica_4670,caracteristica_4671,caracteristica_4672,caracteristica_4673,caracteristica_4674,caracteristica_4675,caracteristica_4676,caracteristica_4677,caracteristica_4678,caracteristica_4679,caracteristica_4680,caracteristica_4681,caracteristica_4682,caracteristica_4683,caracteristica_4684,caracteristica_4685,caracteristica_4686,caracteristica_4687,caracteristica_4688,caracteristica_4689,caracteristica_4690,caracteristica_4691,caracteristica_4692,caracteristica_4693,caracteristica_4694,caracteristica_4695,caracteristica_4696,caracteristica_4697,caracteristica_4698,caracteristica_4699,caracteristica_4700,caracteristica_4701,caracteristica_4702,caracteristica_4703,caracteristica_4704,caracteristica_4705,caracteristica_4706,caracteristica_4707,caracteristica_4708,caracteristica_4709,caracteristica_4710,caracteristica_4711,caracteristica_4712,caracteristica_4713,caracteristica_4714,caracteristica_4715,caracteristica_4716,caracteristica_4717,caracteristica_4718,caracteristica_4719,caracteristica_4720,caracteristica_4721,caracteristica_4722,caracteristica_4723,caracteristica_4724,caracteristica_4725,caracteristica_4726,caracteristica_4727,caracteristica_4728,caracteristica_4729,caracteristica_4730,caracteristica_4731,caracteristica_4732,caracteristica_4733,caracteristica_4734,caracteristica_4735,caracteristica_4736,caracteristica_4737,caracteristica_4738,caracteristica_4739,caracteristica_4740,caracteristica_4741,caracteristica_4742,caracteristica_4743,caracteristica_4744,caracteristica_4745,caracteristica_4746,caracteristica_4747,caracteristica_4748,caracteristica_4749,caracteristica_4750,caracteristica_4751,caracteristica_4752,caracteristica_4753,caracteristica_4754,caracteristica_4755,caracteristica_4756,caracteristica_4757,caracteristica_4758,caracteristica_4759,caracteristica_4760,caracteristica_4761,caracteristica_4762,caracteristica_4763,caracteristica_4764,caracteristica_4765,caracteristica_4766,caracteristica_4767,caracteristica_4768,caracteristica_4769,caracteristica_4770,caracteristica_4771,caracteristica_4772,caracteristica_4773,caracteristica_4774,caracteristica_4775,caracteristica_4776,caracteristica_4777,caracteristica_4778,caracteristica_4779,caracteristica_4780,caracteristica_4781,caracteristica_4782,caracteristica_4783,caracteristica_4784,caracteristica_4785,caracteristica_4786,caracteristica_4787,caracteristica_4788,caracteristica_4789,caracteristica_4790,caracteristica_4791,caracteristica_4792,caracteristica_4793,caracteristica_4794,caracteristica_4795,caracteristica_4796,caracteristica_4797,caracteristica_4798,caracteristica_4799,caracteristica_4800,caracteristica_4801,caracteristica_4802,caracteristica_4803,caracteristica_4804,caracteristica_4805,caracteristica_4806,caracteristica_4807,caracteristica_4808,caracteristica_4809,caracteristica_4810,caracteristica_4811,caracteristica_4812,caracteristica_4813,caracteristica_4814,caracteristica_4815,caracteristica_4816,caracteristica_4817,caracteristica_4818,caracteristica_4819,caracteristica_4820,caracteristica_4821,caracteristica_4822,caracteristica_4823,caracteristica_4824,caracteristica_4825,caracteristica_4826,caracteristica_4827,caracteristica_4828,caracteristica_4829,caracteristica_4830,caracteristica_4831,caracteristica_4832,caracteristica_4833,caracteristica_4834,caracteristica_4835,caracteristica_4836,caracteristica_4837,caracteristica_4838,caracteristica_4839,caracteristica_4840,caracteristica_4841,caracteristica_4842,caracteristica_4843,caracteristica_4844,caracteristica_4845,caracteristica_4846,caracteristica_4847,caracteristica_4848,caracteristica_4849,caracteristica_4850,caracteristica_4851,caracteristica_4852,caracteristica_4853,caracteristica_4854,caracteristica_4855,caracteristica_4856,caracteristica_4857,caracteristica_4858,caracteristica_4859,caracteristica_4860,caracteristica_4861,caracteristica_4862,caracteristica_4863,caracteristica_4864,caracteristica_4865,caracteristica_4866,caracteristica_4867,caracteristica_4868,caracteristica_4869,caracteristica_4870,caracteristica_4871,caracteristica_4872,caracteristica_4873,caracteristica_4874,caracteristica_4875,caracteristica_4876,caracteristica_4877,caracteristica_4878,caracteristica_4879,caracteristica_4880,caracteristica_4881,caracteristica_4882,caracteristica_4883,caracteristica_4884,caracteristica_4885,caracteristica_4886,caracteristica_4887,caracteristica_4888,caracteristica_4889,caracteristica_4890,caracteristica_4891,caracteristica_4892,caracteristica_4893,caracteristica_4894,caracteristica_4895,caracteristica_4896,caracteristica_4897,caracteristica_4898,caracteristica_4899,caracteristica_4900,caracteristica_4901,caracteristica_4902,caracteristica_4903,caracteristica_4904,caracteristica_4905,caracteristica_4906,caracteristica_4907,caracteristica_4908,caracteristica_4909,caracteristica_4910,caracteristica_4911,caracteristica_4912,caracteristica_4913,caracteristica_4914,caracteristica_4915,caracteristica_4916,caracteristica_4917,caracteristica_4918,caracteristica_4919,caracteristica_4920,caracteristica_4921,caracteristica_4922,caracteristica_4923,caracteristica_4924,caracteristica_4925,caracteristica_4926,caracteristica_4927,caracteristica_4928,caracteristica_4929,caracteristica_4930,caracteristica_4931,caracteristica_4932,caracteristica_4933,caracteristica_4934,caracteristica_4935,caracteristica_4936,caracteristica_4937,caracteristica_4938,caracteristica_4939,caracteristica_4940,caracteristica_4941,caracteristica_4942,caracteristica_4943,caracteristica_4944,caracteristica_4945,caracteristica_4946,caracteristica_4947,caracteristica_4948,caracteristica_4949,caracteristica_4950,caracteristica_4951,caracteristica_4952,caracteristica_4953,caracteristica_4954,caracteristica_4955,caracteristica_4956,caracteristica_4957,caracteristica_4958,caracteristica_4959,caracteristica_4960,caracteristica_4961,caracteristica_4962,caracteristica_4963,caracteristica_4964,caracteristica_4965,caracteristica_4966,caracteristica_4967,caracteristica_4968,caracteristica_4969,caracteristica_4970,caracteristica_4971,caracteristica_4972,caracteristica_4973,caracteristica_4974,caracteristica_4975,caracteristica_4976,caracteristica_4977,caracteristica_4978,caracteristica_4979,caracteristica_4980,caracteristica_4981,caracteristica_4982,caracteristica_4983,caracteristica_4984,caracteristica_4985,caracteristica_4986,caracteristica_4987,caracteristica_4988,caracteristica_4989,caracteristica_4990,caracteristica_4991,caracteristica_4992,caracteristica_4993,caracteristica_4994,caracteristica_4995,caracteristica_4996,caracteristica_4997,caracteristica_4998,caracteristica_4999,caracteristica_5000,caracteristica_5001,caracteristica_5002,caracteristica_5003,caracteristica_5004,caracteristica_5005,caracteristica_5006,caracteristica_5007,caracteristica_5008,caracteristica_5009,caracteristica_5010,caracteristica_5011,caracteristica_5012,caracteristica_5013,caracteristica_5014,caracteristica_5015,caracteristica_5016,caracteristica_5017,caracteristica_5018,caracteristica_5019,caracteristica_5020,caracteristica_5021,caracteristica_5022,caracteristica_5023,caracteristica_5024,caracteristica_5025,caracteristica_5026,caracteristica_5027,caracteristica_5028,caracteristica_5029,caracteristica_5030,caracteristica_5031,caracteristica_5032,caracteristica_5033,caracteristica_5034,caracteristica_5035,caracteristica_5036,caracteristica_5037,caracteristica_5038,caracteristica_5039,caracteristica_5040,caracteristica_5041,caracteristica_5042,caracteristica_5043,caracteristica_5044,caracteristica_5045,caracteristica_5046,caracteristica_5047,caracteristica_5048,caracteristica_5049,caracteristica_5050,caracteristica_5051,caracteristica_5052,caracteristica_5053,caracteristica_5054,caracteristica_5055,caracteristica_5056,caracteristica_5057,caracteristica_5058,caracteristica_5059,caracteristica_5060,caracteristica_5061,caracteristica_5062,caracteristica_5063,caracteristica_5064,caracteristica_5065,caracteristica_5066,caracteristica_5067,caracteristica_5068,caracteristica_5069,caracteristica_5070,caracteristica_5071,caracteristica_5072,caracteristica_5073,caracteristica_5074,caracteristica_5075,caracteristica_5076,caracteristica_5077,caracteristica_5078,caracteristica_5079,caracteristica_5080,caracteristica_5081,caracteristica_5082,caracteristica_5083,caracteristica_5084,caracteristica_5085,caracteristica_5086,caracteristica_5087,caracteristica_5088,caracteristica_5089,caracteristica_5090,caracteristica_5091,caracteristica_5092,caracteristica_5093,caracteristica_5094,caracteristica_5095,caracteristica_5096,caracteristica_5097,caracteristica_5098,caracteristica_5099,caracteristica_5100,caracteristica_5101,caracteristica_5102,caracteristica_5103,caracteristica_5104,caracteristica_5105,caracteristica_5106,caracteristica_5107,caracteristica_5108,caracteristica_5109,caracteristica_5110,caracteristica_5111,caracteristica_5112,caracteristica_5113,caracteristica_5114,caracteristica_5115,caracteristica_5116,caracteristica_5117,caracteristica_5118,caracteristica_5119,caracteristica_5120,caracteristica_5121,caracteristica_5122,caracteristica_5123,caracteristica_5124,caracteristica_5125,caracteristica_5126,caracteristica_5127,caracteristica_5128,caracteristica_5129,caracteristica_5130,caracteristica_5131,caracteristica_5132,caracteristica_5133,caracteristica_5134,caracteristica_5135,caracteristica_5136,caracteristica_5137,caracteristica_5138,caracteristica_5139,caracteristica_5140,caracteristica_5141,caracteristica_5142,caracteristica_5143,caracteristica_5144,caracteristica_5145,caracteristica_5146,caracteristica_5147,caracteristica_5148,caracteristica_5149,caracteristica_5150,caracteristica_5151,caracteristica_5152,caracteristica_5153,caracteristica_5154,caracteristica_5155,caracteristica_5156,caracteristica_5157,caracteristica_5158,caracteristica_5159,caracteristica_5160,caracteristica_5161,caracteristica_5162,caracteristica_5163,caracteristica_5164,caracteristica_5165,caracteristica_5166,caracteristica_5167,caracteristica_5168,caracteristica_5169,caracteristica_5170,caracteristica_5171,caracteristica_5172,caracteristica_5173,caracteristica_5174,caracteristica_5175,caracteristica_5176,caracteristica_5177,caracteristica_5178,caracteristica_5179,caracteristica_5180,caracteristica_5181,caracteristica_5182,caracteristica_5183,caracteristica_5184,caracteristica_5185,caracteristica_5186,caracteristica_5187,caracteristica_5188,caracteristica_5189,caracteristica_5190,caracteristica_5191,caracteristica_5192,caracteristica_5193,caracteristica_5194,caracteristica_5195,caracteristica_5196,caracteristica_5197,caracteristica_5198,caracteristica_5199,caracteristica_5200,caracteristica_5201,caracteristica_5202,caracteristica_5203,caracteristica_5204,caracteristica_5205,caracteristica_5206,caracteristica_5207,caracteristica_5208,caracteristica_5209,caracteristica_5210,caracteristica_5211,caracteristica_5212,caracteristica_5213,caracteristica_5214,caracteristica_5215,caracteristica_5216,caracteristica_5217,caracteristica_5218,caracteristica_5219,caracteristica_5220,caracteristica_5221,caracteristica_5222,caracteristica_5223,caracteristica_5224,caracteristica_5225,caracteristica_5226,caracteristica_5227,caracteristica_5228,caracteristica_5229,caracteristica_5230,caracteristica_5231,caracteristica_5232,caracteristica_5233,caracteristica_5234,caracteristica_5235,caracteristica_5236,caracteristica_5237,caracteristica_5238,caracteristica_5239,caracteristica_5240,caracteristica_5241,caracteristica_5242,caracteristica_5243,caracteristica_5244,caracteristica_5245,caracteristica_5246,caracteristica_5247,caracteristica_5248,caracteristica_5249,caracteristica_5250,caracteristica_5251,caracteristica_5252,caracteristica_5253,caracteristica_5254,caracteristica_5255,caracteristica_5256,caracteristica_5257,caracteristica_5258,caracteristica_5259,caracteristica_5260,caracteristica_5261,caracteristica_5262,caracteristica_5263,caracteristica_5264,caracteristica_5265,caracteristica_5266,caracteristica_5267,caracteristica_5268,caracteristica_5269,caracteristica_5270,caracteristica_5271,caracteristica_5272,caracteristica_5273,caracteristica_5274,caracteristica_5275,caracteristica_5276,caracteristica_5277,caracteristica_5278,caracteristica_5279,caracteristica_5280,caracteristica_5281,caracteristica_5282,caracteristica_5283,caracteristica_5284,caracteristica_5285,caracteristica_5286,caracteristica_5287,caracteristica_5288,caracteristica_5289,caracteristica_5290,caracteristica_5291,caracteristica_5292,caracteristica_5293,caracteristica_5294,caracteristica_5295,caracteristica_5296,caracteristica_5297,caracteristica_5298,caracteristica_5299,caracteristica_5300,caracteristica_5301,caracteristica_5302,caracteristica_5303,caracteristica_5304,caracteristica_5305,caracteristica_5306,caracteristica_5307,caracteristica_5308,caracteristica_5309,caracteristica_5310,caracteristica_5311,caracteristica_5312,caracteristica_5313,caracteristica_5314,caracteristica_5315,caracteristica_5316,caracteristica_5317,caracteristica_5318,caracteristica_5319,caracteristica_5320,caracteristica_5321,caracteristica_5322,caracteristica_5323,caracteristica_5324,caracteristica_5325,caracteristica_5326,caracteristica_5327,caracteristica_5328,caracteristica_5329,caracteristica_5330,caracteristica_5331,caracteristica_5332,caracteristica_5333,caracteristica_5334,caracteristica_5335,caracteristica_5336,caracteristica_5337,caracteristica_5338,caracteristica_5339,caracteristica_5340,caracteristica_5341,caracteristica_5342,caracteristica_5343,caracteristica_5344,caracteristica_5345,caracteristica_5346,caracteristica_5347,caracteristica_5348,caracteristica_5349,caracteristica_5350,caracteristica_5351,caracteristica_5352,caracteristica_5353,caracteristica_5354,caracteristica_5355,caracteristica_5356,caracteristica_5357,caracteristica_5358,caracteristica_5359,caracteristica_5360,caracteristica_5361,caracteristica_5362,caracteristica_5363,caracteristica_5364,caracteristica_5365,caracteristica_5366,caracteristica_5367,caracteristica_5368,caracteristica_5369,caracteristica_5370,caracteristica_5371,caracteristica_5372,caracteristica_5373,caracteristica_5374,caracteristica_5375,caracteristica_5376,caracteristica_5377,caracteristica_5378,caracteristica_5379,caracteristica_5380,caracteristica_5381,caracteristica_5382,caracteristica_5383,caracteristica_5384,caracteristica_5385,caracteristica_5386,caracteristica_5387,caracteristica_5388,caracteristica_5389,caracteristica_5390,caracteristica_5391,caracteristica_5392,caracteristica_5393,caracteristica_5394,caracteristica_5395,caracteristica_5396,caracteristica_5397,caracteristica_5398,caracteristica_5399,caracteristica_5400,caracteristica_5401,caracteristica_5402,caracteristica_5403,caracteristica_5404,caracteristica_5405,caracteristica_5406,caracteristica_5407,caracteristica_5408,caracteristica_5409,caracteristica_5410,caracteristica_5411,caracteristica_5412,caracteristica_5413,caracteristica_5414,caracteristica_5415,caracteristica_5416,caracteristica_5417,caracteristica_5418,caracteristica_5419,caracteristica_5420,caracteristica_5421,caracteristica_5422,caracteristica_5423,caracteristica_5424,caracteristica_5425,caracteristica_5426,caracteristica_5427,caracteristica_5428,caracteristica_5429,caracteristica_5430,caracteristica_5431,caracteristica_5432,caracteristica_5433,caracteristica_5434,caracteristica_5435,caracteristica_5436,caracteristica_5437,caracteristica_5438,caracteristica_5439,caracteristica_5440,caracteristica_5441,caracteristica_5442,caracteristica_5443,caracteristica_5444,caracteristica_5445,caracteristica_5446,caracteristica_5447,caracteristica_5448,caracteristica_5449,caracteristica_5450,caracteristica_5451,caracteristica_5452,caracteristica_5453,caracteristica_5454,caracteristica_5455,caracteristica_5456,caracteristica_5457,caracteristica_5458,caracteristica_5459,caracteristica_5460,caracteristica_5461,caracteristica_5462,caracteristica_5463,caracteristica_5464,caracteristica_5465,caracteristica_5466,caracteristica_5467,caracteristica_5468,caracteristica_5469,caracteristica_5470,caracteristica_5471,caracteristica_5472,caracteristica_5473,caracteristica_5474,caracteristica_5475,caracteristica_5476,caracteristica_5477,caracteristica_5478,caracteristica_5479,caracteristica_5480,caracteristica_5481,caracteristica_5482,caracteristica_5483,caracteristica_5484,caracteristica_5485,caracteristica_5486,caracteristica_5487,caracteristica_5488,caracteristica_5489,caracteristica_5490,caracteristica_5491,caracteristica_5492,caracteristica_5493,caracteristica_5494,caracteristica_5495,caracteristica_5496,caracteristica_5497,caracteristica_5498,caracteristica_5499,caracteristica_5500,caracteristica_5501,caracteristica_5502,caracteristica_5503,caracteristica_5504,caracteristica_5505,caracteristica_5506,caracteristica_5507,caracteristica_5508,caracteristica_5509,caracteristica_5510,caracteristica_5511,caracteristica_5512,caracteristica_5513,caracteristica_5514,caracteristica_5515,caracteristica_5516,caracteristica_5517,caracteristica_5518,caracteristica_5519,caracteristica_5520,caracteristica_5521,caracteristica_5522,caracteristica_5523,caracteristica_5524,caracteristica_5525,caracteristica_5526,caracteristica_5527,caracteristica_5528,caracteristica_5529,caracteristica_5530,caracteristica_5531,caracteristica_5532,caracteristica_5533,caracteristica_5534,caracteristica_5535,caracteristica_5536,caracteristica_5537,caracteristica_5538,caracteristica_5539,caracteristica_5540,caracteristica_5541,caracteristica_5542,caracteristica_5543,caracteristica_5544,caracteristica_5545,caracteristica_5546,caracteristica_5547,caracteristica_5548,caracteristica_5549,caracteristica_5550,caracteristica_5551,caracteristica_5552,caracteristica_5553,caracteristica_5554,caracteristica_5555,caracteristica_5556,caracteristica_5557,caracteristica_5558,caracteristica_5559,caracteristica_5560,caracteristica_5561,caracteristica_5562,caracteristica_5563,caracteristica_5564,caracteristica_5565,caracteristica_5566,caracteristica_5567,caracteristica_5568,caracteristica_5569,caracteristica_5570,caracteristica_5571,caracteristica_5572,caracteristica_5573,caracteristica_5574,caracteristica_5575,caracteristica_5576,caracteristica_5577,caracteristica_5578,caracteristica_5579,caracteristica_5580,caracteristica_5581,caracteristica_5582,caracteristica_5583,caracteristica_5584,caracteristica_5585,caracteristica_5586,caracteristica_5587,caracteristica_5588,caracteristica_5589,caracteristica_5590,caracteristica_5591,caracteristica_5592,caracteristica_5593,caracteristica_5594,caracteristica_5595,caracteristica_5596,caracteristica_5597,caracteristica_5598,caracteristica_5599,caracteristica_5600,caracteristica_5601,caracteristica_5602,caracteristica_5603,caracteristica_5604,caracteristica_5605,caracteristica_5606,caracteristica_5607,caracteristica_5608,caracteristica_5609,caracteristica_5610,caracteristica_5611,caracteristica_5612,caracteristica_5613,caracteristica_5614,caracteristica_5615,caracteristica_5616,caracteristica_5617,caracteristica_5618,caracteristica_5619,caracteristica_5620,caracteristica_5621,caracteristica_5622,caracteristica_5623,caracteristica_5624,caracteristica_5625,caracteristica_5626,caracteristica_5627,caracteristica_5628,caracteristica_5629,caracteristica_5630,caracteristica_5631,caracteristica_5632,caracteristica_5633,caracteristica_5634,caracteristica_5635,caracteristica_5636,caracteristica_5637,caracteristica_5638,caracteristica_5639,caracteristica_5640,caracteristica_5641,caracteristica_5642,caracteristica_5643,caracteristica_5644,caracteristica_5645,caracteristica_5646,caracteristica_5647,caracteristica_5648,caracteristica_5649,caracteristica_5650,caracteristica_5651,caracteristica_5652,caracteristica_5653,caracteristica_5654,caracteristica_5655,caracteristica_5656,caracteristica_5657,caracteristica_5658,caracteristica_5659,caracteristica_5660,caracteristica_5661,caracteristica_5662,caracteristica_5663,caracteristica_5664,caracteristica_5665,caracteristica_5666,caracteristica_5667,caracteristica_5668,caracteristica_5669,caracteristica_5670,caracteristica_5671,caracteristica_5672,caracteristica_5673,caracteristica_5674,caracteristica_5675,caracteristica_5676,caracteristica_5677,caracteristica_5678,caracteristica_5679,caracteristica_5680,caracteristica_5681,caracteristica_5682,caracteristica_5683,caracteristica_5684,caracteristica_5685,caracteristica_5686,caracteristica_5687,caracteristica_5688,caracteristica_5689,caracteristica_5690,caracteristica_5691,caracteristica_5692,caracteristica_5693,caracteristica_5694,caracteristica_5695,caracteristica_5696,caracteristica_5697,caracteristica_5698,caracteristica_5699,caracteristica_5700,caracteristica_5701,caracteristica_5702,caracteristica_5703,caracteristica_5704,caracteristica_5705,caracteristica_5706,caracteristica_5707,caracteristica_5708,caracteristica_5709,caracteristica_5710,caracteristica_5711,caracteristica_5712,caracteristica_5713,caracteristica_5714,caracteristica_5715,caracteristica_5716,caracteristica_5717,caracteristica_5718,caracteristica_5719,caracteristica_5720,caracteristica_5721,caracteristica_5722,caracteristica_5723,caracteristica_5724,caracteristica_5725,caracteristica_5726,caracteristica_5727,caracteristica_5728,caracteristica_5729,caracteristica_5730,caracteristica_5731,caracteristica_5732,caracteristica_5733,caracteristica_5734,caracteristica_5735,caracteristica_5736,caracteristica_5737,caracteristica_5738,caracteristica_5739,caracteristica_5740,caracteristica_5741,caracteristica_5742,caracteristica_5743,caracteristica_5744,caracteristica_5745,caracteristica_5746,caracteristica_5747,caracteristica_5748,caracteristica_5749,caracteristica_5750,caracteristica_5751,caracteristica_5752,caracteristica_5753,caracteristica_5754,caracteristica_5755,caracteristica_5756,caracteristica_5757,caracteristica_5758,caracteristica_5759,caracteristica_5760,caracteristica_5761,caracteristica_5762,caracteristica_5763,caracteristica_5764,caracteristica_5765,caracteristica_5766,caracteristica_5767,caracteristica_5768,caracteristica_5769,caracteristica_5770,caracteristica_5771,caracteristica_5772,caracteristica_5773,caracteristica_5774,caracteristica_5775,caracteristica_5776,caracteristica_5777,caracteristica_5778,caracteristica_5779,caracteristica_5780,caracteristica_5781,caracteristica_5782,caracteristica_5783,caracteristica_5784,caracteristica_5785,caracteristica_5786,caracteristica_5787,caracteristica_5788,caracteristica_5789,caracteristica_5790,caracteristica_5791,caracteristica_5792,caracteristica_5793,caracteristica_5794,caracteristica_5795,caracteristica_5796,caracteristica_5797,caracteristica_5798,caracteristica_5799,caracteristica_5800,caracteristica_5801,caracteristica_5802,caracteristica_5803,caracteristica_5804,caracteristica_5805,caracteristica_5806,caracteristica_5807,caracteristica_5808,caracteristica_5809,caracteristica_5810,caracteristica_5811,caracteristica_5812,caracteristica_5813,caracteristica_5814,caracteristica_5815,caracteristica_5816,caracteristica_5817,caracteristica_5818,caracteristica_5819,caracteristica_5820,caracteristica_5821,caracteristica_5822,caracteristica_5823,caracteristica_5824,caracteristica_5825,caracteristica_5826,caracteristica_5827,caracteristica_5828,caracteristica_5829,caracteristica_5830,caracteristica_5831,caracteristica_5832,caracteristica_5833,caracteristica_5834,caracteristica_5835,caracteristica_5836,caracteristica_5837,caracteristica_5838,caracteristica_5839,caracteristica_5840,caracteristica_5841,caracteristica_5842,caracteristica_5843,caracteristica_5844,caracteristica_5845,caracteristica_5846,caracteristica_5847,caracteristica_5848,caracteristica_5849,caracteristica_5850,caracteristica_5851,caracteristica_5852,caracteristica_5853,caracteristica_5854,caracteristica_5855,caracteristica_5856,caracteristica_5857,caracteristica_5858,caracteristica_5859,caracteristica_5860,caracteristica_5861,caracteristica_5862,caracteristica_5863,caracteristica_5864,caracteristica_5865,caracteristica_5866,caracteristica_5867,caracteristica_5868,caracteristica_5869,caracteristica_5870,caracteristica_5871,caracteristica_5872,caracteristica_5873,caracteristica_5874,caracteristica_5875,caracteristica_5876,caracteristica_5877,caracteristica_5878,caracteristica_5879,caracteristica_5880,caracteristica_5881,caracteristica_5882,caracteristica_5883,caracteristica_5884,caracteristica_5885,caracteristica_5886,caracteristica_5887,caracteristica_5888,caracteristica_5889,caracteristica_5890,caracteristica_5891,caracteristica_5892,caracteristica_5893,caracteristica_5894,caracteristica_5895,caracteristica_5896,caracteristica_5897,caracteristica_5898,caracteristica_5899,caracteristica_5900,caracteristica_5901,caracteristica_5902,caracteristica_5903,caracteristica_5904,caracteristica_5905,caracteristica_5906,caracteristica_5907,caracteristica_5908,caracteristica_5909,caracteristica_5910,caracteristica_5911,caracteristica_5912,caracteristica_5913,caracteristica_5914,caracteristica_5915,caracteristica_5916,caracteristica_5917,caracteristica_5918,caracteristica_5919,caracteristica_5920,caracteristica_5921,caracteristica_5922,caracteristica_5923,caracteristica_5924,caracteristica_5925,caracteristica_5926,caracteristica_5927,caracteristica_5928,caracteristica_5929,caracteristica_5930,caracteristica_5931,caracteristica_5932,caracteristica_5933,caracteristica_5934,caracteristica_5935,caracteristica_5936,caracteristica_5937,caracteristica_5938,caracteristica_5939,caracteristica_5940,caracteristica_5941,caracteristica_5942,caracteristica_5943,caracteristica_5944,caracteristica_5945,caracteristica_5946,caracteristica_5947,caracteristica_5948,caracteristica_5949,caracteristica_5950,caracteristica_5951,caracteristica_5952,caracteristica_5953,caracteristica_5954,caracteristica_5955,caracteristica_5956,caracteristica_5957,caracteristica_5958,caracteristica_5959,caracteristica_5960,caracteristica_5961,caracteristica_5962,caracteristica_5963,caracteristica_5964,caracteristica_5965,caracteristica_5966,caracteristica_5967,caracteristica_5968,caracteristica_5969,caracteristica_5970,caracteristica_5971,caracteristica_5972,caracteristica_5973,caracteristica_5974,caracteristica_5975,caracteristica_5976,caracteristica_5977,caracteristica_5978,caracteristica_5979,caracteristica_5980,caracteristica_5981,caracteristica_5982,caracteristica_5983,caracteristica_5984,caracteristica_5985,caracteristica_5986,caracteristica_5987,caracteristica_5988,caracteristica_5989,caracteristica_5990,caracteristica_5991,caracteristica_5992,caracteristica_5993,caracteristica_5994,caracteristica_5995,caracteristica_5996,caracteristica_5997,caracteristica_5998,caracteristica_5999,caracteristica_6000,caracteristica_6001,caracteristica_6002,caracteristica_6003,caracteristica_6004,caracteristica_6005,caracteristica_6006,caracteristica_6007,caracteristica_6008,caracteristica_6009,caracteristica_6010,caracteristica_6011,caracteristica_6012,caracteristica_6013,caracteristica_6014,caracteristica_6015,caracteristica_6016,caracteristica_6017,caracteristica_6018,caracteristica_6019,caracteristica_6020,caracteristica_6021,caracteristica_6022,caracteristica_6023,caracteristica_6024,caracteristica_6025,caracteristica_6026,caracteristica_6027,caracteristica_6028,caracteristica_6029,caracteristica_6030,caracteristica_6031,caracteristica_6032,caracteristica_6033,caracteristica_6034,caracteristica_6035,caracteristica_6036,caracteristica_6037,caracteristica_6038,caracteristica_6039,caracteristica_6040,caracteristica_6041,caracteristica_6042,caracteristica_6043,caracteristica_6044,caracteristica_6045,caracteristica_6046,caracteristica_6047,caracteristica_6048,caracteristica_6049,caracteristica_6050,caracteristica_6051,caracteristica_6052,caracteristica_6053,caracteristica_6054,caracteristica_6055,caracteristica_6056,caracteristica_6057,caracteristica_6058,caracteristica_6059,caracteristica_6060,caracteristica_6061,caracteristica_6062,caracteristica_6063,caracteristica_6064,caracteristica_6065,caracteristica_6066,caracteristica_6067,caracteristica_6068,caracteristica_6069,caracteristica_6070,caracteristica_6071,caracteristica_6072,caracteristica_6073,caracteristica_6074,caracteristica_6075,caracteristica_6076,caracteristica_6077,caracteristica_6078,caracteristica_6079,caracteristica_6080,caracteristica_6081,caracteristica_6082,caracteristica_6083,caracteristica_6084,caracteristica_6085,caracteristica_6086,caracteristica_6087,caracteristica_6088,caracteristica_6089,caracteristica_6090,caracteristica_6091,caracteristica_6092,caracteristica_6093,caracteristica_6094,caracteristica_6095,caracteristica_6096,caracteristica_6097,caracteristica_6098,caracteristica_6099,caracteristica_6100,caracteristica_6101,caracteristica_6102,caracteristica_6103,caracteristica_6104,caracteristica_6105,caracteristica_6106,caracteristica_6107,caracteristica_6108,caracteristica_6109,caracteristica_6110,caracteristica_6111,caracteristica_6112,caracteristica_6113,caracteristica_6114,caracteristica_6115,caracteristica_6116,caracteristica_6117,caracteristica_6118,caracteristica_6119,caracteristica_6120,caracteristica_6121,caracteristica_6122,caracteristica_6123,caracteristica_6124,caracteristica_6125,caracteristica_6126,caracteristica_6127,caracteristica_6128,caracteristica_6129,caracteristica_6130,caracteristica_6131,caracteristica_6132,caracteristica_6133,caracteristica_6134,caracteristica_6135,caracteristica_6136,caracteristica_6137,caracteristica_6138,caracteristica_6139,caracteristica_6140,caracteristica_6141,caracteristica_6142,caracteristica_6143,caracteristica_6144,caracteristica_6145,caracteristica_6146,caracteristica_6147,caracteristica_6148,caracteristica_6149,caracteristica_6150,caracteristica_6151,caracteristica_6152,caracteristica_6153,caracteristica_6154,caracteristica_6155,caracteristica_6156,caracteristica_6157,caracteristica_6158,caracteristica_6159,caracteristica_6160,caracteristica_6161,caracteristica_6162,caracteristica_6163,caracteristica_6164,caracteristica_6165,caracteristica_6166,caracteristica_6167,caracteristica_6168,caracteristica_6169,caracteristica_6170,caracteristica_6171,caracteristica_6172,caracteristica_6173,caracteristica_6174,caracteristica_6175,caracteristica_6176,caracteristica_6177,caracteristica_6178,caracteristica_6179,caracteristica_6180,caracteristica_6181,caracteristica_6182,caracteristica_6183,caracteristica_6184,caracteristica_6185,caracteristica_6186,caracteristica_6187,caracteristica_6188,caracteristica_6189,caracteristica_6190,caracteristica_6191,caracteristica_6192,caracteristica_6193,caracteristica_6194,caracteristica_6195,caracteristica_6196,caracteristica_6197,caracteristica_6198,caracteristica_6199,caracteristica_6200,caracteristica_6201,caracteristica_6202,caracteristica_6203,caracteristica_6204,caracteristica_6205,caracteristica_6206,caracteristica_6207,caracteristica_6208,caracteristica_6209,caracteristica_6210,caracteristica_6211,caracteristica_6212,caracteristica_6213,caracteristica_6214,caracteristica_6215,caracteristica_6216,caracteristica_6217,caracteristica_6218,caracteristica_6219,caracteristica_6220,caracteristica_6221,caracteristica_6222,caracteristica_6223,caracteristica_6224,caracteristica_6225,caracteristica_6226,caracteristica_6227,caracteristica_6228,caracteristica_6229,caracteristica_6230,caracteristica_6231,caracteristica_6232,caracteristica_6233,caracteristica_6234,caracteristica_6235,caracteristica_6236,caracteristica_6237,caracteristica_6238,caracteristica_6239,caracteristica_6240,caracteristica_6241,caracteristica_6242,caracteristica_6243,caracteristica_6244,caracteristica_6245,caracteristica_6246,caracteristica_6247,caracteristica_6248,caracteristica_6249,caracteristica_6250,caracteristica_6251,caracteristica_6252,caracteristica_6253,caracteristica_6254,caracteristica_6255,caracteristica_6256,caracteristica_6257,caracteristica_6258,caracteristica_6259,caracteristica_6260,caracteristica_6261,caracteristica_6262,caracteristica_6263,caracteristica_6264,caracteristica_6265,caracteristica_6266,caracteristica_6267,caracteristica_6268,caracteristica_6269,caracteristica_6270,caracteristica_6271,caracteristica_6272,caracteristica_6273,caracteristica_6274,caracteristica_6275,caracteristica_6276,caracteristica_6277,caracteristica_6278,caracteristica_6279,caracteristica_6280,caracteristica_6281,caracteristica_6282,caracteristica_6283,caracteristica_6284,caracteristica_6285,caracteristica_6286,caracteristica_6287,caracteristica_6288,caracteristica_6289,caracteristica_6290,caracteristica_6291,caracteristica_6292,caracteristica_6293,caracteristica_6294,caracteristica_6295,caracteristica_6296,caracteristica_6297,caracteristica_6298,caracteristica_6299,caracteristica_6300,caracteristica_6301,caracteristica_6302,caracteristica_6303,caracteristica_6304,caracteristica_6305,caracteristica_6306,caracteristica_6307,caracteristica_6308,caracteristica_6309,caracteristica_6310,caracteristica_6311,caracteristica_6312,caracteristica_6313,caracteristica_6314,caracteristica_6315,caracteristica_6316,caracteristica_6317,caracteristica_6318,caracteristica_6319,caracteristica_6320,caracteristica_6321,caracteristica_6322,caracteristica_6323,caracteristica_6324,caracteristica_6325,caracteristica_6326,caracteristica_6327,caracteristica_6328,caracteristica_6329,caracteristica_6330,caracteristica_6331,caracteristica_6332,caracteristica_6333,caracteristica_6334,caracteristica_6335,caracteristica_6336,caracteristica_6337,caracteristica_6338,caracteristica_6339,caracteristica_6340,caracteristica_6341,caracteristica_6342,caracteristica_6343,caracteristica_6344,caracteristica_6345,caracteristica_6346,caracteristica_6347,caracteristica_6348,caracteristica_6349,caracteristica_6350,caracteristica_6351,caracteristica_6352,caracteristica_6353,caracteristica_6354,caracteristica_6355,caracteristica_6356,caracteristica_6357,caracteristica_6358,caracteristica_6359,caracteristica_6360,caracteristica_6361,caracteristica_6362,caracteristica_6363,caracteristica_6364,caracteristica_6365,caracteristica_6366,caracteristica_6367,caracteristica_6368,caracteristica_6369,caracteristica_6370,caracteristica_6371,caracteristica_6372,caracteristica_6373,caracteristica_6374,caracteristica_6375,caracteristica_6376,caracteristica_6377,caracteristica_6378,caracteristica_6379,caracteristica_6380,caracteristica_6381,caracteristica_6382,caracteristica_6383,caracteristica_6384,caracteristica_6385,caracteristica_6386,caracteristica_6387,caracteristica_6388,caracteristica_6389,caracteristica_6390,caracteristica_6391,caracteristica_6392,caracteristica_6393,caracteristica_6394,caracteristica_6395,caracteristica_6396,caracteristica_6397,caracteristica_6398,caracteristica_6399,caracteristica_6400,caracteristica_6401,caracteristica_6402,caracteristica_6403,caracteristica_6404,caracteristica_6405,caracteristica_6406,caracteristica_6407,caracteristica_6408,caracteristica_6409,caracteristica_6410,caracteristica_6411,caracteristica_6412,caracteristica_6413,caracteristica_6414,caracteristica_6415,caracteristica_6416,caracteristica_6417,caracteristica_6418,caracteristica_6419,caracteristica_6420,caracteristica_6421,caracteristica_6422,caracteristica_6423,caracteristica_6424,caracteristica_6425,caracteristica_6426,caracteristica_6427,caracteristica_6428,caracteristica_6429,caracteristica_6430,caracteristica_6431,caracteristica_6432,caracteristica_6433,caracteristica_6434,caracteristica_6435,caracteristica_6436,caracteristica_6437,caracteristica_6438,caracteristica_6439,caracteristica_6440,caracteristica_6441,caracteristica_6442,caracteristica_6443,caracteristica_6444,caracteristica_6445,caracteristica_6446,caracteristica_6447,caracteristica_6448,caracteristica_6449,caracteristica_6450,caracteristica_6451,caracteristica_6452,caracteristica_6453,caracteristica_6454,caracteristica_6455,caracteristica_6456,caracteristica_6457,caracteristica_6458,caracteristica_6459,caracteristica_6460,caracteristica_6461,caracteristica_6462,caracteristica_6463,caracteristica_6464,caracteristica_6465,caracteristica_6466,caracteristica_6467,caracteristica_6468,caracteristica_6469,caracteristica_6470,caracteristica_6471,caracteristica_6472,caracteristica_6473,caracteristica_6474,caracteristica_6475,caracteristica_6476,caracteristica_6477,caracteristica_6478,caracteristica_6479,caracteristica_6480,caracteristica_6481,caracteristica_6482,caracteristica_6483,caracteristica_6484,caracteristica_6485,caracteristica_6486,caracteristica_6487,caracteristica_6488,caracteristica_6489,caracteristica_6490,caracteristica_6491,caracteristica_6492,caracteristica_6493,caracteristica_6494,caracteristica_6495,caracteristica_6496,caracteristica_6497,caracteristica_6498,caracteristica_6499,caracteristica_6500,caracteristica_6501,caracteristica_6502,caracteristica_6503,caracteristica_6504,caracteristica_6505,caracteristica_6506,caracteristica_6507,caracteristica_6508,caracteristica_6509,caracteristica_6510,caracteristica_6511,caracteristica_6512,caracteristica_6513,caracteristica_6514,caracteristica_6515,caracteristica_6516,caracteristica_6517,caracteristica_6518,caracteristica_6519,caracteristica_6520,caracteristica_6521,caracteristica_6522,caracteristica_6523,caracteristica_6524,caracteristica_6525,caracteristica_6526,caracteristica_6527,caracteristica_6528,caracteristica_6529,caracteristica_6530,caracteristica_6531,caracteristica_6532,caracteristica_6533,caracteristica_6534,caracteristica_6535,caracteristica_6536,caracteristica_6537,caracteristica_6538,caracteristica_6539,caracteristica_6540,caracteristica_6541,caracteristica_6542,caracteristica_6543,caracteristica_6544,caracteristica_6545,caracteristica_6546,caracteristica_6547,caracteristica_6548,caracteristica_6549,caracteristica_6550,caracteristica_6551,caracteristica_6552,caracteristica_6553,caracteristica_6554,caracteristica_6555,caracteristica_6556,caracteristica_6557,caracteristica_6558,caracteristica_6559,caracteristica_6560,caracteristica_6561,caracteristica_6562,caracteristica_6563,caracteristica_6564,caracteristica_6565,caracteristica_6566,caracteristica_6567,caracteristica_6568,caracteristica_6569,caracteristica_6570,caracteristica_6571,caracteristica_6572,caracteristica_6573,caracteristica_6574,caracteristica_6575,caracteristica_6576,caracteristica_6577,caracteristica_6578,caracteristica_6579,caracteristica_6580,caracteristica_6581,caracteristica_6582,caracteristica_6583,caracteristica_6584,caracteristica_6585,caracteristica_6586,caracteristica_6587,caracteristica_6588,caracteristica_6589,caracteristica_6590,caracteristica_6591,caracteristica_6592,caracteristica_6593,caracteristica_6594,caracteristica_6595,caracteristica_6596,caracteristica_6597,caracteristica_6598,caracteristica_6599,caracteristica_6600,caracteristica_6601,caracteristica_6602,caracteristica_6603,caracteristica_6604,caracteristica_6605,caracteristica_6606,caracteristica_6607,caracteristica_6608,caracteristica_6609,caracteristica_6610,caracteristica_6611,caracteristica_6612,caracteristica_6613,caracteristica_6614,caracteristica_6615,caracteristica_6616,caracteristica_6617,caracteristica_6618,caracteristica_6619,caracteristica_6620,caracteristica_6621,caracteristica_6622,caracteristica_6623,caracteristica_6624,caracteristica_6625,caracteristica_6626,caracteristica_6627,caracteristica_6628,caracteristica_6629,caracteristica_6630,caracteristica_6631,caracteristica_6632,caracteristica_6633,caracteristica_6634,caracteristica_6635,caracteristica_6636,caracteristica_6637,caracteristica_6638,caracteristica_6639,caracteristica_6640,caracteristica_6641,caracteristica_6642,caracteristica_6643,caracteristica_6644,caracteristica_6645,caracteristica_6646,caracteristica_6647,caracteristica_6648,caracteristica_6649,caracteristica_6650,caracteristica_6651,caracteristica_6652,caracteristica_6653,caracteristica_6654,caracteristica_6655,caracteristica_6656,caracteristica_6657,caracteristica_6658,caracteristica_6659,caracteristica_6660,caracteristica_6661,caracteristica_6662,caracteristica_6663,caracteristica_6664,caracteristica_6665,caracteristica_6666,caracteristica_6667,caracteristica_6668,caracteristica_6669,caracteristica_6670,caracteristica_6671,caracteristica_6672,caracteristica_6673,caracteristica_6674,caracteristica_6675,caracteristica_6676,caracteristica_6677,caracteristica_6678,caracteristica_6679,caracteristica_6680,caracteristica_6681,caracteristica_6682,caracteristica_6683,caracteristica_6684,caracteristica_6685,caracteristica_6686,caracteristica_6687,caracteristica_6688,caracteristica_6689,caracteristica_6690,caracteristica_6691,caracteristica_6692,caracteristica_6693,caracteristica_6694,caracteristica_6695,caracteristica_6696,caracteristica_6697,caracteristica_6698,caracteristica_6699,caracteristica_6700,caracteristica_6701,caracteristica_6702,caracteristica_6703,caracteristica_6704,caracteristica_6705,caracteristica_6706,caracteristica_6707,caracteristica_6708,caracteristica_6709,caracteristica_6710,caracteristica_6711,caracteristica_6712,caracteristica_6713,caracteristica_6714,caracteristica_6715,caracteristica_6716,caracteristica_6717,caracteristica_6718,caracteristica_6719,caracteristica_6720,caracteristica_6721,caracteristica_6722,caracteristica_6723,caracteristica_6724,caracteristica_6725,caracteristica_6726,caracteristica_6727,caracteristica_6728,caracteristica_6729,caracteristica_6730,caracteristica_6731,caracteristica_6732,caracteristica_6733,caracteristica_6734,caracteristica_6735,caracteristica_6736,caracteristica_6737,caracteristica_6738,caracteristica_6739,caracteristica_6740,caracteristica_6741,caracteristica_6742,caracteristica_6743,caracteristica_6744,caracteristica_6745,caracteristica_6746,caracteristica_6747,caracteristica_6748,caracteristica_6749,caracteristica_6750,caracteristica_6751,caracteristica_6752,caracteristica_6753,caracteristica_6754,caracteristica_6755,caracteristica_6756,caracteristica_6757,caracteristica_6758,caracteristica_6759,caracteristica_6760,caracteristica_6761,caracteristica_6762,caracteristica_6763,caracteristica_6764,caracteristica_6765,caracteristica_6766,caracteristica_6767,caracteristica_6768,caracteristica_6769,caracteristica_6770,caracteristica_6771,caracteristica_6772,caracteristica_6773,caracteristica_6774,caracteristica_6775,caracteristica_6776,caracteristica_6777,caracteristica_6778,caracteristica_6779,caracteristica_6780,caracteristica_6781,caracteristica_6782,caracteristica_6783,caracteristica_6784,caracteristica_6785,caracteristica_6786,caracteristica_6787,caracteristica_6788,caracteristica_6789,caracteristica_6790,caracteristica_6791,caracteristica_6792,caracteristica_6793,caracteristica_6794,caracteristica_6795,caracteristica_6796,caracteristica_6797,caracteristica_6798,caracteristica_6799,caracteristica_6800,caracteristica_6801,caracteristica_6802,caracteristica_6803,caracteristica_6804,caracteristica_6805,caracteristica_6806,caracteristica_6807,caracteristica_6808,caracteristica_6809,caracteristica_6810,caracteristica_6811,caracteristica_6812,caracteristica_6813,caracteristica_6814,caracteristica_6815,caracteristica_6816,caracteristica_6817,caracteristica_6818,caracteristica_6819,caracteristica_6820,caracteristica_6821,caracteristica_6822,caracteristica_6823,caracteristica_6824,caracteristica_6825,caracteristica_6826,caracteristica_6827,caracteristica_6828,caracteristica_6829,caracteristica_6830,caracteristica_6831,caracteristica_6832,caracteristica_6833,caracteristica_6834,caracteristica_6835,caracteristica_6836,caracteristica_6837,caracteristica_6838,caracteristica_6839,caracteristica_6840,caracteristica_6841,caracteristica_6842,caracteristica_6843,caracteristica_6844,caracteristica_6845,caracteristica_6846,caracteristica_6847,caracteristica_6848,caracteristica_6849,caracteristica_6850,caracteristica_6851,caracteristica_6852,caracteristica_6853,caracteristica_6854,caracteristica_6855,caracteristica_6856,caracteristica_6857,caracteristica_6858,caracteristica_6859,caracteristica_6860,caracteristica_6861,caracteristica_6862,caracteristica_6863,caracteristica_6864,caracteristica_6865,caracteristica_6866,caracteristica_6867,caracteristica_6868,caracteristica_6869,caracteristica_6870,caracteristica_6871,caracteristica_6872,caracteristica_6873,caracteristica_6874,caracteristica_6875,caracteristica_6876,caracteristica_6877,caracteristica_6878,caracteristica_6879,caracteristica_6880,caracteristica_6881,caracteristica_6882,caracteristica_6883,caracteristica_6884,caracteristica_6885,caracteristica_6886,caracteristica_6887,caracteristica_6888,caracteristica_6889,caracteristica_6890,caracteristica_6891,caracteristica_6892,caracteristica_6893,caracteristica_6894,caracteristica_6895,caracteristica_6896,caracteristica_6897,caracteristica_6898,caracteristica_6899,caracteristica_6900,caracteristica_6901,caracteristica_6902,caracteristica_6903,caracteristica_6904,caracteristica_6905,caracteristica_6906,caracteristica_6907,caracteristica_6908,caracteristica_6909,caracteristica_6910,caracteristica_6911,caracteristica_6912,caracteristica_6913,caracteristica_6914,caracteristica_6915,caracteristica_6916,caracteristica_6917,caracteristica_6918,caracteristica_6919,caracteristica_6920,caracteristica_6921,caracteristica_6922,caracteristica_6923,caracteristica_6924,caracteristica_6925,caracteristica_6926,caracteristica_6927,caracteristica_6928,caracteristica_6929,caracteristica_6930,caracteristica_6931,caracteristica_6932,caracteristica_6933,caracteristica_6934,caracteristica_6935,caracteristica_6936,caracteristica_6937,caracteristica_6938,caracteristica_6939,caracteristica_6940,caracteristica_6941,caracteristica_6942,caracteristica_6943,caracteristica_6944,caracteristica_6945,caracteristica_6946,caracteristica_6947,caracteristica_6948,caracteristica_6949,caracteristica_6950,caracteristica_6951,caracteristica_6952,caracteristica_6953,caracteristica_6954,caracteristica_6955,caracteristica_6956,caracteristica_6957,caracteristica_6958,caracteristica_6959,caracteristica_6960,caracteristica_6961,caracteristica_6962,caracteristica_6963,caracteristica_6964,caracteristica_6965,caracteristica_6966,caracteristica_6967,caracteristica_6968,caracteristica_6969,caracteristica_6970,caracteristica_6971,caracteristica_6972,caracteristica_6973,caracteristica_6974,caracteristica_6975,caracteristica_6976,caracteristica_6977,caracteristica_6978,caracteristica_6979,caracteristica_6980,caracteristica_6981,caracteristica_6982,caracteristica_6983,caracteristica_6984,caracteristica_6985,caracteristica_6986,caracteristica_6987,caracteristica_6988,caracteristica_6989,caracteristica_6990,caracteristica_6991,caracteristica_6992,caracteristica_6993,caracteristica_6994,caracteristica_6995,caracteristica_6996,caracteristica_6997,caracteristica_6998,caracteristica_6999,caracteristica_7000,caracteristica_7001,caracteristica_7002,caracteristica_7003,caracteristica_7004,caracteristica_7005,caracteristica_7006,caracteristica_7007,caracteristica_7008,caracteristica_7009,caracteristica_7010,caracteristica_7011,caracteristica_7012,caracteristica_7013,caracteristica_7014,caracteristica_7015,caracteristica_7016,caracteristica_7017,caracteristica_7018,caracteristica_7019,caracteristica_7020,caracteristica_7021,caracteristica_7022,caracteristica_7023,caracteristica_7024,caracteristica_7025,caracteristica_7026,caracteristica_7027,caracteristica_7028,caracteristica_7029,caracteristica_7030,caracteristica_7031,caracteristica_7032,caracteristica_7033,caracteristica_7034,caracteristica_7035,caracteristica_7036,caracteristica_7037,caracteristica_7038,caracteristica_7039,caracteristica_7040,caracteristica_7041,caracteristica_7042,caracteristica_7043,caracteristica_7044,caracteristica_7045,caracteristica_7046,caracteristica_7047,caracteristica_7048,caracteristica_7049,caracteristica_7050,caracteristica_7051,caracteristica_7052,caracteristica_7053,caracteristica_7054,caracteristica_7055,caracteristica_7056,caracteristica_7057,caracteristica_7058,caracteristica_7059,caracteristica_7060,caracteristica_7061,caracteristica_7062,caracteristica_7063,caracteristica_7064,caracteristica_7065,caracteristica_7066,caracteristica_7067,caracteristica_7068,caracteristica_7069,caracteristica_7070,caracteristica_7071,caracteristica_7072,caracteristica_7073,caracteristica_7074,caracteristica_7075,caracteristica_7076,caracteristica_7077,caracteristica_7078,caracteristica_7079,caracteristica_7080,caracteristica_7081,caracteristica_7082,caracteristica_7083,caracteristica_7084,caracteristica_7085,caracteristica_7086,caracteristica_7087,caracteristica_7088,caracteristica_7089,caracteristica_7090,caracteristica_7091,caracteristica_7092,caracteristica_7093,caracteristica_7094,caracteristica_7095,caracteristica_7096,caracteristica_7097,caracteristica_7098,caracteristica_7099,caracteristica_7100,caracteristica_7101,caracteristica_7102,caracteristica_7103,caracteristica_7104,caracteristica_7105,caracteristica_7106,caracteristica_7107,caracteristica_7108,caracteristica_7109,caracteristica_7110,caracteristica_7111,caracteristica_7112,caracteristica_7113,caracteristica_7114,caracteristica_7115,caracteristica_7116,caracteristica_7117,caracteristica_7118,caracteristica_7119,caracteristica_7120,caracteristica_7121,caracteristica_7122,caracteristica_7123,caracteristica_7124,caracteristica_7125,caracteristica_7126,caracteristica_7127,caracteristica_7128,caracteristica_7129,caracteristica_7130,caracteristica_7131,caracteristica_7132,caracteristica_7133,caracteristica_7134,caracteristica_7135,caracteristica_7136,caracteristica_7137,caracteristica_7138,caracteristica_7139,caracteristica_7140,caracteristica_7141,caracteristica_7142,caracteristica_7143,caracteristica_7144,caracteristica_7145,caracteristica_7146,caracteristica_7147,caracteristica_7148,caracteristica_7149,caracteristica_7150,caracteristica_7151,caracteristica_7152,caracteristica_7153,caracteristica_7154,caracteristica_7155,caracteristica_7156,caracteristica_7157,caracteristica_7158,caracteristica_7159,caracteristica_7160,caracteristica_7161,caracteristica_7162,caracteristica_7163,caracteristica_7164,caracteristica_7165,caracteristica_7166,caracteristica_7167,caracteristica_7168,caracteristica_7169,caracteristica_7170,caracteristica_7171,caracteristica_7172,caracteristica_7173,caracteristica_7174,caracteristica_7175,caracteristica_7176,caracteristica_7177,caracteristica_7178,caracteristica_7179,caracteristica_7180,caracteristica_7181,caracteristica_7182,caracteristica_7183,caracteristica_7184,caracteristica_7185,caracteristica_7186,caracteristica_7187,caracteristica_7188,caracteristica_7189,caracteristica_7190,caracteristica_7191,caracteristica_7192,caracteristica_7193,caracteristica_7194,caracteristica_7195,caracteristica_7196,caracteristica_7197,caracteristica_7198,caracteristica_7199,caracteristica_7200,caracteristica_7201,caracteristica_7202,caracteristica_7203,caracteristica_7204,caracteristica_7205,caracteristica_7206,caracteristica_7207,caracteristica_7208,caracteristica_7209,caracteristica_7210,caracteristica_7211,caracteristica_7212,caracteristica_7213,caracteristica_7214,caracteristica_7215,caracteristica_7216,caracteristica_7217,caracteristica_7218,caracteristica_7219,caracteristica_7220,caracteristica_7221,caracteristica_7222,caracteristica_7223,caracteristica_7224,caracteristica_7225,caracteristica_7226,caracteristica_7227,caracteristica_7228,caracteristica_7229,caracteristica_7230,caracteristica_7231,caracteristica_7232,caracteristica_7233,caracteristica_7234,caracteristica_7235,caracteristica_7236,caracteristica_7237,caracteristica_7238,caracteristica_7239,caracteristica_7240,caracteristica_7241,caracteristica_7242,caracteristica_7243,caracteristica_7244,caracteristica_7245,caracteristica_7246,caracteristica_7247,caracteristica_7248,caracteristica_7249,caracteristica_7250,caracteristica_7251,caracteristica_7252,caracteristica_7253,caracteristica_7254,caracteristica_7255,caracteristica_7256,caracteristica_7257,caracteristica_7258,caracteristica_7259,caracteristica_7260,caracteristica_7261,caracteristica_7262,caracteristica_7263,caracteristica_7264,caracteristica_7265,caracteristica_7266,caracteristica_7267,caracteristica_7268,caracteristica_7269,caracteristica_7270,caracteristica_7271,caracteristica_7272,caracteristica_7273,caracteristica_7274,caracteristica_7275,caracteristica_7276,caracteristica_7277,caracteristica_7278,caracteristica_7279,caracteristica_7280,caracteristica_7281,caracteristica_7282,caracteristica_7283,caracteristica_7284,caracteristica_7285,caracteristica_7286,caracteristica_7287,caracteristica_7288,caracteristica_7289,caracteristica_7290,caracteristica_7291,caracteristica_7292,caracteristica_7293,caracteristica_7294,caracteristica_7295,caracteristica_7296,caracteristica_7297,caracteristica_7298,caracteristica_7299,caracteristica_7300,caracteristica_7301,caracteristica_7302,caracteristica_7303,caracteristica_7304,caracteristica_7305,caracteristica_7306,caracteristica_7307,caracteristica_7308,caracteristica_7309,caracteristica_7310,caracteristica_7311,caracteristica_7312,caracteristica_7313,caracteristica_7314,caracteristica_7315,caracteristica_7316,caracteristica_7317,caracteristica_7318,caracteristica_7319,caracteristica_7320,caracteristica_7321,caracteristica_7322,caracteristica_7323,caracteristica_7324,caracteristica_7325,caracteristica_7326,caracteristica_7327,caracteristica_7328,caracteristica_7329,caracteristica_7330,caracteristica_7331,caracteristica_7332,caracteristica_7333,caracteristica_7334,caracteristica_7335,caracteristica_7336,caracteristica_7337,caracteristica_7338,caracteristica_7339,caracteristica_7340,caracteristica_7341,caracteristica_7342,caracteristica_7343,caracteristica_7344,caracteristica_7345,caracteristica_7346,caracteristica_7347,caracteristica_7348,caracteristica_7349,caracteristica_7350,caracteristica_7351,caracteristica_7352,caracteristica_7353,caracteristica_7354,caracteristica_7355,caracteristica_7356,caracteristica_7357,caracteristica_7358,caracteristica_7359,caracteristica_7360,caracteristica_7361,caracteristica_7362,caracteristica_7363,caracteristica_7364,caracteristica_7365,caracteristica_7366,caracteristica_7367,caracteristica_7368,caracteristica_7369,caracteristica_7370,caracteristica_7371,caracteristica_7372,caracteristica_7373,caracteristica_7374,caracteristica_7375,caracteristica_7376,caracteristica_7377,caracteristica_7378,caracteristica_7379,caracteristica_7380,caracteristica_7381,caracteristica_7382,caracteristica_7383,caracteristica_7384,caracteristica_7385,caracteristica_7386,caracteristica_7387,caracteristica_7388,caracteristica_7389,caracteristica_7390,caracteristica_7391,caracteristica_7392,caracteristica_7393,caracteristica_7394,caracteristica_7395,caracteristica_7396,caracteristica_7397,caracteristica_7398,caracteristica_7399,caracteristica_7400,caracteristica_7401,caracteristica_7402,caracteristica_7403,caracteristica_7404,caracteristica_7405,caracteristica_7406,caracteristica_7407,caracteristica_7408,caracteristica_7409,caracteristica_7410,caracteristica_7411,caracteristica_7412,caracteristica_7413,caracteristica_7414,caracteristica_7415,caracteristica_7416,caracteristica_7417,caracteristica_7418,caracteristica_7419,caracteristica_7420,caracteristica_7421,caracteristica_7422,caracteristica_7423,caracteristica_7424,caracteristica_7425,caracteristica_7426,caracteristica_7427,caracteristica_7428,caracteristica_7429,caracteristica_7430,caracteristica_7431,caracteristica_7432,caracteristica_7433,caracteristica_7434,caracteristica_7435,caracteristica_7436,caracteristica_7437,caracteristica_7438,caracteristica_7439,caracteristica_7440,caracteristica_7441,caracteristica_7442,caracteristica_7443,caracteristica_7444,caracteristica_7445,caracteristica_7446,caracteristica_7447,caracteristica_7448,caracteristica_7449,caracteristica_7450,caracteristica_7451,caracteristica_7452,caracteristica_7453,caracteristica_7454,caracteristica_7455,caracteristica_7456,caracteristica_7457,caracteristica_7458,caracteristica_7459,caracteristica_7460,caracteristica_7461,caracteristica_7462,caracteristica_7463,caracteristica_7464,caracteristica_7465,caracteristica_7466,caracteristica_7467,caracteristica_7468,caracteristica_7469,caracteristica_7470,caracteristica_7471,caracteristica_7472,caracteristica_7473,caracteristica_7474,caracteristica_7475,caracteristica_7476,caracteristica_7477,caracteristica_7478,caracteristica_7479,caracteristica_7480,caracteristica_7481,caracteristica_7482,caracteristica_7483,caracteristica_7484,caracteristica_7485,caracteristica_7486,caracteristica_7487,caracteristica_7488,caracteristica_7489,caracteristica_7490,caracteristica_7491,caracteristica_7492,caracteristica_7493,caracteristica_7494,caracteristica_7495,caracteristica_7496,caracteristica_7497,caracteristica_7498,caracteristica_7499,caracteristica_7500,caracteristica_7501,caracteristica_7502,caracteristica_7503,caracteristica_7504,caracteristica_7505,caracteristica_7506,caracteristica_7507,caracteristica_7508,caracteristica_7509,caracteristica_7510,caracteristica_7511,caracteristica_7512,caracteristica_7513,caracteristica_7514,caracteristica_7515,caracteristica_7516,caracteristica_7517,caracteristica_7518,caracteristica_7519,caracteristica_7520,caracteristica_7521,caracteristica_7522,caracteristica_7523,caracteristica_7524,caracteristica_7525,caracteristica_7526,caracteristica_7527,caracteristica_7528,caracteristica_7529,caracteristica_7530,caracteristica_7531,caracteristica_7532,caracteristica_7533,caracteristica_7534,caracteristica_7535,caracteristica_7536,caracteristica_7537,caracteristica_7538,caracteristica_7539,caracteristica_7540,caracteristica_7541,caracteristica_7542,caracteristica_7543,caracteristica_7544,caracteristica_7545,caracteristica_7546,caracteristica_7547,caracteristica_7548,caracteristica_7549,caracteristica_7550,caracteristica_7551,caracteristica_7552,caracteristica_7553,caracteristica_7554,caracteristica_7555,caracteristica_7556,caracteristica_7557,caracteristica_7558,caracteristica_7559,caracteristica_7560,caracteristica_7561,caracteristica_7562,caracteristica_7563,caracteristica_7564,caracteristica_7565,caracteristica_7566,caracteristica_7567,caracteristica_7568,caracteristica_7569,caracteristica_7570,caracteristica_7571,caracteristica_7572,caracteristica_7573,caracteristica_7574,caracteristica_7575,caracteristica_7576,caracteristica_7577,caracteristica_7578,caracteristica_7579,caracteristica_7580,caracteristica_7581,caracteristica_7582,caracteristica_7583,caracteristica_7584,caracteristica_7585,caracteristica_7586,caracteristica_7587,caracteristica_7588,caracteristica_7589,caracteristica_7590,caracteristica_7591,caracteristica_7592,caracteristica_7593,caracteristica_7594,caracteristica_7595,caracteristica_7596,caracteristica_7597,caracteristica_7598,caracteristica_7599,caracteristica_7600,caracteristica_7601,caracteristica_7602,caracteristica_7603,caracteristica_7604,caracteristica_7605,caracteristica_7606,caracteristica_7607,caracteristica_7608,caracteristica_7609,caracteristica_7610,caracteristica_7611,caracteristica_7612,caracteristica_7613,caracteristica_7614,caracteristica_7615,caracteristica_7616,caracteristica_7617,caracteristica_7618,caracteristica_7619,caracteristica_7620,caracteristica_7621,caracteristica_7622,caracteristica_7623,caracteristica_7624,caracteristica_7625,caracteristica_7626,caracteristica_7627,caracteristica_7628,caracteristica_7629,caracteristica_7630,caracteristica_7631,caracteristica_7632,caracteristica_7633,caracteristica_7634,caracteristica_7635,caracteristica_7636,caracteristica_7637,caracteristica_7638,caracteristica_7639,caracteristica_7640,caracteristica_7641,caracteristica_7642,caracteristica_7643,caracteristica_7644,caracteristica_7645,caracteristica_7646,caracteristica_7647,caracteristica_7648,caracteristica_7649,caracteristica_7650,caracteristica_7651,caracteristica_7652,caracteristica_7653,caracteristica_7654,caracteristica_7655,caracteristica_7656,caracteristica_7657,caracteristica_7658,caracteristica_7659,caracteristica_7660,caracteristica_7661,caracteristica_7662,caracteristica_7663,caracteristica_7664,caracteristica_7665,caracteristica_7666,caracteristica_7667,caracteristica_7668,caracteristica_7669,caracteristica_7670,caracteristica_7671,caracteristica_7672,caracteristica_7673,caracteristica_7674,caracteristica_7675,caracteristica_7676,caracteristica_7677,caracteristica_7678,caracteristica_7679,caracteristica_7680,caracteristica_7681,caracteristica_7682,caracteristica_7683,caracteristica_7684,caracteristica_7685,caracteristica_7686,caracteristica_7687,caracteristica_7688,caracteristica_7689,caracteristica_7690,caracteristica_7691,caracteristica_7692,caracteristica_7693,caracteristica_7694,caracteristica_7695,caracteristica_7696,caracteristica_7697,caracteristica_7698,caracteristica_7699,caracteristica_7700,caracteristica_7701,caracteristica_7702,caracteristica_7703,caracteristica_7704,caracteristica_7705,caracteristica_7706,caracteristica_7707,caracteristica_7708,caracteristica_7709,caracteristica_7710,caracteristica_7711,caracteristica_7712,caracteristica_7713,caracteristica_7714,caracteristica_7715,caracteristica_7716,caracteristica_7717,caracteristica_7718,caracteristica_7719,caracteristica_7720,caracteristica_7721,caracteristica_7722,caracteristica_7723,caracteristica_7724,caracteristica_7725,caracteristica_7726,caracteristica_7727,caracteristica_7728,caracteristica_7729,caracteristica_7730,caracteristica_7731,caracteristica_7732,caracteristica_7733,caracteristica_7734,caracteristica_7735,caracteristica_7736,caracteristica_7737,caracteristica_7738,caracteristica_7739,caracteristica_7740,caracteristica_7741,caracteristica_7742,caracteristica_7743,caracteristica_7744,caracteristica_7745,caracteristica_7746,caracteristica_7747,caracteristica_7748,caracteristica_7749,caracteristica_7750,caracteristica_7751,caracteristica_7752,caracteristica_7753,caracteristica_7754,caracteristica_7755,caracteristica_7756,caracteristica_7757,caracteristica_7758,caracteristica_7759,caracteristica_7760,caracteristica_7761,caracteristica_7762,caracteristica_7763,caracteristica_7764,caracteristica_7765,caracteristica_7766,caracteristica_7767,caracteristica_7768,caracteristica_7769,caracteristica_7770,caracteristica_7771,caracteristica_7772,caracteristica_7773,caracteristica_7774,caracteristica_7775,caracteristica_7776,caracteristica_7777,caracteristica_7778,caracteristica_7779,caracteristica_7780,caracteristica_7781,caracteristica_7782,caracteristica_7783,caracteristica_7784,caracteristica_7785,caracteristica_7786,caracteristica_7787,caracteristica_7788,caracteristica_7789,caracteristica_7790,caracteristica_7791,caracteristica_7792,caracteristica_7793,caracteristica_7794,caracteristica_7795,caracteristica_7796,caracteristica_7797,caracteristica_7798,caracteristica_7799,caracteristica_7800,caracteristica_7801,caracteristica_7802,caracteristica_7803,caracteristica_7804,caracteristica_7805,caracteristica_7806,caracteristica_7807,caracteristica_7808,caracteristica_7809,caracteristica_7810,caracteristica_7811,caracteristica_7812,caracteristica_7813,caracteristica_7814,caracteristica_7815,caracteristica_7816,caracteristica_7817,caracteristica_7818,caracteristica_7819,caracteristica_7820,caracteristica_7821,caracteristica_7822,caracteristica_7823,caracteristica_7824,caracteristica_7825,caracteristica_7826,caracteristica_7827,caracteristica_7828,caracteristica_7829,caracteristica_7830,caracteristica_7831,caracteristica_7832,caracteristica_7833,caracteristica_7834,caracteristica_7835,caracteristica_7836,caracteristica_7837,caracteristica_7838,caracteristica_7839,caracteristica_7840,caracteristica_7841,caracteristica_7842,caracteristica_7843,caracteristica_7844,caracteristica_7845,caracteristica_7846,caracteristica_7847,caracteristica_7848,caracteristica_7849,caracteristica_7850,caracteristica_7851,caracteristica_7852,caracteristica_7853,caracteristica_7854,caracteristica_7855,caracteristica_7856,caracteristica_7857,caracteristica_7858,caracteristica_7859,caracteristica_7860,caracteristica_7861,caracteristica_7862,caracteristica_7863,caracteristica_7864,caracteristica_7865,caracteristica_7866,caracteristica_7867,caracteristica_7868,caracteristica_7869,caracteristica_7870,caracteristica_7871,caracteristica_7872,caracteristica_7873,caracteristica_7874,caracteristica_7875,caracteristica_7876,caracteristica_7877,caracteristica_7878,caracteristica_7879,caracteristica_7880,caracteristica_7881,caracteristica_7882,caracteristica_7883,caracteristica_7884,caracteristica_7885,caracteristica_7886,caracteristica_7887,caracteristica_7888,caracteristica_7889,caracteristica_7890,caracteristica_7891,caracteristica_7892,caracteristica_7893,caracteristica_7894,caracteristica_7895,caracteristica_7896,caracteristica_7897,caracteristica_7898,caracteristica_7899,caracteristica_7900,caracteristica_7901,caracteristica_7902,caracteristica_7903,caracteristica_7904,caracteristica_7905,caracteristica_7906,caracteristica_7907,caracteristica_7908,caracteristica_7909,caracteristica_7910,caracteristica_7911,caracteristica_7912,caracteristica_7913,caracteristica_7914,caracteristica_7915,caracteristica_7916,caracteristica_7917,caracteristica_7918,caracteristica_7919,caracteristica_7920,caracteristica_7921,caracteristica_7922,caracteristica_7923,caracteristica_7924,caracteristica_7925,caracteristica_7926,caracteristica_7927,caracteristica_7928,caracteristica_7929,caracteristica_7930,caracteristica_7931,caracteristica_7932,caracteristica_7933,caracteristica_7934,caracteristica_7935,caracteristica_7936,caracteristica_7937,caracteristica_7938,caracteristica_7939,caracteristica_7940,caracteristica_7941,caracteristica_7942,caracteristica_7943,caracteristica_7944,caracteristica_7945,caracteristica_7946,caracteristica_7947,caracteristica_7948,caracteristica_7949,caracteristica_7950,caracteristica_7951,caracteristica_7952,caracteristica_7953,caracteristica_7954,caracteristica_7955,caracteristica_7956,caracteristica_7957,caracteristica_7958,caracteristica_7959,caracteristica_7960,caracteristica_7961,caracteristica_7962,caracteristica_7963,caracteristica_7964,caracteristica_7965,caracteristica_7966,caracteristica_7967,caracteristica_7968,caracteristica_7969,caracteristica_7970,caracteristica_7971,caracteristica_7972,caracteristica_7973,caracteristica_7974,caracteristica_7975,caracteristica_7976,caracteristica_7977,caracteristica_7978,caracteristica_7979,caracteristica_7980,caracteristica_7981,caracteristica_7982,caracteristica_7983,caracteristica_7984,caracteristica_7985,caracteristica_7986,caracteristica_7987,caracteristica_7988,caracteristica_7989,caracteristica_7990,caracteristica_7991,caracteristica_7992,caracteristica_7993,caracteristica_7994,caracteristica_7995,caracteristica_7996,caracteristica_7997,caracteristica_7998,caracteristica_7999,caracteristica_8000,caracteristica_8001,caracteristica_8002,caracteristica_8003,caracteristica_8004,caracteristica_8005,caracteristica_8006,caracteristica_8007,caracteristica_8008,caracteristica_8009,caracteristica_8010,caracteristica_8011,caracteristica_8012,caracteristica_8013,caracteristica_8014,caracteristica_8015,caracteristica_8016,caracteristica_8017,caracteristica_8018,caracteristica_8019,caracteristica_8020,caracteristica_8021,caracteristica_8022,caracteristica_8023,caracteristica_8024,caracteristica_8025,caracteristica_8026,caracteristica_8027,caracteristica_8028,caracteristica_8029,caracteristica_8030,caracteristica_8031,caracteristica_8032,caracteristica_8033,caracteristica_8034,caracteristica_8035,caracteristica_8036,caracteristica_8037,caracteristica_8038,caracteristica_8039,caracteristica_8040,caracteristica_8041,caracteristica_8042,caracteristica_8043,caracteristica_8044,caracteristica_8045,caracteristica_8046,caracteristica_8047,caracteristica_8048,caracteristica_8049,caracteristica_8050,caracteristica_8051,caracteristica_8052,caracteristica_8053,caracteristica_8054,caracteristica_8055,caracteristica_8056,caracteristica_8057,caracteristica_8058,caracteristica_8059,caracteristica_8060,caracteristica_8061,caracteristica_8062,caracteristica_8063,caracteristica_8064,caracteristica_8065,caracteristica_8066,caracteristica_8067,caracteristica_8068,caracteristica_8069,caracteristica_8070,caracteristica_8071,caracteristica_8072,caracteristica_8073,caracteristica_8074,caracteristica_8075,caracteristica_8076,caracteristica_8077,caracteristica_8078,caracteristica_8079,caracteristica_8080,caracteristica_8081,caracteristica_8082,caracteristica_8083,caracteristica_8084,caracteristica_8085,caracteristica_8086,caracteristica_8087,caracteristica_8088,caracteristica_8089,caracteristica_8090,caracteristica_8091,caracteristica_8092,caracteristica_8093,caracteristica_8094,caracteristica_8095,caracteristica_8096,caracteristica_8097,caracteristica_8098,caracteristica_8099,caracteristica_8100,caracteristica_8101,caracteristica_8102,caracteristica_8103,caracteristica_8104,caracteristica_8105,caracteristica_8106,caracteristica_8107,caracteristica_8108,caracteristica_8109,caracteristica_8110,caracteristica_8111,caracteristica_8112,caracteristica_8113,caracteristica_8114,caracteristica_8115,caracteristica_8116,caracteristica_8117,caracteristica_8118,caracteristica_8119,caracteristica_8120,caracteristica_8121,caracteristica_8122,caracteristica_8123,caracteristica_8124,caracteristica_8125,caracteristica_8126,caracteristica_8127,caracteristica_8128,caracteristica_8129,caracteristica_8130,caracteristica_8131,caracteristica_8132,caracteristica_8133,caracteristica_8134,caracteristica_8135,caracteristica_8136,caracteristica_8137,caracteristica_8138,caracteristica_8139,caracteristica_8140,caracteristica_8141,caracteristica_8142,caracteristica_8143,caracteristica_8144,caracteristica_8145,caracteristica_8146,caracteristica_8147,caracteristica_8148,caracteristica_8149,caracteristica_8150,caracteristica_8151,caracteristica_8152,caracteristica_8153,caracteristica_8154,caracteristica_8155,caracteristica_8156,caracteristica_8157,caracteristica_8158,caracteristica_8159,caracteristica_8160,caracteristica_8161,caracteristica_8162,caracteristica_8163,caracteristica_8164,caracteristica_8165,caracteristica_8166,caracteristica_8167,caracteristica_8168,caracteristica_8169,caracteristica_8170,caracteristica_8171,caracteristica_8172,caracteristica_8173,caracteristica_8174,caracteristica_8175,caracteristica_8176,caracteristica_8177,caracteristica_8178,caracteristica_8179,caracteristica_8180,caracteristica_8181,caracteristica_8182,caracteristica_8183,caracteristica_8184,caracteristica_8185,caracteristica_8186,caracteristica_8187,caracteristica_8188,caracteristica_8189,caracteristica_8190,caracteristica_8191,caracteristica_8192,caracteristica_8193,caracteristica_8194,caracteristica_8195,caracteristica_8196,caracteristica_8197,caracteristica_8198,caracteristica_8199,caracteristica_8200,caracteristica_8201,caracteristica_8202,caracteristica_8203,caracteristica_8204,caracteristica_8205,caracteristica_8206,caracteristica_8207,caracteristica_8208,caracteristica_8209,caracteristica_8210,caracteristica_8211,caracteristica_8212,caracteristica_8213,caracteristica_8214,caracteristica_8215,caracteristica_8216,caracteristica_8217,caracteristica_8218,caracteristica_8219,caracteristica_8220,caracteristica_8221,caracteristica_8222,caracteristica_8223,caracteristica_8224,caracteristica_8225,caracteristica_8226,caracteristica_8227,caracteristica_8228,caracteristica_8229,caracteristica_8230,caracteristica_8231,caracteristica_8232,caracteristica_8233,caracteristica_8234,caracteristica_8235,caracteristica_8236,caracteristica_8237,caracteristica_8238,caracteristica_8239,caracteristica_8240,caracteristica_8241,caracteristica_8242,caracteristica_8243,caracteristica_8244,caracteristica_8245,caracteristica_8246,caracteristica_8247,caracteristica_8248,caracteristica_8249,caracteristica_8250,caracteristica_8251,caracteristica_8252,caracteristica_8253,caracteristica_8254,caracteristica_8255,caracteristica_8256,caracteristica_8257,caracteristica_8258,caracteristica_8259,caracteristica_8260,caracteristica_8261,caracteristica_8262,caracteristica_8263,caracteristica_8264,caracteristica_8265,caracteristica_8266,caracteristica_8267,caracteristica_8268,caracteristica_8269,caracteristica_8270,caracteristica_8271,caracteristica_8272,caracteristica_8273,caracteristica_8274,caracteristica_8275,caracteristica_8276,caracteristica_8277,caracteristica_8278,caracteristica_8279,caracteristica_8280,caracteristica_8281,caracteristica_8282,caracteristica_8283,caracteristica_8284,caracteristica_8285,caracteristica_8286,caracteristica_8287,caracteristica_8288,caracteristica_8289,caracteristica_8290,caracteristica_8291,caracteristica_8292,caracteristica_8293,caracteristica_8294,caracteristica_8295,caracteristica_8296,caracteristica_8297,caracteristica_8298,caracteristica_8299,caracteristica_8300,caracteristica_8301,caracteristica_8302,caracteristica_8303,caracteristica_8304,caracteristica_8305,caracteristica_8306,caracteristica_8307,caracteristica_8308,caracteristica_8309,caracteristica_8310,caracteristica_8311,caracteristica_8312,caracteristica_8313,caracteristica_8314,caracteristica_8315,caracteristica_8316,caracteristica_8317,caracteristica_8318,caracteristica_8319,caracteristica_8320,caracteristica_8321,caracteristica_8322,caracteristica_8323,caracteristica_8324,caracteristica_8325,caracteristica_8326,caracteristica_8327,caracteristica_8328,caracteristica_8329,caracteristica_8330,caracteristica_8331,caracteristica_8332,caracteristica_8333,caracteristica_8334,caracteristica_8335,caracteristica_8336,caracteristica_8337,caracteristica_8338,caracteristica_8339,caracteristica_8340,caracteristica_8341,caracteristica_8342,caracteristica_8343,caracteristica_8344,caracteristica_8345,caracteristica_8346,caracteristica_8347,caracteristica_8348,caracteristica_8349,caracteristica_8350,caracteristica_8351,caracteristica_8352,caracteristica_8353,caracteristica_8354,caracteristica_8355,caracteristica_8356,caracteristica_8357,caracteristica_8358,caracteristica_8359,caracteristica_8360,caracteristica_8361,caracteristica_8362,caracteristica_8363,caracteristica_8364,caracteristica_8365,caracteristica_8366,caracteristica_8367,caracteristica_8368,caracteristica_8369,caracteristica_8370,caracteristica_8371,caracteristica_8372,caracteristica_8373,caracteristica_8374,caracteristica_8375,caracteristica_8376,caracteristica_8377,caracteristica_8378,caracteristica_8379,caracteristica_8380,caracteristica_8381,caracteristica_8382,caracteristica_8383,caracteristica_8384,caracteristica_8385,caracteristica_8386,caracteristica_8387,caracteristica_8388,caracteristica_8389,caracteristica_8390,caracteristica_8391,caracteristica_8392,caracteristica_8393,caracteristica_8394,caracteristica_8395,caracteristica_8396,caracteristica_8397,caracteristica_8398,caracteristica_8399,caracteristica_8400,caracteristica_8401,caracteristica_8402,caracteristica_8403,caracteristica_8404,caracteristica_8405,caracteristica_8406,caracteristica_8407,caracteristica_8408,caracteristica_8409,caracteristica_8410,caracteristica_8411,caracteristica_8412,caracteristica_8413,caracteristica_8414,caracteristica_8415,caracteristica_8416,caracteristica_8417,caracteristica_8418,caracteristica_8419,caracteristica_8420,caracteristica_8421,caracteristica_8422,caracteristica_8423,caracteristica_8424,caracteristica_8425,caracteristica_8426,caracteristica_8427,caracteristica_8428,caracteristica_8429,caracteristica_8430,caracteristica_8431,caracteristica_8432,caracteristica_8433,caracteristica_8434,caracteristica_8435,caracteristica_8436,caracteristica_8437,caracteristica_8438,caracteristica_8439,caracteristica_8440,caracteristica_8441,caracteristica_8442,caracteristica_8443,caracteristica_8444,caracteristica_8445,caracteristica_8446,caracteristica_8447,caracteristica_8448,caracteristica_8449,caracteristica_8450,caracteristica_8451,caracteristica_8452,caracteristica_8453,caracteristica_8454,caracteristica_8455,caracteristica_8456,caracteristica_8457,caracteristica_8458,caracteristica_8459,caracteristica_8460,caracteristica_8461,caracteristica_8462,caracteristica_8463,caracteristica_8464,caracteristica_8465,caracteristica_8466,caracteristica_8467,caracteristica_8468,caracteristica_8469,caracteristica_8470,caracteristica_8471,caracteristica_8472,caracteristica_8473,caracteristica_8474,caracteristica_8475,caracteristica_8476,caracteristica_8477,caracteristica_8478,caracteristica_8479,caracteristica_8480,caracteristica_8481,caracteristica_8482,caracteristica_8483,caracteristica_8484,caracteristica_8485,caracteristica_8486,caracteristica_8487,caracteristica_8488,caracteristica_8489,caracteristica_8490,caracteristica_8491,caracteristica_8492,caracteristica_8493,caracteristica_8494,caracteristica_8495,caracteristica_8496,caracteristica_8497,caracteristica_8498,caracteristica_8499,caracteristica_8500,caracteristica_8501,caracteristica_8502,caracteristica_8503,caracteristica_8504,caracteristica_8505,caracteristica_8506,caracteristica_8507,caracteristica_8508,caracteristica_8509,caracteristica_8510,caracteristica_8511,caracteristica_8512,caracteristica_8513,caracteristica_8514,caracteristica_8515,caracteristica_8516,caracteristica_8517,caracteristica_8518,caracteristica_8519,caracteristica_8520,caracteristica_8521,caracteristica_8522,caracteristica_8523,caracteristica_8524,caracteristica_8525,caracteristica_8526,caracteristica_8527,caracteristica_8528,caracteristica_8529,caracteristica_8530,caracteristica_8531,caracteristica_8532,caracteristica_8533,caracteristica_8534,caracteristica_8535,caracteristica_8536,caracteristica_8537,caracteristica_8538,caracteristica_8539,caracteristica_8540,caracteristica_8541,caracteristica_8542,caracteristica_8543,caracteristica_8544,caracteristica_8545,caracteristica_8546,caracteristica_8547,caracteristica_8548,caracteristica_8549,caracteristica_8550,caracteristica_8551,caracteristica_8552,caracteristica_8553,caracteristica_8554,caracteristica_8555,caracteristica_8556,caracteristica_8557,caracteristica_8558,caracteristica_8559,caracteristica_8560,caracteristica_8561,caracteristica_8562,caracteristica_8563,caracteristica_8564,caracteristica_8565,caracteristica_8566,caracteristica_8567,caracteristica_8568,caracteristica_8569,caracteristica_8570,caracteristica_8571,caracteristica_8572,caracteristica_8573,caracteristica_8574,caracteristica_8575,caracteristica_8576,caracteristica_8577,caracteristica_8578,caracteristica_8579,caracteristica_8580,caracteristica_8581,caracteristica_8582,caracteristica_8583,caracteristica_8584,caracteristica_8585,caracteristica_8586,caracteristica_8587,caracteristica_8588,caracteristica_8589,caracteristica_8590,caracteristica_8591,caracteristica_8592,caracteristica_8593,caracteristica_8594,caracteristica_8595,caracteristica_8596,caracteristica_8597,caracteristica_8598,caracteristica_8599,caracteristica_8600,caracteristica_8601,caracteristica_8602,caracteristica_8603,caracteristica_8604,caracteristica_8605,caracteristica_8606,caracteristica_8607,caracteristica_8608,caracteristica_8609,caracteristica_8610,caracteristica_8611,caracteristica_8612,caracteristica_8613,caracteristica_8614,caracteristica_8615,caracteristica_8616,caracteristica_8617,caracteristica_8618,caracteristica_8619,caracteristica_8620,caracteristica_8621,caracteristica_8622,caracteristica_8623,caracteristica_8624,caracteristica_8625,caracteristica_8626,caracteristica_8627,caracteristica_8628,caracteristica_8629,caracteristica_8630,caracteristica_8631,caracteristica_8632,caracteristica_8633,caracteristica_8634,caracteristica_8635,caracteristica_8636,caracteristica_8637,caracteristica_8638,caracteristica_8639,caracteristica_8640,caracteristica_8641,caracteristica_8642,caracteristica_8643,caracteristica_8644,caracteristica_8645,caracteristica_8646,caracteristica_8647,caracteristica_8648,caracteristica_8649,caracteristica_8650,caracteristica_8651,caracteristica_8652,caracteristica_8653,caracteristica_8654,caracteristica_8655,caracteristica_8656,caracteristica_8657,caracteristica_8658,caracteristica_8659,caracteristica_8660,caracteristica_8661,caracteristica_8662,caracteristica_8663,caracteristica_8664,caracteristica_8665,caracteristica_8666,caracteristica_8667,caracteristica_8668,caracteristica_8669,caracteristica_8670,caracteristica_8671,caracteristica_8672,caracteristica_8673,caracteristica_8674,caracteristica_8675,caracteristica_8676,caracteristica_8677,caracteristica_8678,caracteristica_8679,caracteristica_8680,caracteristica_8681,caracteristica_8682,caracteristica_8683,caracteristica_8684,caracteristica_8685,caracteristica_8686,caracteristica_8687,caracteristica_8688,caracteristica_8689,caracteristica_8690,caracteristica_8691,caracteristica_8692,caracteristica_8693,caracteristica_8694,caracteristica_8695,caracteristica_8696,caracteristica_8697,caracteristica_8698,caracteristica_8699,caracteristica_8700,caracteristica_8701,caracteristica_8702,caracteristica_8703,caracteristica_8704,caracteristica_8705,caracteristica_8706,caracteristica_8707,caracteristica_8708,caracteristica_8709,caracteristica_8710,caracteristica_8711,caracteristica_8712,caracteristica_8713,caracteristica_8714,caracteristica_8715,caracteristica_8716,caracteristica_8717,caracteristica_8718,caracteristica_8719,caracteristica_8720,caracteristica_8721,caracteristica_8722,caracteristica_8723,caracteristica_8724,caracteristica_8725,caracteristica_8726,caracteristica_8727,caracteristica_8728,caracteristica_8729,caracteristica_8730,caracteristica_8731,caracteristica_8732,caracteristica_8733,caracteristica_8734,caracteristica_8735,caracteristica_8736,caracteristica_8737,caracteristica_8738,caracteristica_8739,caracteristica_8740,caracteristica_8741,caracteristica_8742,caracteristica_8743,caracteristica_8744,caracteristica_8745,caracteristica_8746,caracteristica_8747,caracteristica_8748,caracteristica_8749,caracteristica_8750,caracteristica_8751,caracteristica_8752,caracteristica_8753,caracteristica_8754,caracteristica_8755,caracteristica_8756,caracteristica_8757,caracteristica_8758,caracteristica_8759,caracteristica_8760,caracteristica_8761,caracteristica_8762,caracteristica_8763,caracteristica_8764,caracteristica_8765,caracteristica_8766,caracteristica_8767,caracteristica_8768,caracteristica_8769,caracteristica_8770,caracteristica_8771,caracteristica_8772,caracteristica_8773,caracteristica_8774,caracteristica_8775,caracteristica_8776,caracteristica_8777,caracteristica_8778,caracteristica_8779,caracteristica_8780,caracteristica_8781,caracteristica_8782,caracteristica_8783,caracteristica_8784,caracteristica_8785,caracteristica_8786,caracteristica_8787,caracteristica_8788,caracteristica_8789,caracteristica_8790,caracteristica_8791,caracteristica_8792,caracteristica_8793,caracteristica_8794,caracteristica_8795,caracteristica_8796,caracteristica_8797,caracteristica_8798,caracteristica_8799,caracteristica_8800,caracteristica_8801,caracteristica_8802,caracteristica_8803,caracteristica_8804,caracteristica_8805,caracteristica_8806,caracteristica_8807,caracteristica_8808,caracteristica_8809,caracteristica_8810,caracteristica_8811,caracteristica_8812,caracteristica_8813,caracteristica_8814,caracteristica_8815,caracteristica_8816,caracteristica_8817,caracteristica_8818,caracteristica_8819,caracteristica_8820,caracteristica_8821,caracteristica_8822,caracteristica_8823,caracteristica_8824,caracteristica_8825,caracteristica_8826,caracteristica_8827,caracteristica_8828,caracteristica_8829,caracteristica_8830,caracteristica_8831,caracteristica_8832,caracteristica_8833,caracteristica_8834,caracteristica_8835,caracteristica_8836,caracteristica_8837,caracteristica_8838,caracteristica_8839,caracteristica_8840,caracteristica_8841,caracteristica_8842,caracteristica_8843,caracteristica_8844,caracteristica_8845,caracteristica_8846,caracteristica_8847,caracteristica_8848,caracteristica_8849,caracteristica_8850,caracteristica_8851,caracteristica_8852,caracteristica_8853,caracteristica_8854,caracteristica_8855,caracteristica_8856,caracteristica_8857,caracteristica_8858,caracteristica_8859,caracteristica_8860,caracteristica_8861,caracteristica_8862,caracteristica_8863,caracteristica_8864,caracteristica_8865,caracteristica_8866,caracteristica_8867,caracteristica_8868,caracteristica_8869,caracteristica_8870,caracteristica_8871,caracteristica_8872,caracteristica_8873,caracteristica_8874,caracteristica_8875,caracteristica_8876,caracteristica_8877,caracteristica_8878,caracteristica_8879,caracteristica_8880,caracteristica_8881,caracteristica_8882,caracteristica_8883,caracteristica_8884,caracteristica_8885,caracteristica_8886,caracteristica_8887,caracteristica_8888,caracteristica_8889,caracteristica_8890,caracteristica_8891,caracteristica_8892,caracteristica_8893,caracteristica_8894,caracteristica_8895,caracteristica_8896,caracteristica_8897,caracteristica_8898,caracteristica_8899,caracteristica_8900,caracteristica_8901,caracteristica_8902,caracteristica_8903,caracteristica_8904,caracteristica_8905,caracteristica_8906,caracteristica_8907,caracteristica_8908,caracteristica_8909,caracteristica_8910,caracteristica_8911,caracteristica_8912,caracteristica_8913,caracteristica_8914,caracteristica_8915,caracteristica_8916,caracteristica_8917,caracteristica_8918,caracteristica_8919,caracteristica_8920,caracteristica_8921,caracteristica_8922,caracteristica_8923,caracteristica_8924,caracteristica_8925,caracteristica_8926,caracteristica_8927,caracteristica_8928,caracteristica_8929,caracteristica_8930,caracteristica_8931,caracteristica_8932,caracteristica_8933,caracteristica_8934,caracteristica_8935,caracteristica_8936,caracteristica_8937,caracteristica_8938,caracteristica_8939,caracteristica_8940,caracteristica_8941,caracteristica_8942,caracteristica_8943,caracteristica_8944,caracteristica_8945,caracteristica_8946,caracteristica_8947,caracteristica_8948,caracteristica_8949,caracteristica_8950,caracteristica_8951,caracteristica_8952,caracteristica_8953,caracteristica_8954,caracteristica_8955,caracteristica_8956,caracteristica_8957,caracteristica_8958,caracteristica_8959,caracteristica_8960,caracteristica_8961,caracteristica_8962,caracteristica_8963,caracteristica_8964,caracteristica_8965,caracteristica_8966,caracteristica_8967,caracteristica_8968,caracteristica_8969,caracteristica_8970,caracteristica_8971,caracteristica_8972,caracteristica_8973,caracteristica_8974,caracteristica_8975,caracteristica_8976,caracteristica_8977,caracteristica_8978,caracteristica_8979,caracteristica_8980,caracteristica_8981,caracteristica_8982,caracteristica_8983,caracteristica_8984,caracteristica_8985,caracteristica_8986,caracteristica_8987,caracteristica_8988,caracteristica_8989,caracteristica_8990,caracteristica_8991,caracteristica_8992,caracteristica_8993,caracteristica_8994,caracteristica_8995,caracteristica_8996,caracteristica_8997,caracteristica_8998,caracteristica_8999,caracteristica_9000,caracteristica_9001,caracteristica_9002,caracteristica_9003,caracteristica_9004,caracteristica_9005,caracteristica_9006,caracteristica_9007,caracteristica_9008,caracteristica_9009,caracteristica_9010,caracteristica_9011,caracteristica_9012,caracteristica_9013,caracteristica_9014,caracteristica_9015,caracteristica_9016,caracteristica_9017,caracteristica_9018,caracteristica_9019,caracteristica_9020,caracteristica_9021,caracteristica_9022,caracteristica_9023,caracteristica_9024,caracteristica_9025,caracteristica_9026,caracteristica_9027,caracteristica_9028,caracteristica_9029,caracteristica_9030,caracteristica_9031,caracteristica_9032,caracteristica_9033,caracteristica_9034,caracteristica_9035,caracteristica_9036,caracteristica_9037,caracteristica_9038,caracteristica_9039,caracteristica_9040,caracteristica_9041,caracteristica_9042,caracteristica_9043,caracteristica_9044,caracteristica_9045,caracteristica_9046,caracteristica_9047,caracteristica_9048,caracteristica_9049,caracteristica_9050,caracteristica_9051,caracteristica_9052,caracteristica_9053,caracteristica_9054,caracteristica_9055,caracteristica_9056,caracteristica_9057,caracteristica_9058,caracteristica_9059,caracteristica_9060,caracteristica_9061,caracteristica_9062,caracteristica_9063,caracteristica_9064,caracteristica_9065,caracteristica_9066,caracteristica_9067,caracteristica_9068,caracteristica_9069,caracteristica_9070,caracteristica_9071,caracteristica_9072,caracteristica_9073,caracteristica_9074,caracteristica_9075,caracteristica_9076,caracteristica_9077,caracteristica_9078,caracteristica_9079,caracteristica_9080,caracteristica_9081,caracteristica_9082,caracteristica_9083,caracteristica_9084,caracteristica_9085,caracteristica_9086,caracteristica_9087,caracteristica_9088,caracteristica_9089,caracteristica_9090,caracteristica_9091,caracteristica_9092,caracteristica_9093,caracteristica_9094,caracteristica_9095,caracteristica_9096,caracteristica_9097,caracteristica_9098,caracteristica_9099,caracteristica_9100,caracteristica_9101,caracteristica_9102,caracteristica_9103,caracteristica_9104,caracteristica_9105,caracteristica_9106,caracteristica_9107,caracteristica_9108,caracteristica_9109,caracteristica_9110,caracteristica_9111,caracteristica_9112,caracteristica_9113,caracteristica_9114,caracteristica_9115,caracteristica_9116,caracteristica_9117,caracteristica_9118,caracteristica_9119,caracteristica_9120,caracteristica_9121,caracteristica_9122,caracteristica_9123,caracteristica_9124,caracteristica_9125,caracteristica_9126,caracteristica_9127,caracteristica_9128,caracteristica_9129,caracteristica_9130,caracteristica_9131,caracteristica_9132,caracteristica_9133,caracteristica_9134,caracteristica_9135,caracteristica_9136,caracteristica_9137,caracteristica_9138,caracteristica_9139,caracteristica_9140,caracteristica_9141,caracteristica_9142,caracteristica_9143,caracteristica_9144,caracteristica_9145,caracteristica_9146,caracteristica_9147,caracteristica_9148,caracteristica_9149,caracteristica_9150,caracteristica_9151,caracteristica_9152,caracteristica_9153,caracteristica_9154,caracteristica_9155,caracteristica_9156,caracteristica_9157,caracteristica_9158,caracteristica_9159,caracteristica_9160,caracteristica_9161,caracteristica_9162,caracteristica_9163,caracteristica_9164,caracteristica_9165,caracteristica_9166,caracteristica_9167,caracteristica_9168,caracteristica_9169,caracteristica_9170,caracteristica_9171,caracteristica_9172,caracteristica_9173,caracteristica_9174,caracteristica_9175,caracteristica_9176,caracteristica_9177,caracteristica_9178,caracteristica_9179,caracteristica_9180,caracteristica_9181,caracteristica_9182,caracteristica_9183,caracteristica_9184,caracteristica_9185,caracteristica_9186,caracteristica_9187,caracteristica_9188,caracteristica_9189,caracteristica_9190,caracteristica_9191,caracteristica_9192,caracteristica_9193,caracteristica_9194,caracteristica_9195,caracteristica_9196,caracteristica_9197,caracteristica_9198,caracteristica_9199,caracteristica_9200,caracteristica_9201,caracteristica_9202,caracteristica_9203,caracteristica_9204,caracteristica_9205,caracteristica_9206,caracteristica_9207,caracteristica_9208,caracteristica_9209,caracteristica_9210,caracteristica_9211,caracteristica_9212,caracteristica_9213,caracteristica_9214,caracteristica_9215,caracteristica_9216,caracteristica_9217,caracteristica_9218,caracteristica_9219,caracteristica_9220,caracteristica_9221,caracteristica_9222,caracteristica_9223,caracteristica_9224,caracteristica_9225,caracteristica_9226,caracteristica_9227,caracteristica_9228,caracteristica_9229,caracteristica_9230,caracteristica_9231,caracteristica_9232,caracteristica_9233,caracteristica_9234,caracteristica_9235,caracteristica_9236,caracteristica_9237,caracteristica_9238,caracteristica_9239,caracteristica_9240,caracteristica_9241,caracteristica_9242,caracteristica_9243,caracteristica_9244,caracteristica_9245,caracteristica_9246,caracteristica_9247,caracteristica_9248,caracteristica_9249,caracteristica_9250,caracteristica_9251,caracteristica_9252,caracteristica_9253,caracteristica_9254,caracteristica_9255,caracteristica_9256,caracteristica_9257,caracteristica_9258,caracteristica_9259,caracteristica_9260,caracteristica_9261,caracteristica_9262,caracteristica_9263,caracteristica_9264,caracteristica_9265,caracteristica_9266,caracteristica_9267,caracteristica_9268,caracteristica_9269,caracteristica_9270,caracteristica_9271,caracteristica_9272,caracteristica_9273,caracteristica_9274,caracteristica_9275,caracteristica_9276,caracteristica_9277,caracteristica_9278,caracteristica_9279,caracteristica_9280,caracteristica_9281,caracteristica_9282,caracteristica_9283,caracteristica_9284,caracteristica_9285,caracteristica_9286,caracteristica_9287,caracteristica_9288,caracteristica_9289,caracteristica_9290,caracteristica_9291,caracteristica_9292,caracteristica_9293,caracteristica_9294,caracteristica_9295,caracteristica_9296,caracteristica_9297,caracteristica_9298,caracteristica_9299,caracteristica_9300,caracteristica_9301,caracteristica_9302,caracteristica_9303,caracteristica_9304,caracteristica_9305,caracteristica_9306,caracteristica_9307,caracteristica_9308,caracteristica_9309,caracteristica_9310,caracteristica_9311,caracteristica_9312,caracteristica_9313,caracteristica_9314,caracteristica_9315,caracteristica_9316,caracteristica_9317,caracteristica_9318,caracteristica_9319,caracteristica_9320,caracteristica_9321,caracteristica_9322,caracteristica_9323,caracteristica_9324,caracteristica_9325,caracteristica_9326,caracteristica_9327,caracteristica_9328,caracteristica_9329,caracteristica_9330,caracteristica_9331,caracteristica_9332,caracteristica_9333,caracteristica_9334,caracteristica_9335,caracteristica_9336,caracteristica_9337,caracteristica_9338,caracteristica_9339,caracteristica_9340,caracteristica_9341,caracteristica_9342,caracteristica_9343,caracteristica_9344,caracteristica_9345,caracteristica_9346,caracteristica_9347,caracteristica_9348,caracteristica_9349,caracteristica_9350,caracteristica_9351,caracteristica_9352,caracteristica_9353,caracteristica_9354,caracteristica_9355,caracteristica_9356,caracteristica_9357,caracteristica_9358,caracteristica_9359,caracteristica_9360,caracteristica_9361,caracteristica_9362,caracteristica_9363,caracteristica_9364,caracteristica_9365,caracteristica_9366,caracteristica_9367,caracteristica_9368,caracteristica_9369,caracteristica_9370,caracteristica_9371,caracteristica_9372,caracteristica_9373,caracteristica_9374,caracteristica_9375,caracteristica_9376,caracteristica_9377,caracteristica_9378,caracteristica_9379,caracteristica_9380,caracteristica_9381,caracteristica_9382,caracteristica_9383,caracteristica_9384,caracteristica_9385,caracteristica_9386,caracteristica_9387,caracteristica_9388,caracteristica_9389,caracteristica_9390,caracteristica_9391,caracteristica_9392,caracteristica_9393,caracteristica_9394,caracteristica_9395,caracteristica_9396,caracteristica_9397,caracteristica_9398,caracteristica_9399,caracteristica_9400,caracteristica_9401,caracteristica_9402,caracteristica_9403,caracteristica_9404,caracteristica_9405,caracteristica_9406,caracteristica_9407,caracteristica_9408,caracteristica_9409,caracteristica_9410,caracteristica_9411,caracteristica_9412,caracteristica_9413,caracteristica_9414,caracteristica_9415,caracteristica_9416,caracteristica_9417,caracteristica_9418,caracteristica_9419,caracteristica_9420,caracteristica_9421,caracteristica_9422,caracteristica_9423,caracteristica_9424,caracteristica_9425,caracteristica_9426,caracteristica_9427,caracteristica_9428,caracteristica_9429,caracteristica_9430,caracteristica_9431,caracteristica_9432,caracteristica_9433,caracteristica_9434,caracteristica_9435,caracteristica_9436,caracteristica_9437,caracteristica_9438,caracteristica_9439,caracteristica_9440,caracteristica_9441,caracteristica_9442,caracteristica_9443,caracteristica_9444,caracteristica_9445,caracteristica_9446,caracteristica_9447,caracteristica_9448,caracteristica_9449,caracteristica_9450,caracteristica_9451,caracteristica_9452,caracteristica_9453,caracteristica_9454,caracteristica_9455,caracteristica_9456,caracteristica_9457,caracteristica_9458,caracteristica_9459,caracteristica_9460,caracteristica_9461,caracteristica_9462,caracteristica_9463,caracteristica_9464,caracteristica_9465,caracteristica_9466,caracteristica_9467,caracteristica_9468,caracteristica_9469,caracteristica_9470,caracteristica_9471,caracteristica_9472,caracteristica_9473,caracteristica_9474,caracteristica_9475,caracteristica_9476,caracteristica_9477,caracteristica_9478,caracteristica_9479,caracteristica_9480,caracteristica_9481,caracteristica_9482,caracteristica_9483,caracteristica_9484,caracteristica_9485,caracteristica_9486,caracteristica_9487,caracteristica_9488,caracteristica_9489,caracteristica_9490,caracteristica_9491,caracteristica_9492,caracteristica_9493,caracteristica_9494,caracteristica_9495,caracteristica_9496,caracteristica_9497,caracteristica_9498,caracteristica_9499,caracteristica_9500,caracteristica_9501,caracteristica_9502,caracteristica_9503,caracteristica_9504,caracteristica_9505,caracteristica_9506,caracteristica_9507,caracteristica_9508,caracteristica_9509,caracteristica_9510,caracteristica_9511,caracteristica_9512,caracteristica_9513,caracteristica_9514,caracteristica_9515,caracteristica_9516,caracteristica_9517,caracteristica_9518,caracteristica_9519,caracteristica_9520,caracteristica_9521,caracteristica_9522,caracteristica_9523,caracteristica_9524,caracteristica_9525,caracteristica_9526,caracteristica_9527,caracteristica_9528,caracteristica_9529,caracteristica_9530,caracteristica_9531,caracteristica_9532,caracteristica_9533,caracteristica_9534,caracteristica_9535,caracteristica_9536,caracteristica_9537,caracteristica_9538,caracteristica_9539,caracteristica_9540,caracteristica_9541,caracteristica_9542,caracteristica_9543,caracteristica_9544,caracteristica_9545,caracteristica_9546,caracteristica_9547,caracteristica_9548,caracteristica_9549,caracteristica_9550,caracteristica_9551,caracteristica_9552,caracteristica_9553,caracteristica_9554,caracteristica_9555,caracteristica_9556,caracteristica_9557,caracteristica_9558,caracteristica_9559,caracteristica_9560,caracteristica_9561,caracteristica_9562,caracteristica_9563,caracteristica_9564,caracteristica_9565,caracteristica_9566,caracteristica_9567,caracteristica_9568,caracteristica_9569,caracteristica_9570,caracteristica_9571,caracteristica_9572,caracteristica_9573,caracteristica_9574,caracteristica_9575,caracteristica_9576,caracteristica_9577,caracteristica_9578,caracteristica_9579,caracteristica_9580,caracteristica_9581,caracteristica_9582,caracteristica_9583,caracteristica_9584,caracteristica_9585,caracteristica_9586,caracteristica_9587,caracteristica_9588,caracteristica_9589,caracteristica_9590,caracteristica_9591,caracteristica_9592,caracteristica_9593,caracteristica_9594,caracteristica_9595,caracteristica_9596,caracteristica_9597,caracteristica_9598,caracteristica_9599,caracteristica_9600,caracteristica_9601,caracteristica_9602,caracteristica_9603,caracteristica_9604,caracteristica_9605,caracteristica_9606,caracteristica_9607,caracteristica_9608,caracteristica_9609,caracteristica_9610,caracteristica_9611,caracteristica_9612,caracteristica_9613,caracteristica_9614,caracteristica_9615,caracteristica_9616,caracteristica_9617,caracteristica_9618,caracteristica_9619,caracteristica_9620,caracteristica_9621,caracteristica_9622,caracteristica_9623,caracteristica_9624,caracteristica_9625,caracteristica_9626,caracteristica_9627,caracteristica_9628,caracteristica_9629,caracteristica_9630,caracteristica_9631,caracteristica_9632,caracteristica_9633,caracteristica_9634,caracteristica_9635,caracteristica_9636,caracteristica_9637,caracteristica_9638,caracteristica_9639,caracteristica_9640,caracteristica_9641,caracteristica_9642,caracteristica_9643,caracteristica_9644,caracteristica_9645,caracteristica_9646,caracteristica_9647,caracteristica_9648,caracteristica_9649,caracteristica_9650,caracteristica_9651,caracteristica_9652,caracteristica_9653,caracteristica_9654,caracteristica_9655,caracteristica_9656,caracteristica_9657,caracteristica_9658,caracteristica_9659,caracteristica_9660,caracteristica_9661,caracteristica_9662,caracteristica_9663,caracteristica_9664,caracteristica_9665,caracteristica_9666,caracteristica_9667,caracteristica_9668,caracteristica_9669,caracteristica_9670,caracteristica_9671,caracteristica_9672,caracteristica_9673,caracteristica_9674,caracteristica_9675,caracteristica_9676,caracteristica_9677,caracteristica_9678,caracteristica_9679,caracteristica_9680,caracteristica_9681,caracteristica_9682,caracteristica_9683,caracteristica_9684,caracteristica_9685,caracteristica_9686,caracteristica_9687,caracteristica_9688,caracteristica_9689,caracteristica_9690,caracteristica_9691,caracteristica_9692,caracteristica_9693,caracteristica_9694,caracteristica_9695,caracteristica_9696,caracteristica_9697,caracteristica_9698,caracteristica_9699,caracteristica_9700,caracteristica_9701,caracteristica_9702,caracteristica_9703,caracteristica_9704,caracteristica_9705,caracteristica_9706,caracteristica_9707,caracteristica_9708,caracteristica_9709,caracteristica_9710,caracteristica_9711,caracteristica_9712,caracteristica_9713,caracteristica_9714,caracteristica_9715,caracteristica_9716,caracteristica_9717,caracteristica_9718,caracteristica_9719,caracteristica_9720,caracteristica_9721,caracteristica_9722,caracteristica_9723,caracteristica_9724,caracteristica_9725,caracteristica_9726,caracteristica_9727,caracteristica_9728,caracteristica_9729,caracteristica_9730,caracteristica_9731,caracteristica_9732,caracteristica_9733,caracteristica_9734,caracteristica_9735,caracteristica_9736,caracteristica_9737,caracteristica_9738,caracteristica_9739,caracteristica_9740,caracteristica_9741,caracteristica_9742,caracteristica_9743,caracteristica_9744,caracteristica_9745,caracteristica_9746,caracteristica_9747,caracteristica_9748,caracteristica_9749,caracteristica_9750,caracteristica_9751,caracteristica_9752,caracteristica_9753,caracteristica_9754,caracteristica_9755,caracteristica_9756,caracteristica_9757,caracteristica_9758,caracteristica_9759,caracteristica_9760,caracteristica_9761,caracteristica_9762,caracteristica_9763,caracteristica_9764,caracteristica_9765,caracteristica_9766,caracteristica_9767,caracteristica_9768,caracteristica_9769,caracteristica_9770,caracteristica_9771,caracteristica_9772,caracteristica_9773,caracteristica_9774,caracteristica_9775,caracteristica_9776,caracteristica_9777,caracteristica_9778,caracteristica_9779,caracteristica_9780,caracteristica_9781,caracteristica_9782,caracteristica_9783,caracteristica_9784,caracteristica_9785,caracteristica_9786,caracteristica_9787,caracteristica_9788,caracteristica_9789,caracteristica_9790,caracteristica_9791,caracteristica_9792,caracteristica_9793,caracteristica_9794,caracteristica_9795,caracteristica_9796,caracteristica_9797,caracteristica_9798,caracteristica_9799,caracteristica_9800,caracteristica_9801,caracteristica_9802,caracteristica_9803,caracteristica_9804,caracteristica_9805,caracteristica_9806,caracteristica_9807,caracteristica_9808,caracteristica_9809,caracteristica_9810,caracteristica_9811,caracteristica_9812,caracteristica_9813,caracteristica_9814,caracteristica_9815,caracteristica_9816,caracteristica_9817,caracteristica_9818,caracteristica_9819,caracteristica_9820,caracteristica_9821,caracteristica_9822,caracteristica_9823,caracteristica_9824,caracteristica_9825,caracteristica_9826,caracteristica_9827,caracteristica_9828,caracteristica_9829,caracteristica_9830,caracteristica_9831,caracteristica_9832,caracteristica_9833,caracteristica_9834,caracteristica_9835,caracteristica_9836,caracteristica_9837,caracteristica_9838,caracteristica_9839,caracteristica_9840,caracteristica_9841,caracteristica_9842,caracteristica_9843,caracteristica_9844,caracteristica_9845,caracteristica_9846,caracteristica_9847,caracteristica_9848,caracteristica_9849,caracteristica_9850,caracteristica_9851,caracteristica_9852,caracteristica_9853,caracteristica_9854,caracteristica_9855,caracteristica_9856,caracteristica_9857,caracteristica_9858,caracteristica_9859,caracteristica_9860,caracteristica_9861,caracteristica_9862,caracteristica_9863,caracteristica_9864,caracteristica_9865,caracteristica_9866,caracteristica_9867,caracteristica_9868,caracteristica_9869,caracteristica_9870,caracteristica_9871,caracteristica_9872,caracteristica_9873,caracteristica_9874,caracteristica_9875,caracteristica_9876,caracteristica_9877,caracteristica_9878,caracteristica_9879,caracteristica_9880,caracteristica_9881,caracteristica_9882,caracteristica_9883,caracteristica_9884,caracteristica_9885,caracteristica_9886,caracteristica_9887,caracteristica_9888,caracteristica_9889,caracteristica_9890,caracteristica_9891,caracteristica_9892,caracteristica_9893,caracteristica_9894,caracteristica_9895,caracteristica_9896,caracteristica_9897,caracteristica_9898,caracteristica_9899,caracteristica_9900,caracteristica_9901,caracteristica_9902,caracteristica_9903,caracteristica_9904,caracteristica_9905,caracteristica_9906,caracteristica_9907,caracteristica_9908,caracteristica_9909,caracteristica_9910,caracteristica_9911,caracteristica_9912,caracteristica_9913,caracteristica_9914,caracteristica_9915,caracteristica_9916,caracteristica_9917,caracteristica_9918,caracteristica_9919,caracteristica_9920,caracteristica_9921,caracteristica_9922,caracteristica_9923,caracteristica_9924,caracteristica_9925,caracteristica_9926,caracteristica_9927,caracteristica_9928,caracteristica_9929,caracteristica_9930,caracteristica_9931,caracteristica_9932,caracteristica_9933,caracteristica_9934,caracteristica_9935,caracteristica_9936,caracteristica_9937,caracteristica_9938,caracteristica_9939,caracteristica_9940,caracteristica_9941,caracteristica_9942,caracteristica_9943,caracteristica_9944,caracteristica_9945,caracteristica_9946,caracteristica_9947,caracteristica_9948,caracteristica_9949,caracteristica_9950,caracteristica_9951,caracteristica_9952,caracteristica_9953,caracteristica_9954,caracteristica_9955,caracteristica_9956,caracteristica_9957,caracteristica_9958,caracteristica_9959,caracteristica_9960,caracteristica_9961,caracteristica_9962,caracteristica_9963,caracteristica_9964,caracteristica_9965,caracteristica_9966,caracteristica_9967,caracteristica_9968,caracteristica_9969,caracteristica_9970,caracteristica_9971,caracteristica_9972,caracteristica_9973,caracteristica_9974,caracteristica_9975,caracteristica_9976,caracteristica_9977,caracteristica_9978,caracteristica_9979,caracteristica_9980,caracteristica_9981,caracteristica_9982,caracteristica_9983,caracteristica_9984,caracteristica_9985,caracteristica_9986,caracteristica_9987,caracteristica_9988,caracteristica_9989,caracteristica_9990,caracteristica_9991,caracteristica_9992,caracteristica_9993,caracteristica_9994,caracteristica_9995,caracteristica_9996,caracteristica_9997,caracteristica_9998,caracteristica_9999,caracteristica_10000,caracteristica_10001,caracteristica_10002,caracteristica_10003,caracteristica_10004,caracteristica_10005,caracteristica_10006,caracteristica_10007,caracteristica_10008,caracteristica_10009,caracteristica_10010,caracteristica_10011,caracteristica_10012,caracteristica_10013,caracteristica_10014,caracteristica_10015,caracteristica_10016,caracteristica_10017,caracteristica_10018,caracteristica_10019,caracteristica_10020,caracteristica_10021,caracteristica_10022,caracteristica_10023,caracteristica_10024,caracteristica_10025,caracteristica_10026,caracteristica_10027,caracteristica_10028,caracteristica_10029,caracteristica_10030,caracteristica_10031,caracteristica_10032,caracteristica_10033,caracteristica_10034,caracteristica_10035,caracteristica_10036,caracteristica_10037,caracteristica_10038,caracteristica_10039,caracteristica_10040,caracteristica_10041,caracteristica_10042,caracteristica_10043,caracteristica_10044,caracteristica_10045,caracteristica_10046,caracteristica_10047,caracteristica_10048,caracteristica_10049,caracteristica_10050,caracteristica_10051,caracteristica_10052,caracteristica_10053,caracteristica_10054,caracteristica_10055,caracteristica_10056,caracteristica_10057,caracteristica_10058,caracteristica_10059,caracteristica_10060,caracteristica_10061,caracteristica_10062,caracteristica_10063,caracteristica_10064,caracteristica_10065,caracteristica_10066,caracteristica_10067,caracteristica_10068,caracteristica_10069,caracteristica_10070,caracteristica_10071,caracteristica_10072,caracteristica_10073,caracteristica_10074,caracteristica_10075,caracteristica_10076,caracteristica_10077,caracteristica_10078,caracteristica_10079,caracteristica_10080,caracteristica_10081,caracteristica_10082,caracteristica_10083,caracteristica_10084,caracteristica_10085,caracteristica_10086,caracteristica_10087,caracteristica_10088,caracteristica_10089,caracteristica_10090,caracteristica_10091,caracteristica_10092,caracteristica_10093,caracteristica_10094,caracteristica_10095,caracteristica_10096,caracteristica_10097,caracteristica_10098,caracteristica_10099,caracteristica_10100,caracteristica_10101,caracteristica_10102,caracteristica_10103,caracteristica_10104,caracteristica_10105,caracteristica_10106,caracteristica_10107,caracteristica_10108,caracteristica_10109,caracteristica_10110,caracteristica_10111,caracteristica_10112,caracteristica_10113,caracteristica_10114,caracteristica_10115,caracteristica_10116,caracteristica_10117,caracteristica_10118,caracteristica_10119,caracteristica_10120,caracteristica_10121,caracteristica_10122,caracteristica_10123,caracteristica_10124,caracteristica_10125,caracteristica_10126,caracteristica_10127,caracteristica_10128,caracteristica_10129,caracteristica_10130,caracteristica_10131,caracteristica_10132,caracteristica_10133,caracteristica_10134,caracteristica_10135,caracteristica_10136,caracteristica_10137,caracteristica_10138,caracteristica_10139,caracteristica_10140,caracteristica_10141,caracteristica_10142,caracteristica_10143,caracteristica_10144,caracteristica_10145,caracteristica_10146,caracteristica_10147,caracteristica_10148,caracteristica_10149,caracteristica_10150,caracteristica_10151,caracteristica_10152,caracteristica_10153,caracteristica_10154,caracteristica_10155,caracteristica_10156,caracteristica_10157,caracteristica_10158,caracteristica_10159,caracteristica_10160,caracteristica_10161,caracteristica_10162,caracteristica_10163,caracteristica_10164,caracteristica_10165,caracteristica_10166,caracteristica_10167,caracteristica_10168,caracteristica_10169,caracteristica_10170,caracteristica_10171,caracteristica_10172,caracteristica_10173,caracteristica_10174,caracteristica_10175,caracteristica_10176,caracteristica_10177,caracteristica_10178,caracteristica_10179,caracteristica_10180,caracteristica_10181,caracteristica_10182,caracteristica_10183,caracteristica_10184,caracteristica_10185,caracteristica_10186,caracteristica_10187,caracteristica_10188,caracteristica_10189,caracteristica_10190,caracteristica_10191,caracteristica_10192,caracteristica_10193,caracteristica_10194,caracteristica_10195,caracteristica_10196,caracteristica_10197,caracteristica_10198,caracteristica_10199,caracteristica_10200,caracteristica_10201,caracteristica_10202,caracteristica_10203,caracteristica_10204,caracteristica_10205,caracteristica_10206,caracteristica_10207,caracteristica_10208,caracteristica_10209,caracteristica_10210,caracteristica_10211,caracteristica_10212,caracteristica_10213,caracteristica_10214,caracteristica_10215,caracteristica_10216,caracteristica_10217,caracteristica_10218,caracteristica_10219,caracteristica_10220,caracteristica_10221,caracteristica_10222,caracteristica_10223,caracteristica_10224,caracteristica_10225,caracteristica_10226,caracteristica_10227,caracteristica_10228,caracteristica_10229,caracteristica_10230,caracteristica_10231,caracteristica_10232,caracteristica_10233,caracteristica_10234,caracteristica_10235,caracteristica_10236,caracteristica_10237,caracteristica_10238,caracteristica_10239,caracteristica_10240,caracteristica_10241,caracteristica_10242,caracteristica_10243,caracteristica_10244,caracteristica_10245,caracteristica_10246,caracteristica_10247,caracteristica_10248,caracteristica_10249,caracteristica_10250,caracteristica_10251,caracteristica_10252,caracteristica_10253,caracteristica_10254,caracteristica_10255,caracteristica_10256,caracteristica_10257,caracteristica_10258,caracteristica_10259,caracteristica_10260,caracteristica_10261,caracteristica_10262,caracteristica_10263,caracteristica_10264,caracteristica_10265,caracteristica_10266,caracteristica_10267,caracteristica_10268,caracteristica_10269,caracteristica_10270,caracteristica_10271,caracteristica_10272,caracteristica_10273,caracteristica_10274,caracteristica_10275,caracteristica_10276,caracteristica_10277,caracteristica_10278,caracteristica_10279,caracteristica_10280,caracteristica_10281,caracteristica_10282,caracteristica_10283,caracteristica_10284,caracteristica_10285,caracteristica_10286,caracteristica_10287,caracteristica_10288,caracteristica_10289,caracteristica_10290,caracteristica_10291,caracteristica_10292,caracteristica_10293,caracteristica_10294,caracteristica_10295,caracteristica_10296,caracteristica_10297,caracteristica_10298,caracteristica_10299,caracteristica_10300,caracteristica_10301,caracteristica_10302,caracteristica_10303,caracteristica_10304,caracteristica_10305,caracteristica_10306,caracteristica_10307,caracteristica_10308,caracteristica_10309,caracteristica_10310,caracteristica_10311,caracteristica_10312,caracteristica_10313,caracteristica_10314,caracteristica_10315,caracteristica_10316,caracteristica_10317,caracteristica_10318,caracteristica_10319,caracteristica_10320,caracteristica_10321,caracteristica_10322,caracteristica_10323,caracteristica_10324,caracteristica_10325,caracteristica_10326,caracteristica_10327,caracteristica_10328,caracteristica_10329,caracteristica_10330,caracteristica_10331,caracteristica_10332,caracteristica_10333,caracteristica_10334,caracteristica_10335,caracteristica_10336,caracteristica_10337,caracteristica_10338,caracteristica_10339,caracteristica_10340,caracteristica_10341,caracteristica_10342,caracteristica_10343,caracteristica_10344,caracteristica_10345,caracteristica_10346,caracteristica_10347,caracteristica_10348,caracteristica_10349,caracteristica_10350,caracteristica_10351,caracteristica_10352,caracteristica_10353,caracteristica_10354,caracteristica_10355,caracteristica_10356,caracteristica_10357,caracteristica_10358,caracteristica_10359,caracteristica_10360,caracteristica_10361,caracteristica_10362,caracteristica_10363,caracteristica_10364,caracteristica_10365,caracteristica_10366,caracteristica_10367,caracteristica_10368,caracteristica_10369,caracteristica_10370,caracteristica_10371,caracteristica_10372,caracteristica_10373,caracteristica_10374,caracteristica_10375,caracteristica_10376,caracteristica_10377,caracteristica_10378,caracteristica_10379,caracteristica_10380,caracteristica_10381,caracteristica_10382,caracteristica_10383,caracteristica_10384,caracteristica_10385,caracteristica_10386,caracteristica_10387,caracteristica_10388,caracteristica_10389,caracteristica_10390,caracteristica_10391,caracteristica_10392,caracteristica_10393,caracteristica_10394,caracteristica_10395,caracteristica_10396,caracteristica_10397,caracteristica_10398,caracteristica_10399,caracteristica_10400,caracteristica_10401,caracteristica_10402,caracteristica_10403,caracteristica_10404,caracteristica_10405,caracteristica_10406,caracteristica_10407,caracteristica_10408,caracteristica_10409,caracteristica_10410,caracteristica_10411,caracteristica_10412,caracteristica_10413,caracteristica_10414,caracteristica_10415,caracteristica_10416,caracteristica_10417,caracteristica_10418,caracteristica_10419,caracteristica_10420,caracteristica_10421,caracteristica_10422,caracteristica_10423,caracteristica_10424,caracteristica_10425,caracteristica_10426,caracteristica_10427,caracteristica_10428,caracteristica_10429,caracteristica_10430,caracteristica_10431,caracteristica_10432,caracteristica_10433,caracteristica_10434,caracteristica_10435,caracteristica_10436,caracteristica_10437,caracteristica_10438,caracteristica_10439,caracteristica_10440,caracteristica_10441,caracteristica_10442,caracteristica_10443,caracteristica_10444,caracteristica_10445,caracteristica_10446,caracteristica_10447,caracteristica_10448,caracteristica_10449,caracteristica_10450,caracteristica_10451,caracteristica_10452,caracteristica_10453,caracteristica_10454,caracteristica_10455,caracteristica_10456,caracteristica_10457,caracteristica_10458,caracteristica_10459,caracteristica_10460,caracteristica_10461,caracteristica_10462,caracteristica_10463,caracteristica_10464,caracteristica_10465,caracteristica_10466,caracteristica_10467,caracteristica_10468,caracteristica_10469,caracteristica_10470,caracteristica_10471,caracteristica_10472,caracteristica_10473,caracteristica_10474,caracteristica_10475,caracteristica_10476,caracteristica_10477,caracteristica_10478,caracteristica_10479,caracteristica_10480,caracteristica_10481,caracteristica_10482,caracteristica_10483,caracteristica_10484,caracteristica_10485,caracteristica_10486,caracteristica_10487,caracteristica_10488,caracteristica_10489,caracteristica_10490,caracteristica_10491,caracteristica_10492,caracteristica_10493,caracteristica_10494,caracteristica_10495,caracteristica_10496,caracteristica_10497,caracteristica_10498,caracteristica_10499,caracteristica_10500,caracteristica_10501,caracteristica_10502,caracteristica_10503,caracteristica_10504,caracteristica_10505,caracteristica_10506,caracteristica_10507,caracteristica_10508,caracteristica_10509,caracteristica_10510,caracteristica_10511,caracteristica_10512,caracteristica_10513,caracteristica_10514,caracteristica_10515,caracteristica_10516,caracteristica_10517,caracteristica_10518,caracteristica_10519,caracteristica_10520,caracteristica_10521,caracteristica_10522,caracteristica_10523,caracteristica_10524,caracteristica_10525,caracteristica_10526,caracteristica_10527,caracteristica_10528,caracteristica_10529,caracteristica_10530,caracteristica_10531,caracteristica_10532,caracteristica_10533,caracteristica_10534,caracteristica_10535,caracteristica_10536,caracteristica_10537,caracteristica_10538,caracteristica_10539,caracteristica_10540,caracteristica_10541,caracteristica_10542,caracteristica_10543,caracteristica_10544,caracteristica_10545,caracteristica_10546,caracteristica_10547,caracteristica_10548,caracteristica_10549,caracteristica_10550,caracteristica_10551,caracteristica_10552,caracteristica_10553,caracteristica_10554,caracteristica_10555,caracteristica_10556,caracteristica_10557,caracteristica_10558,caracteristica_10559,caracteristica_10560,caracteristica_10561,caracteristica_10562,caracteristica_10563,caracteristica_10564,caracteristica_10565,caracteristica_10566,caracteristica_10567,caracteristica_10568,caracteristica_10569,caracteristica_10570,caracteristica_10571,caracteristica_10572,caracteristica_10573,caracteristica_10574,caracteristica_10575,caracteristica_10576,caracteristica_10577,caracteristica_10578,caracteristica_10579,caracteristica_10580,caracteristica_10581,caracteristica_10582,caracteristica_10583,caracteristica_10584,caracteristica_10585,caracteristica_10586,caracteristica_10587,caracteristica_10588,caracteristica_10589,caracteristica_10590,caracteristica_10591,caracteristica_10592,caracteristica_10593,caracteristica_10594,caracteristica_10595,caracteristica_10596,caracteristica_10597,caracteristica_10598,caracteristica_10599,caracteristica_10600,caracteristica_10601,caracteristica_10602,caracteristica_10603,caracteristica_10604,caracteristica_10605,caracteristica_10606,caracteristica_10607,caracteristica_10608,caracteristica_10609,caracteristica_10610,caracteristica_10611,caracteristica_10612,caracteristica_10613,caracteristica_10614,caracteristica_10615,caracteristica_10616,caracteristica_10617,caracteristica_10618,caracteristica_10619,caracteristica_10620,caracteristica_10621,caracteristica_10622,caracteristica_10623,caracteristica_10624,caracteristica_10625,caracteristica_10626,caracteristica_10627,caracteristica_10628,caracteristica_10629,caracteristica_10630,caracteristica_10631,caracteristica_10632,caracteristica_10633,caracteristica_10634,caracteristica_10635,caracteristica_10636,caracteristica_10637,caracteristica_10638,caracteristica_10639,caracteristica_10640,caracteristica_10641,caracteristica_10642,caracteristica_10643,caracteristica_10644,caracteristica_10645,caracteristica_10646,caracteristica_10647,caracteristica_10648,caracteristica_10649,caracteristica_10650,caracteristica_10651,caracteristica_10652,caracteristica_10653,caracteristica_10654,caracteristica_10655,caracteristica_10656,caracteristica_10657,caracteristica_10658,caracteristica_10659,caracteristica_10660,caracteristica_10661,caracteristica_10662,caracteristica_10663,caracteristica_10664,caracteristica_10665,caracteristica_10666,caracteristica_10667,caracteristica_10668,caracteristica_10669,caracteristica_10670,caracteristica_10671,caracteristica_10672,caracteristica_10673,caracteristica_10674,caracteristica_10675,caracteristica_10676,caracteristica_10677,caracteristica_10678,caracteristica_10679,caracteristica_10680,caracteristica_10681,caracteristica_10682,caracteristica_10683,caracteristica_10684,caracteristica_10685,caracteristica_10686,caracteristica_10687,caracteristica_10688,caracteristica_10689,caracteristica_10690,caracteristica_10691,caracteristica_10692,caracteristica_10693,caracteristica_10694,caracteristica_10695,caracteristica_10696,caracteristica_10697,caracteristica_10698,caracteristica_10699,caracteristica_10700,caracteristica_10701,caracteristica_10702,caracteristica_10703,caracteristica_10704,caracteristica_10705,caracteristica_10706,caracteristica_10707,caracteristica_10708,caracteristica_10709,caracteristica_10710,caracteristica_10711,caracteristica_10712,caracteristica_10713,caracteristica_10714,caracteristica_10715,caracteristica_10716,caracteristica_10717,caracteristica_10718,caracteristica_10719,caracteristica_10720,caracteristica_10721,caracteristica_10722,caracteristica_10723,caracteristica_10724,caracteristica_10725,caracteristica_10726,caracteristica_10727,caracteristica_10728,caracteristica_10729,caracteristica_10730,caracteristica_10731,caracteristica_10732,caracteristica_10733,caracteristica_10734,caracteristica_10735,caracteristica_10736,caracteristica_10737,caracteristica_10738,caracteristica_10739,caracteristica_10740,caracteristica_10741,caracteristica_10742,caracteristica_10743,caracteristica_10744,caracteristica_10745,caracteristica_10746,caracteristica_10747,caracteristica_10748,caracteristica_10749,caracteristica_10750,caracteristica_10751,caracteristica_10752,caracteristica_10753,caracteristica_10754,caracteristica_10755,caracteristica_10756,caracteristica_10757,caracteristica_10758,caracteristica_10759,caracteristica_10760,caracteristica_10761,caracteristica_10762,caracteristica_10763,caracteristica_10764,caracteristica_10765,caracteristica_10766,caracteristica_10767,caracteristica_10768,caracteristica_10769,caracteristica_10770,caracteristica_10771,caracteristica_10772,caracteristica_10773,caracteristica_10774,caracteristica_10775,caracteristica_10776,caracteristica_10777,caracteristica_10778,caracteristica_10779,caracteristica_10780,caracteristica_10781,caracteristica_10782,caracteristica_10783,caracteristica_10784,caracteristica_10785,caracteristica_10786,caracteristica_10787,caracteristica_10788,caracteristica_10789,caracteristica_10790,caracteristica_10791,caracteristica_10792,caracteristica_10793,caracteristica_10794,caracteristica_10795,caracteristica_10796,caracteristica_10797,caracteristica_10798,caracteristica_10799,caracteristica_10800,caracteristica_10801,caracteristica_10802,caracteristica_10803,caracteristica_10804,caracteristica_10805,caracteristica_10806,caracteristica_10807,caracteristica_10808,caracteristica_10809,caracteristica_10810,caracteristica_10811,caracteristica_10812,caracteristica_10813,caracteristica_10814,caracteristica_10815,caracteristica_10816,caracteristica_10817,caracteristica_10818,caracteristica_10819,caracteristica_10820,caracteristica_10821,caracteristica_10822,caracteristica_10823,caracteristica_10824,caracteristica_10825,caracteristica_10826,caracteristica_10827,caracteristica_10828,caracteristica_10829,caracteristica_10830,caracteristica_10831,caracteristica_10832,caracteristica_10833,caracteristica_10834,caracteristica_10835,caracteristica_10836,caracteristica_10837,caracteristica_10838,caracteristica_10839,caracteristica_10840,caracteristica_10841,caracteristica_10842,caracteristica_10843,caracteristica_10844,caracteristica_10845,caracteristica_10846,caracteristica_10847,caracteristica_10848,caracteristica_10849,caracteristica_10850,caracteristica_10851,caracteristica_10852,caracteristica_10853,caracteristica_10854,caracteristica_10855,caracteristica_10856,caracteristica_10857,caracteristica_10858,caracteristica_10859,caracteristica_10860,caracteristica_10861,caracteristica_10862,caracteristica_10863,caracteristica_10864,caracteristica_10865,caracteristica_10866,caracteristica_10867,caracteristica_10868,caracteristica_10869,caracteristica_10870,caracteristica_10871,caracteristica_10872,caracteristica_10873,caracteristica_10874,caracteristica_10875,caracteristica_10876,caracteristica_10877,caracteristica_10878,caracteristica_10879,caracteristica_10880,caracteristica_10881,caracteristica_10882,caracteristica_10883,caracteristica_10884,caracteristica_10885,caracteristica_10886,caracteristica_10887,caracteristica_10888,caracteristica_10889,caracteristica_10890,caracteristica_10891,caracteristica_10892,caracteristica_10893,caracteristica_10894,caracteristica_10895,caracteristica_10896,caracteristica_10897,caracteristica_10898,caracteristica_10899,caracteristica_10900,caracteristica_10901,caracteristica_10902,caracteristica_10903,caracteristica_10904,caracteristica_10905,caracteristica_10906,caracteristica_10907,caracteristica_10908,caracteristica_10909,caracteristica_10910,caracteristica_10911,caracteristica_10912,caracteristica_10913,caracteristica_10914,caracteristica_10915,caracteristica_10916,caracteristica_10917,caracteristica_10918,caracteristica_10919,caracteristica_10920,caracteristica_10921,caracteristica_10922,caracteristica_10923,caracteristica_10924,caracteristica_10925,caracteristica_10926,caracteristica_10927,caracteristica_10928,caracteristica_10929,caracteristica_10930,caracteristica_10931,caracteristica_10932,caracteristica_10933,caracteristica_10934,caracteristica_10935,caracteristica_10936,caracteristica_10937,caracteristica_10938,caracteristica_10939,caracteristica_10940,caracteristica_10941,caracteristica_10942,caracteristica_10943,caracteristica_10944,caracteristica_10945,caracteristica_10946,caracteristica_10947,caracteristica_10948,caracteristica_10949,caracteristica_10950,caracteristica_10951,caracteristica_10952,caracteristica_10953,caracteristica_10954,caracteristica_10955,caracteristica_10956,caracteristica_10957,caracteristica_10958,caracteristica_10959,caracteristica_10960,caracteristica_10961,caracteristica_10962,caracteristica_10963,caracteristica_10964,caracteristica_10965,caracteristica_10966,caracteristica_10967,caracteristica_10968,caracteristica_10969,caracteristica_10970,caracteristica_10971,caracteristica_10972,caracteristica_10973,caracteristica_10974,caracteristica_10975,caracteristica_10976,caracteristica_10977,caracteristica_10978,caracteristica_10979,caracteristica_10980,caracteristica_10981,caracteristica_10982,caracteristica_10983,caracteristica_10984,caracteristica_10985,caracteristica_10986,caracteristica_10987,caracteristica_10988,caracteristica_10989,caracteristica_10990,caracteristica_10991,caracteristica_10992,caracteristica_10993,caracteristica_10994,caracteristica_10995,caracteristica_10996,caracteristica_10997,caracteristica_10998,caracteristica_10999,caracteristica_11000,caracteristica_11001,caracteristica_11002,caracteristica_11003,caracteristica_11004,caracteristica_11005,caracteristica_11006,caracteristica_11007,caracteristica_11008,caracteristica_11009,caracteristica_11010,caracteristica_11011,caracteristica_11012,caracteristica_11013,caracteristica_11014,caracteristica_11015,caracteristica_11016,caracteristica_11017,caracteristica_11018,caracteristica_11019,caracteristica_11020,caracteristica_11021,caracteristica_11022,caracteristica_11023,caracteristica_11024,caracteristica_11025,caracteristica_11026,caracteristica_11027,caracteristica_11028,caracteristica_11029,caracteristica_11030,caracteristica_11031,caracteristica_11032,caracteristica_11033,caracteristica_11034,caracteristica_11035,caracteristica_11036,caracteristica_11037,caracteristica_11038,caracteristica_11039,caracteristica_11040,caracteristica_11041,caracteristica_11042,caracteristica_11043,caracteristica_11044,caracteristica_11045,caracteristica_11046,caracteristica_11047,caracteristica_11048,caracteristica_11049,caracteristica_11050,caracteristica_11051,caracteristica_11052,caracteristica_11053,caracteristica_11054,caracteristica_11055,caracteristica_11056,caracteristica_11057,caracteristica_11058,caracteristica_11059,caracteristica_11060,caracteristica_11061,caracteristica_11062,caracteristica_11063,caracteristica_11064,caracteristica_11065,caracteristica_11066,caracteristica_11067,caracteristica_11068,caracteristica_11069,caracteristica_11070,caracteristica_11071,caracteristica_11072,caracteristica_11073,caracteristica_11074,caracteristica_11075,caracteristica_11076,caracteristica_11077,caracteristica_11078,caracteristica_11079,caracteristica_11080,caracteristica_11081,caracteristica_11082,caracteristica_11083,caracteristica_11084,caracteristica_11085,caracteristica_11086,caracteristica_11087,caracteristica_11088,caracteristica_11089,caracteristica_11090,caracteristica_11091,caracteristica_11092,caracteristica_11093,caracteristica_11094,caracteristica_11095,caracteristica_11096,caracteristica_11097,caracteristica_11098,caracteristica_11099,caracteristica_11100,caracteristica_11101,caracteristica_11102,caracteristica_11103,caracteristica_11104,caracteristica_11105,caracteristica_11106,caracteristica_11107,caracteristica_11108,caracteristica_11109,caracteristica_11110,caracteristica_11111,caracteristica_11112,caracteristica_11113,caracteristica_11114,caracteristica_11115,caracteristica_11116,caracteristica_11117,caracteristica_11118,caracteristica_11119,caracteristica_11120,caracteristica_11121,caracteristica_11122,caracteristica_11123,caracteristica_11124,caracteristica_11125,caracteristica_11126,caracteristica_11127,caracteristica_11128,caracteristica_11129,caracteristica_11130,caracteristica_11131,caracteristica_11132,caracteristica_11133,caracteristica_11134,caracteristica_11135,caracteristica_11136,caracteristica_11137,caracteristica_11138,caracteristica_11139,caracteristica_11140,caracteristica_11141,caracteristica_11142,caracteristica_11143,caracteristica_11144,caracteristica_11145,caracteristica_11146,caracteristica_11147,caracteristica_11148,caracteristica_11149,caracteristica_11150,caracteristica_11151,caracteristica_11152,caracteristica_11153,caracteristica_11154,caracteristica_11155,caracteristica_11156,caracteristica_11157,caracteristica_11158,caracteristica_11159,caracteristica_11160,caracteristica_11161,caracteristica_11162,caracteristica_11163,caracteristica_11164,caracteristica_11165,caracteristica_11166,caracteristica_11167,caracteristica_11168,caracteristica_11169,caracteristica_11170,caracteristica_11171,caracteristica_11172,caracteristica_11173,caracteristica_11174,caracteristica_11175,caracteristica_11176,caracteristica_11177,caracteristica_11178,caracteristica_11179,caracteristica_11180,caracteristica_11181,caracteristica_11182,caracteristica_11183,caracteristica_11184,caracteristica_11185,caracteristica_11186,caracteristica_11187,caracteristica_11188,caracteristica_11189,caracteristica_11190,caracteristica_11191,caracteristica_11192,caracteristica_11193,caracteristica_11194,caracteristica_11195,caracteristica_11196,caracteristica_11197,caracteristica_11198,caracteristica_11199,caracteristica_11200,caracteristica_11201,caracteristica_11202,caracteristica_11203,caracteristica_11204,caracteristica_11205,caracteristica_11206,caracteristica_11207,caracteristica_11208,caracteristica_11209,caracteristica_11210,caracteristica_11211,caracteristica_11212,caracteristica_11213,caracteristica_11214,caracteristica_11215,caracteristica_11216,caracteristica_11217,caracteristica_11218,caracteristica_11219,caracteristica_11220,caracteristica_11221,caracteristica_11222,caracteristica_11223,caracteristica_11224,caracteristica_11225,caracteristica_11226,caracteristica_11227,caracteristica_11228,caracteristica_11229,caracteristica_11230,caracteristica_11231,caracteristica_11232,caracteristica_11233,caracteristica_11234,caracteristica_11235,caracteristica_11236,caracteristica_11237,caracteristica_11238,caracteristica_11239,caracteristica_11240,caracteristica_11241,caracteristica_11242,caracteristica_11243,caracteristica_11244,caracteristica_11245,caracteristica_11246,caracteristica_11247,caracteristica_11248,caracteristica_11249,caracteristica_11250,caracteristica_11251,caracteristica_11252,caracteristica_11253,caracteristica_11254,caracteristica_11255,caracteristica_11256,caracteristica_11257,caracteristica_11258,caracteristica_11259,caracteristica_11260,caracteristica_11261,caracteristica_11262,caracteristica_11263,caracteristica_11264,caracteristica_11265,caracteristica_11266,caracteristica_11267,caracteristica_11268,caracteristica_11269,caracteristica_11270,caracteristica_11271,caracteristica_11272,caracteristica_11273,caracteristica_11274,caracteristica_11275,caracteristica_11276,caracteristica_11277,caracteristica_11278,caracteristica_11279,caracteristica_11280,caracteristica_11281,caracteristica_11282,caracteristica_11283,caracteristica_11284,caracteristica_11285,caracteristica_11286,caracteristica_11287,caracteristica_11288,caracteristica_11289,caracteristica_11290,caracteristica_11291,caracteristica_11292,caracteristica_11293,caracteristica_11294,caracteristica_11295,caracteristica_11296,caracteristica_11297,caracteristica_11298,caracteristica_11299,caracteristica_11300,caracteristica_11301,caracteristica_11302,caracteristica_11303,caracteristica_11304,caracteristica_11305,caracteristica_11306,caracteristica_11307,caracteristica_11308,caracteristica_11309,caracteristica_11310,caracteristica_11311,caracteristica_11312,caracteristica_11313,caracteristica_11314,caracteristica_11315,caracteristica_11316,caracteristica_11317,caracteristica_11318,caracteristica_11319,caracteristica_11320,caracteristica_11321,caracteristica_11322,caracteristica_11323,caracteristica_11324,caracteristica_11325,caracteristica_11326,caracteristica_11327,caracteristica_11328,caracteristica_11329,caracteristica_11330,caracteristica_11331,caracteristica_11332,caracteristica_11333,caracteristica_11334,caracteristica_11335,caracteristica_11336,caracteristica_11337,caracteristica_11338,caracteristica_11339,caracteristica_11340,caracteristica_11341,caracteristica_11342,caracteristica_11343,caracteristica_11344,caracteristica_11345,caracteristica_11346,caracteristica_11347,caracteristica_11348,caracteristica_11349,caracteristica_11350,caracteristica_11351,caracteristica_11352,caracteristica_11353,caracteristica_11354,caracteristica_11355,caracteristica_11356,caracteristica_11357,caracteristica_11358,caracteristica_11359,caracteristica_11360,caracteristica_11361,caracteristica_11362,caracteristica_11363,caracteristica_11364,caracteristica_11365,caracteristica_11366,caracteristica_11367,caracteristica_11368,caracteristica_11369,caracteristica_11370,caracteristica_11371,caracteristica_11372,caracteristica_11373,caracteristica_11374,caracteristica_11375,caracteristica_11376,caracteristica_11377,caracteristica_11378,caracteristica_11379,caracteristica_11380,caracteristica_11381,caracteristica_11382,caracteristica_11383,caracteristica_11384,caracteristica_11385,caracteristica_11386,caracteristica_11387,caracteristica_11388,caracteristica_11389,caracteristica_11390,caracteristica_11391,caracteristica_11392,caracteristica_11393,caracteristica_11394,caracteristica_11395,caracteristica_11396,caracteristica_11397,caracteristica_11398,caracteristica_11399,caracteristica_11400,caracteristica_11401,caracteristica_11402,caracteristica_11403,caracteristica_11404,caracteristica_11405,caracteristica_11406,caracteristica_11407,caracteristica_11408,caracteristica_11409,caracteristica_11410,caracteristica_11411,caracteristica_11412,caracteristica_11413,caracteristica_11414,caracteristica_11415,caracteristica_11416,caracteristica_11417,caracteristica_11418,caracteristica_11419,caracteristica_11420,caracteristica_11421,caracteristica_11422,caracteristica_11423,caracteristica_11424,caracteristica_11425,caracteristica_11426,caracteristica_11427,caracteristica_11428,caracteristica_11429,caracteristica_11430,caracteristica_11431,caracteristica_11432,caracteristica_11433,caracteristica_11434,caracteristica_11435,caracteristica_11436,caracteristica_11437,caracteristica_11438,caracteristica_11439,caracteristica_11440,caracteristica_11441,caracteristica_11442,caracteristica_11443,caracteristica_11444,caracteristica_11445,caracteristica_11446,caracteristica_11447,caracteristica_11448,caracteristica_11449,caracteristica_11450,caracteristica_11451,caracteristica_11452,caracteristica_11453,caracteristica_11454,caracteristica_11455,caracteristica_11456,caracteristica_11457,caracteristica_11458,caracteristica_11459,caracteristica_11460,caracteristica_11461,caracteristica_11462,caracteristica_11463,caracteristica_11464,caracteristica_11465,caracteristica_11466,caracteristica_11467,caracteristica_11468,caracteristica_11469,caracteristica_11470,caracteristica_11471,caracteristica_11472,caracteristica_11473,caracteristica_11474,caracteristica_11475,caracteristica_11476,caracteristica_11477,caracteristica_11478,caracteristica_11479,caracteristica_11480,caracteristica_11481,caracteristica_11482,caracteristica_11483,caracteristica_11484,caracteristica_11485,caracteristica_11486,caracteristica_11487,caracteristica_11488,caracteristica_11489,caracteristica_11490,caracteristica_11491,caracteristica_11492,caracteristica_11493,caracteristica_11494,caracteristica_11495,caracteristica_11496,caracteristica_11497,caracteristica_11498,caracteristica_11499,caracteristica_11500,caracteristica_11501,caracteristica_11502,caracteristica_11503,caracteristica_11504,caracteristica_11505,caracteristica_11506,caracteristica_11507,caracteristica_11508,caracteristica_11509,caracteristica_11510,caracteristica_11511,caracteristica_11512,caracteristica_11513,caracteristica_11514,caracteristica_11515,caracteristica_11516,caracteristica_11517,caracteristica_11518,caracteristica_11519,caracteristica_11520,caracteristica_11521,caracteristica_11522,caracteristica_11523,caracteristica_11524,caracteristica_11525,caracteristica_11526,caracteristica_11527,caracteristica_11528,caracteristica_11529,caracteristica_11530,caracteristica_11531,caracteristica_11532,caracteristica_11533,caracteristica_11534,caracteristica_11535,caracteristica_11536,caracteristica_11537,caracteristica_11538,caracteristica_11539,caracteristica_11540,caracteristica_11541,caracteristica_11542,caracteristica_11543,caracteristica_11544,caracteristica_11545,caracteristica_11546,caracteristica_11547,caracteristica_11548,caracteristica_11549,caracteristica_11550,caracteristica_11551,caracteristica_11552,caracteristica_11553,caracteristica_11554,caracteristica_11555,caracteristica_11556,caracteristica_11557,caracteristica_11558,caracteristica_11559,caracteristica_11560,caracteristica_11561,caracteristica_11562,caracteristica_11563,caracteristica_11564,caracteristica_11565,caracteristica_11566,caracteristica_11567,caracteristica_11568,caracteristica_11569,caracteristica_11570,caracteristica_11571,caracteristica_11572,caracteristica_11573,caracteristica_11574,caracteristica_11575,caracteristica_11576,caracteristica_11577,caracteristica_11578,caracteristica_11579,caracteristica_11580,caracteristica_11581,caracteristica_11582,caracteristica_11583,caracteristica_11584,caracteristica_11585,caracteristica_11586,caracteristica_11587,caracteristica_11588,caracteristica_11589,caracteristica_11590,caracteristica_11591,caracteristica_11592,caracteristica_11593,caracteristica_11594,caracteristica_11595,caracteristica_11596,caracteristica_11597,caracteristica_11598,caracteristica_11599,caracteristica_11600,caracteristica_11601,caracteristica_11602,caracteristica_11603,caracteristica_11604,caracteristica_11605,caracteristica_11606,caracteristica_11607,caracteristica_11608,caracteristica_11609,caracteristica_11610,caracteristica_11611,caracteristica_11612,caracteristica_11613,caracteristica_11614,caracteristica_11615,caracteristica_11616,caracteristica_11617,caracteristica_11618,caracteristica_11619,caracteristica_11620,caracteristica_11621,caracteristica_11622,caracteristica_11623,caracteristica_11624,caracteristica_11625,caracteristica_11626,caracteristica_11627,caracteristica_11628,caracteristica_11629,caracteristica_11630,caracteristica_11631,caracteristica_11632,caracteristica_11633,caracteristica_11634,caracteristica_11635,caracteristica_11636,caracteristica_11637,caracteristica_11638,caracteristica_11639,caracteristica_11640,caracteristica_11641,caracteristica_11642,caracteristica_11643,caracteristica_11644,caracteristica_11645,caracteristica_11646,caracteristica_11647,caracteristica_11648,caracteristica_11649,caracteristica_11650,caracteristica_11651,caracteristica_11652,caracteristica_11653,caracteristica_11654,caracteristica_11655,caracteristica_11656,caracteristica_11657,caracteristica_11658,caracteristica_11659,caracteristica_11660,caracteristica_11661,caracteristica_11662,caracteristica_11663,caracteristica_11664,caracteristica_11665,caracteristica_11666,caracteristica_11667,caracteristica_11668,caracteristica_11669,caracteristica_11670,caracteristica_11671,caracteristica_11672,caracteristica_11673,caracteristica_11674,caracteristica_11675,caracteristica_11676,caracteristica_11677,caracteristica_11678,caracteristica_11679,caracteristica_11680,caracteristica_11681,caracteristica_11682,caracteristica_11683,caracteristica_11684,caracteristica_11685,caracteristica_11686,caracteristica_11687,caracteristica_11688,caracteristica_11689,caracteristica_11690,caracteristica_11691,caracteristica_11692,caracteristica_11693,caracteristica_11694,caracteristica_11695,caracteristica_11696,caracteristica_11697,caracteristica_11698,caracteristica_11699,caracteristica_11700,caracteristica_11701,caracteristica_11702,caracteristica_11703,caracteristica_11704,caracteristica_11705,caracteristica_11706,caracteristica_11707,caracteristica_11708,caracteristica_11709,caracteristica_11710,caracteristica_11711,caracteristica_11712,caracteristica_11713,caracteristica_11714,caracteristica_11715,caracteristica_11716,caracteristica_11717,caracteristica_11718,caracteristica_11719,caracteristica_11720,caracteristica_11721,caracteristica_11722,caracteristica_11723,caracteristica_11724,caracteristica_11725,caracteristica_11726,caracteristica_11727,caracteristica_11728,caracteristica_11729,caracteristica_11730,caracteristica_11731,caracteristica_11732,caracteristica_11733,caracteristica_11734,caracteristica_11735,caracteristica_11736,caracteristica_11737,caracteristica_11738,caracteristica_11739,caracteristica_11740,caracteristica_11741,caracteristica_11742,caracteristica_11743,caracteristica_11744,caracteristica_11745,caracteristica_11746,caracteristica_11747,caracteristica_11748,caracteristica_11749,caracteristica_11750,caracteristica_11751,caracteristica_11752,caracteristica_11753,caracteristica_11754,caracteristica_11755,caracteristica_11756,caracteristica_11757,caracteristica_11758,caracteristica_11759,caracteristica_11760,caracteristica_11761,caracteristica_11762,caracteristica_11763,caracteristica_11764,caracteristica_11765,caracteristica_11766,caracteristica_11767,caracteristica_11768,caracteristica_11769,caracteristica_11770,caracteristica_11771,caracteristica_11772,caracteristica_11773,caracteristica_11774,caracteristica_11775,caracteristica_11776,caracteristica_11777,caracteristica_11778,caracteristica_11779,caracteristica_11780,caracteristica_11781,caracteristica_11782,caracteristica_11783,caracteristica_11784,caracteristica_11785,caracteristica_11786,caracteristica_11787,caracteristica_11788,caracteristica_11789,caracteristica_11790,caracteristica_11791,caracteristica_11792,caracteristica_11793,caracteristica_11794,caracteristica_11795,caracteristica_11796,caracteristica_11797,caracteristica_11798,caracteristica_11799,caracteristica_11800,caracteristica_11801,caracteristica_11802,caracteristica_11803,caracteristica_11804,caracteristica_11805,caracteristica_11806,caracteristica_11807,caracteristica_11808,caracteristica_11809,caracteristica_11810,caracteristica_11811,caracteristica_11812,caracteristica_11813,caracteristica_11814,caracteristica_11815,caracteristica_11816,caracteristica_11817,caracteristica_11818,caracteristica_11819,caracteristica_11820,caracteristica_11821,caracteristica_11822,caracteristica_11823,caracteristica_11824,caracteristica_11825,caracteristica_11826,caracteristica_11827,caracteristica_11828,caracteristica_11829,caracteristica_11830,caracteristica_11831,caracteristica_11832,caracteristica_11833,caracteristica_11834,caracteristica_11835,caracteristica_11836,caracteristica_11837,caracteristica_11838,caracteristica_11839,caracteristica_11840,caracteristica_11841,caracteristica_11842,caracteristica_11843,caracteristica_11844,caracteristica_11845,caracteristica_11846,caracteristica_11847,caracteristica_11848,caracteristica_11849,caracteristica_11850,caracteristica_11851,caracteristica_11852,caracteristica_11853,caracteristica_11854,caracteristica_11855,caracteristica_11856,caracteristica_11857,caracteristica_11858,caracteristica_11859,caracteristica_11860,caracteristica_11861,caracteristica_11862,caracteristica_11863,caracteristica_11864,caracteristica_11865,caracteristica_11866,caracteristica_11867,caracteristica_11868,caracteristica_11869,caracteristica_11870,caracteristica_11871,caracteristica_11872,caracteristica_11873,caracteristica_11874,caracteristica_11875,caracteristica_11876,caracteristica_11877,caracteristica_11878,caracteristica_11879,caracteristica_11880,caracteristica_11881,caracteristica_11882,caracteristica_11883,caracteristica_11884,caracteristica_11885,caracteristica_11886,caracteristica_11887,caracteristica_11888,caracteristica_11889,caracteristica_11890,caracteristica_11891,caracteristica_11892,caracteristica_11893,caracteristica_11894,caracteristica_11895,caracteristica_11896,caracteristica_11897,caracteristica_11898,caracteristica_11899,caracteristica_11900,caracteristica_11901,caracteristica_11902,caracteristica_11903,caracteristica_11904,caracteristica_11905,caracteristica_11906,caracteristica_11907,caracteristica_11908,caracteristica_11909,caracteristica_11910,caracteristica_11911,caracteristica_11912,caracteristica_11913,caracteristica_11914,caracteristica_11915,caracteristica_11916,caracteristica_11917,caracteristica_11918,caracteristica_11919,caracteristica_11920,caracteristica_11921,caracteristica_11922,caracteristica_11923,caracteristica_11924,caracteristica_11925,caracteristica_11926,caracteristica_11927,caracteristica_11928,caracteristica_11929,caracteristica_11930,caracteristica_11931,caracteristica_11932,caracteristica_11933,caracteristica_11934,caracteristica_11935,caracteristica_11936,caracteristica_11937,caracteristica_11938,caracteristica_11939,caracteristica_11940,caracteristica_11941,caracteristica_11942,caracteristica_11943,caracteristica_11944,caracteristica_11945,caracteristica_11946,caracteristica_11947,caracteristica_11948,caracteristica_11949,caracteristica_11950,caracteristica_11951,caracteristica_11952,caracteristica_11953,caracteristica_11954,caracteristica_11955,caracteristica_11956,caracteristica_11957,caracteristica_11958,caracteristica_11959,caracteristica_11960,caracteristica_11961,caracteristica_11962,caracteristica_11963,caracteristica_11964,caracteristica_11965,caracteristica_11966,caracteristica_11967,caracteristica_11968,caracteristica_11969,caracteristica_11970,caracteristica_11971,caracteristica_11972,caracteristica_11973,caracteristica_11974,caracteristica_11975,caracteristica_11976,caracteristica_11977,caracteristica_11978,caracteristica_11979,caracteristica_11980,caracteristica_11981,caracteristica_11982,caracteristica_11983,caracteristica_11984,caracteristica_11985,caracteristica_11986,caracteristica_11987,caracteristica_11988,caracteristica_11989,caracteristica_11990,caracteristica_11991,caracteristica_11992,caracteristica_11993,caracteristica_11994,caracteristica_11995,caracteristica_11996,caracteristica_11997,caracteristica_11998,caracteristica_11999,caracteristica_12000,caracteristica_12001,caracteristica_12002,caracteristica_12003,caracteristica_12004,caracteristica_12005,caracteristica_12006,caracteristica_12007,caracteristica_12008,caracteristica_12009,caracteristica_12010,caracteristica_12011,caracteristica_12012,caracteristica_12013,caracteristica_12014,caracteristica_12015,caracteristica_12016,caracteristica_12017,caracteristica_12018,caracteristica_12019,caracteristica_12020,caracteristica_12021,caracteristica_12022,caracteristica_12023,caracteristica_12024,caracteristica_12025,caracteristica_12026,caracteristica_12027,caracteristica_12028,caracteristica_12029,caracteristica_12030,caracteristica_12031,caracteristica_12032,caracteristica_12033,caracteristica_12034,caracteristica_12035,caracteristica_12036,caracteristica_12037,caracteristica_12038,caracteristica_12039,caracteristica_12040,caracteristica_12041,caracteristica_12042,caracteristica_12043,caracteristica_12044,caracteristica_12045,caracteristica_12046,caracteristica_12047,caracteristica_12048,caracteristica_12049,caracteristica_12050,caracteristica_12051,caracteristica_12052,caracteristica_12053,caracteristica_12054,caracteristica_12055,caracteristica_12056,caracteristica_12057,caracteristica_12058,caracteristica_12059,caracteristica_12060,caracteristica_12061,caracteristica_12062,caracteristica_12063,caracteristica_12064,caracteristica_12065,caracteristica_12066,caracteristica_12067,caracteristica_12068,caracteristica_12069,caracteristica_12070,caracteristica_12071,caracteristica_12072,caracteristica_12073,caracteristica_12074,caracteristica_12075,caracteristica_12076,caracteristica_12077,caracteristica_12078,caracteristica_12079,caracteristica_12080,caracteristica_12081,caracteristica_12082,caracteristica_12083,caracteristica_12084,caracteristica_12085,caracteristica_12086,caracteristica_12087,caracteristica_12088,caracteristica_12089,caracteristica_12090,caracteristica_12091,caracteristica_12092,caracteristica_12093,caracteristica_12094,caracteristica_12095,caracteristica_12096,caracteristica_12097,caracteristica_12098,caracteristica_12099,caracteristica_12100,caracteristica_12101,caracteristica_12102,caracteristica_12103,caracteristica_12104,caracteristica_12105,caracteristica_12106,caracteristica_12107,caracteristica_12108,caracteristica_12109,caracteristica_12110,caracteristica_12111,caracteristica_12112,caracteristica_12113,caracteristica_12114,caracteristica_12115,caracteristica_12116,caracteristica_12117,caracteristica_12118,caracteristica_12119,caracteristica_12120,caracteristica_12121,caracteristica_12122,caracteristica_12123,caracteristica_12124,caracteristica_12125,caracteristica_12126,caracteristica_12127,caracteristica_12128,caracteristica_12129,caracteristica_12130,caracteristica_12131,caracteristica_12132,caracteristica_12133,caracteristica_12134,caracteristica_12135,caracteristica_12136,caracteristica_12137,caracteristica_12138,caracteristica_12139,caracteristica_12140,caracteristica_12141,caracteristica_12142,caracteristica_12143,caracteristica_12144,caracteristica_12145,caracteristica_12146,caracteristica_12147,caracteristica_12148,caracteristica_12149,caracteristica_12150,caracteristica_12151,caracteristica_12152,caracteristica_12153,caracteristica_12154,caracteristica_12155,caracteristica_12156,caracteristica_12157,caracteristica_12158,caracteristica_12159,caracteristica_12160,caracteristica_12161,caracteristica_12162,caracteristica_12163,caracteristica_12164,caracteristica_12165,caracteristica_12166,caracteristica_12167,caracteristica_12168,caracteristica_12169,caracteristica_12170,caracteristica_12171,caracteristica_12172,caracteristica_12173,caracteristica_12174,caracteristica_12175,caracteristica_12176,caracteristica_12177,caracteristica_12178,caracteristica_12179,caracteristica_12180,caracteristica_12181,caracteristica_12182,caracteristica_12183,caracteristica_12184,caracteristica_12185,caracteristica_12186,caracteristica_12187,caracteristica_12188,caracteristica_12189,caracteristica_12190,caracteristica_12191,caracteristica_12192,caracteristica_12193,caracteristica_12194,caracteristica_12195,caracteristica_12196,caracteristica_12197,caracteristica_12198,caracteristica_12199,caracteristica_12200,caracteristica_12201,caracteristica_12202,caracteristica_12203,caracteristica_12204,caracteristica_12205,caracteristica_12206,caracteristica_12207,caracteristica_12208,caracteristica_12209,caracteristica_12210,caracteristica_12211,caracteristica_12212,caracteristica_12213,caracteristica_12214,caracteristica_12215,caracteristica_12216,caracteristica_12217,caracteristica_12218,caracteristica_12219,caracteristica_12220,caracteristica_12221,caracteristica_12222,caracteristica_12223,caracteristica_12224,caracteristica_12225,caracteristica_12226,caracteristica_12227,caracteristica_12228,caracteristica_12229,caracteristica_12230,caracteristica_12231,caracteristica_12232,caracteristica_12233,caracteristica_12234,caracteristica_12235,caracteristica_12236,caracteristica_12237,caracteristica_12238,caracteristica_12239,caracteristica_12240,caracteristica_12241,caracteristica_12242,caracteristica_12243,caracteristica_12244,caracteristica_12245,caracteristica_12246,caracteristica_12247,caracteristica_12248,caracteristica_12249,caracteristica_12250,caracteristica_12251,caracteristica_12252,caracteristica_12253,caracteristica_12254,caracteristica_12255,caracteristica_12256,caracteristica_12257,caracteristica_12258,caracteristica_12259,caracteristica_12260,caracteristica_12261,caracteristica_12262,caracteristica_12263,caracteristica_12264,caracteristica_12265,caracteristica_12266,caracteristica_12267,caracteristica_12268,caracteristica_12269,caracteristica_12270,caracteristica_12271,caracteristica_12272,caracteristica_12273,caracteristica_12274,caracteristica_12275,caracteristica_12276,caracteristica_12277,caracteristica_12278,caracteristica_12279,caracteristica_12280,caracteristica_12281,caracteristica_12282,caracteristica_12283,caracteristica_12284,caracteristica_12285,caracteristica_12286,caracteristica_12287,caracteristica_12288,caracteristica_12289,caracteristica_12290,caracteristica_12291,caracteristica_12292,caracteristica_12293,caracteristica_12294,caracteristica_12295,caracteristica_12296,caracteristica_12297,caracteristica_12298,caracteristica_12299,caracteristica_12300,caracteristica_12301,caracteristica_12302,caracteristica_12303,caracteristica_12304,caracteristica_12305,caracteristica_12306,caracteristica_12307,caracteristica_12308,caracteristica_12309,caracteristica_12310,caracteristica_12311,caracteristica_12312,caracteristica_12313,caracteristica_12314,caracteristica_12315,caracteristica_12316,caracteristica_12317,caracteristica_12318,caracteristica_12319,caracteristica_12320,caracteristica_12321,caracteristica_12322,caracteristica_12323,caracteristica_12324,caracteristica_12325,caracteristica_12326,caracteristica_12327,caracteristica_12328,caracteristica_12329,caracteristica_12330,caracteristica_12331,caracteristica_12332,caracteristica_12333,caracteristica_12334,caracteristica_12335,caracteristica_12336,caracteristica_12337,caracteristica_12338,caracteristica_12339,caracteristica_12340,caracteristica_12341,caracteristica_12342,caracteristica_12343,caracteristica_12344,caracteristica_12345,caracteristica_12346,caracteristica_12347,caracteristica_12348,caracteristica_12349,caracteristica_12350,caracteristica_12351,caracteristica_12352,caracteristica_12353,caracteristica_12354,caracteristica_12355,caracteristica_12356,caracteristica_12357,caracteristica_12358,caracteristica_12359,caracteristica_12360,caracteristica_12361,caracteristica_12362,caracteristica_12363,caracteristica_12364,caracteristica_12365,caracteristica_12366,caracteristica_12367,caracteristica_12368,caracteristica_12369,caracteristica_12370,caracteristica_12371,caracteristica_12372,caracteristica_12373,caracteristica_12374,caracteristica_12375,caracteristica_12376,caracteristica_12377,caracteristica_12378,caracteristica_12379,caracteristica_12380,caracteristica_12381,caracteristica_12382,caracteristica_12383,caracteristica_12384,caracteristica_12385,caracteristica_12386,caracteristica_12387,caracteristica_12388,caracteristica_12389,caracteristica_12390,caracteristica_12391,caracteristica_12392,caracteristica_12393,caracteristica_12394,caracteristica_12395,caracteristica_12396,caracteristica_12397,caracteristica_12398,caracteristica_12399,caracteristica_12400,caracteristica_12401,caracteristica_12402,caracteristica_12403,caracteristica_12404,caracteristica_12405,caracteristica_12406,caracteristica_12407,caracteristica_12408,caracteristica_12409,caracteristica_12410,caracteristica_12411,caracteristica_12412,caracteristica_12413,caracteristica_12414,caracteristica_12415,caracteristica_12416,caracteristica_12417,caracteristica_12418,caracteristica_12419,caracteristica_12420,caracteristica_12421,caracteristica_12422,caracteristica_12423,caracteristica_12424,caracteristica_12425,caracteristica_12426,caracteristica_12427,caracteristica_12428,caracteristica_12429,caracteristica_12430,caracteristica_12431,caracteristica_12432,caracteristica_12433,caracteristica_12434,caracteristica_12435,caracteristica_12436,caracteristica_12437,caracteristica_12438,caracteristica_12439,caracteristica_12440,caracteristica_12441,caracteristica_12442,caracteristica_12443,caracteristica_12444,caracteristica_12445,caracteristica_12446,caracteristica_12447,caracteristica_12448,caracteristica_12449,caracteristica_12450,caracteristica_12451,caracteristica_12452,caracteristica_12453,caracteristica_12454,caracteristica_12455,caracteristica_12456,caracteristica_12457,caracteristica_12458,caracteristica_12459,caracteristica_12460,caracteristica_12461,caracteristica_12462,caracteristica_12463,caracteristica_12464,caracteristica_12465,caracteristica_12466,caracteristica_12467,caracteristica_12468,caracteristica_12469,caracteristica_12470,caracteristica_12471,caracteristica_12472,caracteristica_12473,caracteristica_12474,caracteristica_12475,caracteristica_12476,caracteristica_12477,caracteristica_12478,caracteristica_12479,caracteristica_12480,caracteristica_12481,caracteristica_12482,caracteristica_12483,caracteristica_12484,caracteristica_12485,caracteristica_12486,caracteristica_12487,caracteristica_12488,caracteristica_12489,caracteristica_12490,caracteristica_12491,caracteristica_12492,caracteristica_12493,caracteristica_12494,caracteristica_12495,caracteristica_12496,caracteristica_12497,caracteristica_12498,caracteristica_12499,caracteristica_12500,caracteristica_12501,caracteristica_12502,caracteristica_12503,caracteristica_12504,caracteristica_12505,caracteristica_12506,caracteristica_12507,caracteristica_12508,caracteristica_12509,caracteristica_12510,caracteristica_12511,caracteristica_12512,caracteristica_12513,caracteristica_12514,caracteristica_12515,caracteristica_12516,caracteristica_12517,caracteristica_12518,caracteristica_12519,caracteristica_12520,caracteristica_12521,caracteristica_12522,caracteristica_12523,caracteristica_12524,caracteristica_12525,caracteristica_12526,caracteristica_12527,caracteristica_12528,caracteristica_12529,caracteristica_12530,caracteristica_12531,caracteristica_12532,caracteristica_12533,caracteristica_12534,caracteristica_12535,caracteristica_12536,caracteristica_12537,caracteristica_12538,caracteristica_12539,caracteristica_12540,caracteristica_12541,caracteristica_12542,caracteristica_12543,caracteristica_12544,caracteristica_12545,caracteristica_12546,caracteristica_12547,caracteristica_12548,caracteristica_12549,caracteristica_12550,caracteristica_12551,caracteristica_12552,caracteristica_12553,caracteristica_12554,caracteristica_12555,caracteristica_12556,caracteristica_12557,caracteristica_12558,caracteristica_12559,caracteristica_12560,caracteristica_12561,caracteristica_12562,caracteristica_12563,caracteristica_12564,caracteristica_12565,caracteristica_12566,caracteristica_12567,caracteristica_12568,caracteristica_12569,caracteristica_12570,caracteristica_12571,caracteristica_12572,caracteristica_12573,caracteristica_12574,caracteristica_12575,caracteristica_12576,caracteristica_12577,caracteristica_12578,caracteristica_12579,caracteristica_12580,caracteristica_12581,caracteristica_12582,caracteristica_12583,caracteristica_12584,caracteristica_12585,caracteristica_12586,caracteristica_12587,caracteristica_12588,caracteristica_12589,caracteristica_12590,caracteristica_12591,caracteristica_12592,caracteristica_12593,caracteristica_12594,caracteristica_12595,caracteristica_12596,caracteristica_12597,caracteristica_12598,caracteristica_12599,caracteristica_12600,caracteristica_12601,caracteristica_12602,caracteristica_12603,caracteristica_12604,caracteristica_12605,caracteristica_12606,caracteristica_12607,caracteristica_12608,caracteristica_12609,caracteristica_12610,caracteristica_12611,caracteristica_12612,caracteristica_12613,caracteristica_12614,caracteristica_12615,caracteristica_12616,caracteristica_12617,caracteristica_12618,caracteristica_12619,caracteristica_12620,caracteristica_12621,caracteristica_12622,caracteristica_12623,caracteristica_12624,caracteristica_12625,caracteristica_12626,caracteristica_12627,caracteristica_12628,caracteristica_12629,caracteristica_12630,caracteristica_12631,caracteristica_12632,caracteristica_12633,caracteristica_12634,caracteristica_12635,caracteristica_12636,caracteristica_12637,caracteristica_12638,caracteristica_12639,caracteristica_12640,caracteristica_12641,caracteristica_12642,caracteristica_12643,caracteristica_12644,caracteristica_12645,caracteristica_12646,caracteristica_12647,caracteristica_12648,caracteristica_12649,caracteristica_12650,caracteristica_12651,caracteristica_12652,caracteristica_12653,caracteristica_12654,caracteristica_12655,caracteristica_12656,caracteristica_12657,caracteristica_12658,caracteristica_12659,caracteristica_12660,caracteristica_12661,caracteristica_12662,caracteristica_12663,caracteristica_12664,caracteristica_12665,caracteristica_12666,caracteristica_12667,caracteristica_12668,caracteristica_12669,caracteristica_12670,caracteristica_12671,caracteristica_12672,caracteristica_12673,caracteristica_12674,caracteristica_12675,caracteristica_12676,caracteristica_12677,caracteristica_12678,caracteristica_12679,caracteristica_12680,caracteristica_12681,caracteristica_12682,caracteristica_12683,caracteristica_12684,caracteristica_12685,caracteristica_12686,caracteristica_12687,caracteristica_12688,caracteristica_12689,caracteristica_12690,caracteristica_12691,caracteristica_12692,caracteristica_12693,caracteristica_12694,caracteristica_12695,caracteristica_12696,caracteristica_12697,caracteristica_12698,caracteristica_12699,caracteristica_12700,caracteristica_12701,caracteristica_12702,caracteristica_12703,caracteristica_12704,caracteristica_12705,caracteristica_12706,caracteristica_12707,caracteristica_12708,caracteristica_12709,caracteristica_12710,caracteristica_12711,caracteristica_12712,caracteristica_12713,caracteristica_12714,caracteristica_12715,caracteristica_12716,caracteristica_12717,caracteristica_12718,caracteristica_12719,caracteristica_12720,caracteristica_12721,caracteristica_12722,caracteristica_12723,caracteristica_12724,caracteristica_12725,caracteristica_12726,caracteristica_12727,caracteristica_12728,caracteristica_12729,caracteristica_12730,caracteristica_12731,caracteristica_12732,caracteristica_12733,caracteristica_12734,caracteristica_12735,caracteristica_12736,caracteristica_12737,caracteristica_12738,caracteristica_12739,caracteristica_12740,caracteristica_12741,caracteristica_12742,caracteristica_12743,caracteristica_12744,caracteristica_12745,caracteristica_12746,caracteristica_12747,caracteristica_12748,caracteristica_12749,caracteristica_12750,caracteristica_12751,caracteristica_12752,caracteristica_12753,caracteristica_12754,caracteristica_12755,caracteristica_12756,caracteristica_12757,caracteristica_12758,caracteristica_12759,caracteristica_12760,caracteristica_12761,caracteristica_12762,caracteristica_12763,caracteristica_12764,caracteristica_12765,caracteristica_12766,caracteristica_12767,caracteristica_12768,caracteristica_12769,caracteristica_12770,caracteristica_12771,caracteristica_12772,caracteristica_12773,caracteristica_12774,caracteristica_12775,caracteristica_12776,caracteristica_12777,caracteristica_12778,caracteristica_12779,caracteristica_12780,caracteristica_12781,caracteristica_12782,caracteristica_12783,caracteristica_12784,caracteristica_12785,caracteristica_12786,caracteristica_12787,caracteristica_12788,caracteristica_12789,caracteristica_12790,caracteristica_12791,caracteristica_12792,caracteristica_12793,caracteristica_12794,caracteristica_12795,caracteristica_12796,caracteristica_12797,caracteristica_12798,caracteristica_12799,caracteristica_12800,caracteristica_12801,caracteristica_12802,caracteristica_12803,caracteristica_12804,caracteristica_12805,caracteristica_12806,caracteristica_12807,caracteristica_12808,caracteristica_12809,caracteristica_12810,caracteristica_12811,caracteristica_12812,caracteristica_12813,caracteristica_12814,caracteristica_12815,caracteristica_12816,caracteristica_12817,caracteristica_12818,caracteristica_12819,caracteristica_12820,caracteristica_12821,caracteristica_12822,caracteristica_12823,caracteristica_12824,caracteristica_12825,caracteristica_12826,caracteristica_12827,caracteristica_12828,caracteristica_12829,caracteristica_12830,caracteristica_12831,caracteristica_12832,caracteristica_12833,caracteristica_12834,caracteristica_12835,caracteristica_12836,caracteristica_12837,caracteristica_12838,caracteristica_12839,caracteristica_12840,caracteristica_12841,caracteristica_12842,caracteristica_12843,caracteristica_12844,caracteristica_12845,caracteristica_12846,caracteristica_12847,caracteristica_12848,caracteristica_12849,caracteristica_12850,caracteristica_12851,caracteristica_12852,caracteristica_12853,caracteristica_12854,caracteristica_12855,caracteristica_12856,caracteristica_12857,caracteristica_12858,caracteristica_12859,caracteristica_12860,caracteristica_12861,caracteristica_12862,caracteristica_12863,caracteristica_12864,caracteristica_12865,caracteristica_12866,caracteristica_12867,caracteristica_12868,caracteristica_12869,caracteristica_12870,caracteristica_12871,caracteristica_12872,caracteristica_12873,caracteristica_12874,caracteristica_12875,caracteristica_12876,caracteristica_12877,caracteristica_12878,caracteristica_12879,caracteristica_12880,caracteristica_12881,caracteristica_12882,caracteristica_12883,caracteristica_12884,caracteristica_12885,caracteristica_12886,caracteristica_12887,caracteristica_12888,caracteristica_12889,caracteristica_12890,caracteristica_12891,caracteristica_12892,caracteristica_12893,caracteristica_12894,caracteristica_12895,caracteristica_12896,caracteristica_12897,caracteristica_12898,caracteristica_12899,caracteristica_12900,caracteristica_12901,caracteristica_12902,caracteristica_12903,caracteristica_12904,caracteristica_12905,caracteristica_12906,caracteristica_12907,caracteristica_12908,caracteristica_12909,caracteristica_12910,caracteristica_12911,caracteristica_12912,caracteristica_12913,caracteristica_12914,caracteristica_12915,caracteristica_12916,caracteristica_12917,caracteristica_12918,caracteristica_12919,caracteristica_12920,caracteristica_12921,caracteristica_12922,caracteristica_12923,caracteristica_12924,caracteristica_12925,caracteristica_12926,caracteristica_12927,caracteristica_12928,caracteristica_12929,caracteristica_12930,caracteristica_12931,caracteristica_12932,caracteristica_12933,caracteristica_12934,caracteristica_12935,caracteristica_12936,caracteristica_12937,caracteristica_12938,caracteristica_12939,caracteristica_12940,caracteristica_12941,caracteristica_12942,caracteristica_12943,caracteristica_12944,caracteristica_12945,caracteristica_12946,caracteristica_12947,caracteristica_12948,caracteristica_12949,caracteristica_12950,caracteristica_12951,caracteristica_12952,caracteristica_12953,caracteristica_12954,caracteristica_12955,caracteristica_12956,caracteristica_12957,caracteristica_12958,caracteristica_12959,caracteristica_12960,caracteristica_12961,caracteristica_12962,caracteristica_12963,caracteristica_12964,caracteristica_12965,caracteristica_12966,caracteristica_12967,caracteristica_12968,caracteristica_12969,caracteristica_12970,caracteristica_12971,caracteristica_12972,caracteristica_12973,caracteristica_12974,caracteristica_12975,caracteristica_12976,caracteristica_12977,caracteristica_12978,caracteristica_12979,caracteristica_12980,caracteristica_12981,caracteristica_12982,caracteristica_12983,caracteristica_12984,caracteristica_12985,caracteristica_12986,caracteristica_12987,caracteristica_12988,caracteristica_12989,caracteristica_12990,caracteristica_12991,caracteristica_12992,caracteristica_12993,caracteristica_12994,caracteristica_12995,caracteristica_12996,caracteristica_12997,caracteristica_12998,caracteristica_12999,caracteristica_13000,caracteristica_13001,caracteristica_13002,caracteristica_13003,caracteristica_13004,caracteristica_13005,caracteristica_13006,caracteristica_13007,caracteristica_13008,caracteristica_13009,caracteristica_13010,caracteristica_13011,caracteristica_13012,caracteristica_13013,caracteristica_13014,caracteristica_13015,caracteristica_13016,caracteristica_13017,caracteristica_13018,caracteristica_13019,caracteristica_13020,caracteristica_13021,caracteristica_13022,caracteristica_13023,caracteristica_13024,caracteristica_13025,caracteristica_13026,caracteristica_13027,caracteristica_13028,caracteristica_13029,caracteristica_13030,caracteristica_13031,caracteristica_13032,caracteristica_13033,caracteristica_13034,caracteristica_13035,caracteristica_13036,caracteristica_13037,caracteristica_13038,caracteristica_13039,caracteristica_13040,caracteristica_13041,caracteristica_13042,caracteristica_13043,caracteristica_13044,caracteristica_13045,caracteristica_13046,caracteristica_13047,caracteristica_13048,caracteristica_13049,caracteristica_13050,caracteristica_13051,caracteristica_13052,caracteristica_13053,caracteristica_13054,caracteristica_13055,caracteristica_13056,caracteristica_13057,caracteristica_13058,caracteristica_13059,caracteristica_13060,caracteristica_13061,caracteristica_13062,caracteristica_13063,caracteristica_13064,caracteristica_13065,caracteristica_13066,caracteristica_13067,caracteristica_13068,caracteristica_13069,caracteristica_13070,caracteristica_13071,caracteristica_13072,caracteristica_13073,caracteristica_13074,caracteristica_13075,caracteristica_13076,caracteristica_13077,caracteristica_13078,caracteristica_13079,caracteristica_13080,caracteristica_13081,caracteristica_13082,caracteristica_13083,caracteristica_13084,caracteristica_13085,caracteristica_13086,caracteristica_13087,caracteristica_13088,caracteristica_13089,caracteristica_13090,caracteristica_13091,caracteristica_13092,caracteristica_13093,caracteristica_13094,caracteristica_13095,caracteristica_13096,caracteristica_13097,caracteristica_13098,caracteristica_13099,caracteristica_13100,caracteristica_13101,caracteristica_13102,caracteristica_13103,caracteristica_13104,caracteristica_13105,caracteristica_13106,caracteristica_13107,caracteristica_13108,caracteristica_13109,caracteristica_13110,caracteristica_13111,caracteristica_13112,caracteristica_13113,caracteristica_13114,caracteristica_13115,caracteristica_13116,caracteristica_13117,caracteristica_13118,caracteristica_13119,caracteristica_13120,caracteristica_13121,caracteristica_13122,caracteristica_13123,caracteristica_13124,caracteristica_13125,caracteristica_13126,caracteristica_13127,caracteristica_13128,caracteristica_13129,caracteristica_13130,caracteristica_13131,caracteristica_13132,caracteristica_13133,caracteristica_13134,caracteristica_13135,caracteristica_13136,caracteristica_13137,caracteristica_13138,caracteristica_13139,caracteristica_13140,caracteristica_13141,caracteristica_13142,caracteristica_13143,caracteristica_13144,caracteristica_13145,caracteristica_13146,caracteristica_13147,caracteristica_13148,caracteristica_13149,caracteristica_13150,caracteristica_13151,caracteristica_13152,caracteristica_13153,caracteristica_13154,caracteristica_13155,caracteristica_13156,caracteristica_13157,caracteristica_13158,caracteristica_13159,caracteristica_13160,caracteristica_13161,caracteristica_13162,caracteristica_13163,caracteristica_13164,caracteristica_13165,caracteristica_13166,caracteristica_13167,caracteristica_13168,caracteristica_13169,caracteristica_13170,caracteristica_13171,caracteristica_13172,caracteristica_13173,caracteristica_13174,caracteristica_13175,caracteristica_13176,caracteristica_13177,caracteristica_13178,caracteristica_13179,caracteristica_13180,caracteristica_13181,caracteristica_13182,caracteristica_13183,caracteristica_13184,caracteristica_13185,caracteristica_13186,caracteristica_13187,caracteristica_13188,caracteristica_13189,caracteristica_13190,caracteristica_13191,caracteristica_13192,caracteristica_13193,caracteristica_13194,caracteristica_13195,caracteristica_13196,caracteristica_13197,caracteristica_13198,caracteristica_13199,caracteristica_13200,caracteristica_13201,caracteristica_13202,caracteristica_13203,caracteristica_13204,caracteristica_13205,caracteristica_13206,caracteristica_13207,caracteristica_13208,caracteristica_13209,caracteristica_13210,caracteristica_13211,caracteristica_13212,caracteristica_13213,caracteristica_13214,caracteristica_13215,caracteristica_13216,caracteristica_13217,caracteristica_13218,caracteristica_13219,caracteristica_13220,caracteristica_13221,caracteristica_13222,caracteristica_13223,caracteristica_13224,caracteristica_13225,caracteristica_13226,caracteristica_13227,caracteristica_13228,caracteristica_13229,caracteristica_13230,caracteristica_13231,caracteristica_13232,caracteristica_13233,caracteristica_13234,caracteristica_13235,caracteristica_13236,caracteristica_13237,caracteristica_13238,caracteristica_13239,caracteristica_13240,caracteristica_13241,caracteristica_13242,caracteristica_13243,caracteristica_13244,caracteristica_13245,caracteristica_13246,caracteristica_13247,caracteristica_13248,caracteristica_13249,caracteristica_13250,caracteristica_13251,caracteristica_13252,caracteristica_13253,caracteristica_13254,caracteristica_13255,caracteristica_13256,caracteristica_13257,caracteristica_13258,caracteristica_13259,caracteristica_13260,caracteristica_13261,caracteristica_13262,caracteristica_13263,caracteristica_13264,caracteristica_13265,caracteristica_13266,caracteristica_13267,caracteristica_13268,caracteristica_13269,caracteristica_13270,caracteristica_13271,caracteristica_13272,caracteristica_13273,caracteristica_13274,caracteristica_13275,caracteristica_13276,caracteristica_13277,caracteristica_13278,caracteristica_13279,caracteristica_13280,caracteristica_13281,caracteristica_13282,caracteristica_13283,caracteristica_13284,caracteristica_13285,caracteristica_13286,caracteristica_13287,caracteristica_13288,caracteristica_13289,caracteristica_13290,caracteristica_13291,caracteristica_13292,caracteristica_13293,caracteristica_13294,caracteristica_13295,caracteristica_13296,caracteristica_13297,caracteristica_13298,caracteristica_13299,caracteristica_13300,caracteristica_13301,caracteristica_13302,caracteristica_13303,caracteristica_13304,caracteristica_13305,caracteristica_13306,caracteristica_13307,caracteristica_13308,caracteristica_13309,caracteristica_13310,caracteristica_13311,caracteristica_13312,caracteristica_13313,caracteristica_13314,caracteristica_13315,caracteristica_13316,caracteristica_13317,caracteristica_13318,caracteristica_13319,caracteristica_13320,caracteristica_13321,caracteristica_13322,caracteristica_13323,caracteristica_13324,caracteristica_13325,caracteristica_13326,caracteristica_13327,caracteristica_13328,caracteristica_13329,caracteristica_13330,caracteristica_13331,caracteristica_13332,caracteristica_13333,caracteristica_13334,caracteristica_13335,caracteristica_13336,caracteristica_13337,caracteristica_13338,caracteristica_13339,caracteristica_13340,caracteristica_13341,caracteristica_13342,caracteristica_13343,caracteristica_13344,caracteristica_13345,caracteristica_13346,caracteristica_13347,caracteristica_13348,caracteristica_13349,caracteristica_13350,caracteristica_13351,caracteristica_13352,caracteristica_13353,caracteristica_13354,caracteristica_13355,caracteristica_13356,caracteristica_13357,caracteristica_13358,caracteristica_13359,caracteristica_13360,caracteristica_13361,caracteristica_13362,caracteristica_13363,caracteristica_13364,caracteristica_13365,caracteristica_13366,caracteristica_13367,caracteristica_13368,caracteristica_13369,caracteristica_13370,caracteristica_13371,caracteristica_13372,caracteristica_13373,caracteristica_13374,caracteristica_13375,caracteristica_13376,caracteristica_13377,caracteristica_13378,caracteristica_13379,caracteristica_13380,caracteristica_13381,caracteristica_13382,caracteristica_13383,caracteristica_13384,caracteristica_13385,caracteristica_13386,caracteristica_13387,caracteristica_13388,caracteristica_13389,caracteristica_13390,caracteristica_13391,caracteristica_13392,caracteristica_13393,caracteristica_13394,caracteristica_13395,caracteristica_13396,caracteristica_13397,caracteristica_13398,caracteristica_13399,caracteristica_13400,caracteristica_13401,caracteristica_13402,caracteristica_13403,caracteristica_13404,caracteristica_13405,caracteristica_13406,caracteristica_13407,caracteristica_13408,caracteristica_13409,caracteristica_13410,caracteristica_13411,caracteristica_13412,caracteristica_13413,caracteristica_13414,caracteristica_13415,caracteristica_13416,caracteristica_13417,caracteristica_13418,caracteristica_13419,caracteristica_13420,caracteristica_13421,caracteristica_13422,caracteristica_13423,caracteristica_13424,caracteristica_13425,caracteristica_13426,caracteristica_13427,caracteristica_13428,caracteristica_13429,caracteristica_13430,caracteristica_13431,caracteristica_13432,caracteristica_13433,caracteristica_13434,caracteristica_13435,caracteristica_13436,caracteristica_13437,caracteristica_13438,caracteristica_13439,caracteristica_13440,caracteristica_13441,caracteristica_13442,caracteristica_13443,caracteristica_13444,caracteristica_13445,caracteristica_13446,caracteristica_13447,caracteristica_13448,caracteristica_13449,caracteristica_13450,caracteristica_13451,caracteristica_13452,caracteristica_13453,caracteristica_13454,caracteristica_13455,caracteristica_13456,caracteristica_13457,caracteristica_13458,caracteristica_13459,caracteristica_13460,caracteristica_13461,caracteristica_13462,caracteristica_13463,caracteristica_13464,caracteristica_13465,caracteristica_13466,caracteristica_13467,caracteristica_13468,caracteristica_13469,caracteristica_13470,caracteristica_13471,caracteristica_13472,caracteristica_13473,caracteristica_13474,caracteristica_13475,caracteristica_13476,caracteristica_13477,caracteristica_13478,caracteristica_13479,caracteristica_13480,caracteristica_13481,caracteristica_13482,caracteristica_13483,caracteristica_13484,caracteristica_13485,caracteristica_13486,caracteristica_13487,caracteristica_13488,caracteristica_13489,caracteristica_13490,caracteristica_13491,caracteristica_13492,caracteristica_13493,caracteristica_13494,caracteristica_13495,caracteristica_13496,caracteristica_13497,caracteristica_13498,caracteristica_13499,caracteristica_13500,caracteristica_13501,caracteristica_13502,caracteristica_13503,caracteristica_13504,caracteristica_13505,caracteristica_13506,caracteristica_13507,caracteristica_13508,caracteristica_13509,caracteristica_13510,caracteristica_13511,caracteristica_13512,caracteristica_13513,caracteristica_13514,caracteristica_13515,caracteristica_13516,caracteristica_13517,caracteristica_13518,caracteristica_13519,caracteristica_13520,caracteristica_13521,caracteristica_13522,caracteristica_13523,caracteristica_13524,caracteristica_13525,caracteristica_13526,caracteristica_13527,caracteristica_13528,caracteristica_13529,caracteristica_13530,caracteristica_13531,caracteristica_13532,caracteristica_13533,caracteristica_13534,caracteristica_13535,caracteristica_13536,caracteristica_13537,caracteristica_13538,caracteristica_13539,caracteristica_13540,caracteristica_13541,caracteristica_13542,caracteristica_13543,caracteristica_13544,caracteristica_13545,caracteristica_13546,caracteristica_13547,caracteristica_13548,caracteristica_13549,caracteristica_13550,caracteristica_13551,caracteristica_13552,caracteristica_13553,caracteristica_13554,caracteristica_13555,caracteristica_13556,caracteristica_13557,caracteristica_13558,caracteristica_13559,caracteristica_13560,caracteristica_13561,caracteristica_13562,caracteristica_13563,caracteristica_13564,caracteristica_13565,caracteristica_13566,caracteristica_13567,caracteristica_13568,caracteristica_13569,caracteristica_13570,caracteristica_13571,caracteristica_13572,caracteristica_13573,caracteristica_13574,caracteristica_13575,caracteristica_13576,caracteristica_13577,caracteristica_13578,caracteristica_13579,caracteristica_13580,caracteristica_13581,caracteristica_13582,caracteristica_13583,caracteristica_13584,caracteristica_13585,caracteristica_13586,caracteristica_13587,caracteristica_13588,caracteristica_13589,caracteristica_13590,caracteristica_13591,caracteristica_13592,caracteristica_13593,caracteristica_13594,caracteristica_13595,caracteristica_13596,caracteristica_13597,caracteristica_13598,caracteristica_13599,caracteristica_13600,caracteristica_13601,caracteristica_13602,caracteristica_13603,caracteristica_13604,caracteristica_13605,caracteristica_13606,caracteristica_13607,caracteristica_13608,caracteristica_13609,caracteristica_13610,caracteristica_13611,caracteristica_13612,caracteristica_13613,caracteristica_13614,caracteristica_13615,caracteristica_13616,caracteristica_13617,caracteristica_13618,caracteristica_13619,caracteristica_13620,caracteristica_13621,caracteristica_13622,caracteristica_13623,caracteristica_13624,caracteristica_13625,caracteristica_13626,caracteristica_13627,caracteristica_13628,caracteristica_13629,caracteristica_13630,caracteristica_13631,caracteristica_13632,caracteristica_13633,caracteristica_13634,caracteristica_13635,caracteristica_13636,caracteristica_13637,caracteristica_13638,caracteristica_13639,caracteristica_13640,caracteristica_13641,caracteristica_13642,caracteristica_13643,caracteristica_13644,caracteristica_13645,caracteristica_13646,caracteristica_13647,caracteristica_13648,caracteristica_13649,caracteristica_13650,caracteristica_13651,caracteristica_13652,caracteristica_13653,caracteristica_13654,caracteristica_13655,caracteristica_13656,caracteristica_13657,caracteristica_13658,caracteristica_13659,caracteristica_13660,caracteristica_13661,caracteristica_13662,caracteristica_13663,caracteristica_13664,caracteristica_13665,caracteristica_13666,caracteristica_13667,caracteristica_13668,caracteristica_13669,caracteristica_13670,caracteristica_13671,caracteristica_13672,caracteristica_13673,caracteristica_13674,caracteristica_13675,caracteristica_13676,caracteristica_13677,caracteristica_13678,caracteristica_13679,caracteristica_13680,caracteristica_13681,caracteristica_13682,caracteristica_13683,caracteristica_13684,caracteristica_13685,caracteristica_13686,caracteristica_13687,caracteristica_13688,caracteristica_13689,caracteristica_13690,caracteristica_13691,caracteristica_13692,caracteristica_13693,caracteristica_13694,caracteristica_13695,caracteristica_13696,caracteristica_13697,caracteristica_13698,caracteristica_13699,caracteristica_13700,caracteristica_13701,caracteristica_13702,caracteristica_13703,caracteristica_13704,caracteristica_13705,caracteristica_13706,caracteristica_13707,caracteristica_13708,caracteristica_13709,caracteristica_13710,caracteristica_13711,caracteristica_13712,caracteristica_13713,caracteristica_13714,caracteristica_13715,caracteristica_13716,caracteristica_13717,caracteristica_13718,caracteristica_13719,caracteristica_13720,caracteristica_13721,caracteristica_13722,caracteristica_13723,caracteristica_13724,caracteristica_13725,caracteristica_13726,caracteristica_13727,caracteristica_13728,caracteristica_13729,caracteristica_13730,caracteristica_13731,caracteristica_13732,caracteristica_13733,caracteristica_13734,caracteristica_13735,caracteristica_13736,caracteristica_13737,caracteristica_13738,caracteristica_13739,caracteristica_13740,caracteristica_13741,caracteristica_13742,caracteristica_13743,caracteristica_13744,caracteristica_13745,caracteristica_13746,caracteristica_13747,caracteristica_13748,caracteristica_13749,caracteristica_13750,caracteristica_13751,caracteristica_13752,caracteristica_13753,caracteristica_13754,caracteristica_13755,caracteristica_13756,caracteristica_13757,caracteristica_13758,caracteristica_13759,caracteristica_13760,caracteristica_13761,caracteristica_13762,caracteristica_13763,caracteristica_13764,caracteristica_13765,caracteristica_13766,caracteristica_13767,caracteristica_13768,caracteristica_13769,caracteristica_13770,caracteristica_13771,caracteristica_13772,caracteristica_13773,caracteristica_13774,caracteristica_13775,caracteristica_13776,caracteristica_13777,caracteristica_13778,caracteristica_13779,caracteristica_13780,caracteristica_13781,caracteristica_13782,caracteristica_13783,caracteristica_13784,caracteristica_13785,caracteristica_13786,caracteristica_13787,caracteristica_13788,caracteristica_13789,caracteristica_13790,caracteristica_13791,caracteristica_13792,caracteristica_13793,caracteristica_13794,caracteristica_13795,caracteristica_13796,caracteristica_13797,caracteristica_13798,caracteristica_13799,caracteristica_13800,caracteristica_13801,caracteristica_13802,caracteristica_13803,caracteristica_13804,caracteristica_13805,caracteristica_13806,caracteristica_13807,caracteristica_13808,caracteristica_13809,caracteristica_13810,caracteristica_13811,caracteristica_13812,caracteristica_13813,caracteristica_13814,caracteristica_13815,caracteristica_13816,caracteristica_13817,caracteristica_13818,caracteristica_13819,caracteristica_13820,caracteristica_13821,caracteristica_13822,caracteristica_13823,caracteristica_13824,caracteristica_13825,caracteristica_13826,caracteristica_13827,caracteristica_13828,caracteristica_13829,caracteristica_13830,caracteristica_13831,caracteristica_13832,caracteristica_13833,caracteristica_13834,caracteristica_13835,caracteristica_13836,caracteristica_13837,caracteristica_13838,caracteristica_13839,caracteristica_13840,caracteristica_13841,caracteristica_13842,caracteristica_13843,caracteristica_13844,caracteristica_13845,caracteristica_13846,caracteristica_13847,caracteristica_13848,caracteristica_13849,caracteristica_13850,caracteristica_13851,caracteristica_13852,caracteristica_13853,caracteristica_13854,caracteristica_13855,caracteristica_13856,caracteristica_13857,caracteristica_13858,caracteristica_13859,caracteristica_13860,caracteristica_13861,caracteristica_13862,caracteristica_13863,caracteristica_13864,caracteristica_13865,caracteristica_13866,caracteristica_13867,caracteristica_13868,caracteristica_13869,caracteristica_13870,caracteristica_13871,caracteristica_13872,caracteristica_13873,caracteristica_13874,caracteristica_13875,caracteristica_13876,caracteristica_13877,caracteristica_13878,caracteristica_13879,caracteristica_13880,caracteristica_13881,caracteristica_13882,caracteristica_13883,caracteristica_13884,caracteristica_13885,caracteristica_13886,caracteristica_13887,caracteristica_13888,caracteristica_13889,caracteristica_13890,caracteristica_13891,caracteristica_13892,caracteristica_13893,caracteristica_13894,caracteristica_13895,caracteristica_13896,caracteristica_13897,caracteristica_13898,caracteristica_13899,caracteristica_13900,caracteristica_13901,caracteristica_13902,caracteristica_13903,caracteristica_13904,caracteristica_13905,caracteristica_13906,caracteristica_13907,caracteristica_13908,caracteristica_13909,caracteristica_13910,caracteristica_13911,caracteristica_13912,caracteristica_13913,caracteristica_13914,caracteristica_13915,caracteristica_13916,caracteristica_13917,caracteristica_13918,caracteristica_13919,caracteristica_13920,caracteristica_13921,caracteristica_13922,caracteristica_13923,caracteristica_13924,caracteristica_13925,caracteristica_13926,caracteristica_13927,caracteristica_13928,caracteristica_13929,caracteristica_13930,caracteristica_13931,caracteristica_13932,caracteristica_13933,caracteristica_13934,caracteristica_13935,caracteristica_13936,caracteristica_13937,caracteristica_13938,caracteristica_13939,caracteristica_13940,caracteristica_13941,caracteristica_13942,caracteristica_13943,caracteristica_13944,caracteristica_13945,caracteristica_13946,caracteristica_13947,caracteristica_13948,caracteristica_13949,caracteristica_13950,caracteristica_13951,caracteristica_13952,caracteristica_13953,caracteristica_13954,caracteristica_13955,caracteristica_13956,caracteristica_13957,caracteristica_13958,caracteristica_13959,caracteristica_13960,caracteristica_13961,caracteristica_13962,caracteristica_13963,caracteristica_13964,caracteristica_13965,caracteristica_13966,caracteristica_13967,caracteristica_13968,caracteristica_13969,caracteristica_13970,caracteristica_13971,caracteristica_13972,caracteristica_13973,caracteristica_13974,caracteristica_13975,caracteristica_13976,caracteristica_13977,caracteristica_13978,caracteristica_13979,caracteristica_13980,caracteristica_13981,caracteristica_13982,caracteristica_13983,caracteristica_13984,caracteristica_13985,caracteristica_13986,caracteristica_13987,caracteristica_13988,caracteristica_13989,caracteristica_13990,caracteristica_13991,caracteristica_13992,caracteristica_13993,caracteristica_13994,caracteristica_13995,caracteristica_13996,caracteristica_13997,caracteristica_13998,caracteristica_13999,caracteristica_14000,caracteristica_14001,caracteristica_14002,caracteristica_14003,caracteristica_14004,caracteristica_14005,caracteristica_14006,caracteristica_14007,caracteristica_14008,caracteristica_14009,caracteristica_14010,caracteristica_14011,caracteristica_14012,caracteristica_14013,caracteristica_14014,caracteristica_14015,caracteristica_14016,caracteristica_14017,caracteristica_14018,caracteristica_14019,caracteristica_14020,caracteristica_14021,caracteristica_14022,caracteristica_14023,caracteristica_14024,caracteristica_14025,caracteristica_14026,caracteristica_14027,caracteristica_14028,caracteristica_14029,caracteristica_14030,caracteristica_14031,caracteristica_14032,caracteristica_14033,caracteristica_14034,caracteristica_14035,caracteristica_14036,caracteristica_14037,caracteristica_14038,caracteristica_14039,caracteristica_14040,caracteristica_14041,caracteristica_14042,caracteristica_14043,caracteristica_14044,caracteristica_14045,caracteristica_14046,caracteristica_14047,caracteristica_14048,caracteristica_14049,caracteristica_14050,caracteristica_14051,caracteristica_14052,caracteristica_14053,caracteristica_14054,caracteristica_14055,caracteristica_14056,caracteristica_14057,caracteristica_14058,caracteristica_14059,caracteristica_14060,caracteristica_14061,caracteristica_14062,caracteristica_14063,caracteristica_14064,caracteristica_14065,caracteristica_14066,caracteristica_14067,caracteristica_14068,caracteristica_14069,caracteristica_14070,caracteristica_14071,caracteristica_14072,caracteristica_14073,caracteristica_14074,caracteristica_14075,caracteristica_14076,caracteristica_14077,caracteristica_14078,caracteristica_14079,caracteristica_14080,caracteristica_14081,caracteristica_14082,caracteristica_14083,caracteristica_14084,caracteristica_14085,caracteristica_14086,caracteristica_14087,caracteristica_14088,caracteristica_14089,caracteristica_14090,caracteristica_14091,caracteristica_14092,caracteristica_14093,caracteristica_14094,caracteristica_14095,caracteristica_14096,caracteristica_14097,caracteristica_14098,caracteristica_14099,caracteristica_14100,caracteristica_14101,caracteristica_14102,caracteristica_14103,caracteristica_14104,caracteristica_14105,caracteristica_14106,caracteristica_14107,caracteristica_14108,caracteristica_14109,caracteristica_14110,caracteristica_14111,caracteristica_14112,caracteristica_14113,caracteristica_14114,caracteristica_14115,caracteristica_14116,caracteristica_14117,caracteristica_14118,caracteristica_14119,caracteristica_14120,caracteristica_14121,caracteristica_14122,caracteristica_14123,caracteristica_14124,caracteristica_14125,caracteristica_14126,caracteristica_14127,caracteristica_14128,caracteristica_14129,caracteristica_14130,caracteristica_14131,caracteristica_14132,caracteristica_14133,caracteristica_14134,caracteristica_14135,caracteristica_14136,caracteristica_14137,caracteristica_14138,caracteristica_14139,caracteristica_14140,caracteristica_14141,caracteristica_14142,caracteristica_14143,caracteristica_14144,caracteristica_14145,caracteristica_14146,caracteristica_14147,caracteristica_14148,caracteristica_14149,caracteristica_14150,caracteristica_14151,caracteristica_14152,caracteristica_14153,caracteristica_14154,caracteristica_14155,caracteristica_14156,caracteristica_14157,caracteristica_14158,caracteristica_14159,caracteristica_14160,caracteristica_14161,caracteristica_14162,caracteristica_14163,caracteristica_14164,caracteristica_14165,caracteristica_14166,caracteristica_14167,caracteristica_14168,caracteristica_14169,caracteristica_14170,caracteristica_14171,caracteristica_14172,caracteristica_14173,caracteristica_14174,caracteristica_14175,caracteristica_14176,caracteristica_14177,caracteristica_14178,caracteristica_14179,caracteristica_14180,caracteristica_14181,caracteristica_14182,caracteristica_14183,caracteristica_14184,caracteristica_14185,caracteristica_14186,caracteristica_14187,caracteristica_14188,caracteristica_14189,caracteristica_14190,caracteristica_14191,caracteristica_14192,caracteristica_14193,caracteristica_14194,caracteristica_14195,caracteristica_14196,caracteristica_14197,caracteristica_14198,caracteristica_14199,caracteristica_14200,caracteristica_14201,caracteristica_14202,caracteristica_14203,caracteristica_14204,caracteristica_14205,caracteristica_14206,caracteristica_14207,caracteristica_14208,caracteristica_14209,caracteristica_14210,caracteristica_14211,caracteristica_14212,caracteristica_14213,caracteristica_14214,caracteristica_14215,caracteristica_14216,caracteristica_14217,caracteristica_14218,caracteristica_14219,caracteristica_14220,caracteristica_14221,caracteristica_14222,caracteristica_14223,caracteristica_14224,caracteristica_14225,caracteristica_14226,caracteristica_14227,caracteristica_14228,caracteristica_14229,caracteristica_14230,caracteristica_14231,caracteristica_14232,caracteristica_14233,caracteristica_14234,caracteristica_14235,caracteristica_14236,caracteristica_14237,caracteristica_14238,caracteristica_14239,caracteristica_14240,caracteristica_14241,caracteristica_14242,caracteristica_14243,caracteristica_14244,caracteristica_14245,caracteristica_14246,caracteristica_14247,caracteristica_14248,caracteristica_14249,caracteristica_14250,caracteristica_14251,caracteristica_14252,caracteristica_14253,caracteristica_14254,caracteristica_14255,caracteristica_14256,caracteristica_14257,caracteristica_14258,caracteristica_14259,caracteristica_14260,caracteristica_14261,caracteristica_14262,caracteristica_14263,caracteristica_14264,caracteristica_14265,caracteristica_14266,caracteristica_14267,caracteristica_14268,caracteristica_14269,caracteristica_14270,caracteristica_14271,caracteristica_14272,caracteristica_14273,caracteristica_14274,caracteristica_14275,caracteristica_14276,caracteristica_14277,caracteristica_14278,caracteristica_14279,caracteristica_14280,caracteristica_14281,caracteristica_14282,caracteristica_14283,caracteristica_14284,caracteristica_14285,caracteristica_14286,caracteristica_14287,caracteristica_14288,caracteristica_14289,caracteristica_14290,caracteristica_14291,caracteristica_14292,caracteristica_14293,caracteristica_14294,caracteristica_14295,caracteristica_14296,caracteristica_14297,caracteristica_14298,caracteristica_14299,caracteristica_14300,caracteristica_14301,caracteristica_14302,caracteristica_14303,caracteristica_14304,caracteristica_14305,caracteristica_14306,caracteristica_14307,caracteristica_14308,caracteristica_14309,caracteristica_14310,caracteristica_14311,caracteristica_14312,caracteristica_14313,caracteristica_14314,caracteristica_14315,caracteristica_14316,caracteristica_14317,caracteristica_14318,caracteristica_14319,caracteristica_14320,caracteristica_14321,caracteristica_14322,caracteristica_14323,caracteristica_14324,caracteristica_14325,caracteristica_14326,caracteristica_14327,caracteristica_14328,caracteristica_14329,caracteristica_14330,caracteristica_14331,caracteristica_14332,caracteristica_14333,caracteristica_14334,caracteristica_14335,caracteristica_14336,caracteristica_14337,caracteristica_14338,caracteristica_14339,caracteristica_14340,caracteristica_14341,caracteristica_14342,caracteristica_14343,caracteristica_14344,caracteristica_14345,caracteristica_14346,caracteristica_14347,caracteristica_14348,caracteristica_14349,caracteristica_14350,caracteristica_14351,caracteristica_14352,caracteristica_14353,caracteristica_14354,caracteristica_14355,caracteristica_14356,caracteristica_14357,caracteristica_14358,caracteristica_14359,caracteristica_14360,caracteristica_14361,caracteristica_14362,caracteristica_14363,caracteristica_14364,caracteristica_14365,caracteristica_14366,caracteristica_14367,caracteristica_14368,caracteristica_14369,caracteristica_14370,caracteristica_14371,caracteristica_14372,caracteristica_14373,caracteristica_14374,caracteristica_14375,caracteristica_14376,caracteristica_14377,caracteristica_14378,caracteristica_14379,caracteristica_14380,caracteristica_14381,caracteristica_14382,caracteristica_14383,caracteristica_14384,caracteristica_14385,caracteristica_14386,caracteristica_14387,caracteristica_14388,caracteristica_14389,caracteristica_14390,caracteristica_14391,caracteristica_14392,caracteristica_14393,caracteristica_14394,caracteristica_14395,caracteristica_14396,caracteristica_14397,caracteristica_14398,caracteristica_14399,caracteristica_14400,caracteristica_14401,caracteristica_14402,caracteristica_14403,caracteristica_14404,caracteristica_14405,caracteristica_14406,caracteristica_14407,caracteristica_14408,caracteristica_14409,caracteristica_14410,caracteristica_14411,caracteristica_14412,caracteristica_14413,caracteristica_14414,caracteristica_14415,caracteristica_14416,caracteristica_14417,caracteristica_14418,caracteristica_14419,caracteristica_14420,caracteristica_14421,caracteristica_14422,caracteristica_14423,caracteristica_14424,caracteristica_14425,caracteristica_14426,caracteristica_14427,caracteristica_14428,caracteristica_14429,caracteristica_14430,caracteristica_14431,caracteristica_14432,caracteristica_14433,caracteristica_14434,caracteristica_14435,caracteristica_14436,caracteristica_14437,caracteristica_14438,caracteristica_14439,caracteristica_14440,caracteristica_14441,caracteristica_14442,caracteristica_14443,caracteristica_14444,caracteristica_14445,caracteristica_14446,caracteristica_14447,caracteristica_14448,caracteristica_14449,caracteristica_14450,caracteristica_14451,caracteristica_14452,caracteristica_14453,caracteristica_14454,caracteristica_14455,caracteristica_14456,caracteristica_14457,caracteristica_14458,caracteristica_14459,caracteristica_14460,caracteristica_14461,caracteristica_14462,caracteristica_14463,caracteristica_14464,caracteristica_14465,caracteristica_14466,caracteristica_14467,caracteristica_14468,caracteristica_14469,caracteristica_14470,caracteristica_14471,caracteristica_14472,caracteristica_14473,caracteristica_14474,caracteristica_14475,caracteristica_14476,caracteristica_14477,caracteristica_14478,caracteristica_14479,caracteristica_14480,caracteristica_14481,caracteristica_14482,caracteristica_14483,caracteristica_14484,caracteristica_14485,caracteristica_14486,caracteristica_14487,caracteristica_14488,caracteristica_14489,caracteristica_14490,caracteristica_14491,caracteristica_14492,caracteristica_14493,caracteristica_14494,caracteristica_14495,caracteristica_14496,caracteristica_14497,caracteristica_14498,caracteristica_14499,caracteristica_14500,caracteristica_14501,caracteristica_14502,caracteristica_14503,caracteristica_14504,caracteristica_14505,caracteristica_14506,caracteristica_14507,caracteristica_14508,caracteristica_14509,caracteristica_14510,caracteristica_14511,caracteristica_14512,caracteristica_14513,caracteristica_14514,caracteristica_14515,caracteristica_14516,caracteristica_14517,caracteristica_14518,caracteristica_14519,caracteristica_14520,caracteristica_14521,caracteristica_14522,caracteristica_14523,caracteristica_14524,caracteristica_14525,caracteristica_14526,caracteristica_14527,caracteristica_14528,caracteristica_14529,caracteristica_14530,caracteristica_14531,caracteristica_14532,caracteristica_14533,caracteristica_14534,caracteristica_14535,caracteristica_14536,caracteristica_14537,caracteristica_14538,caracteristica_14539,caracteristica_14540,caracteristica_14541,caracteristica_14542,caracteristica_14543,caracteristica_14544,caracteristica_14545,caracteristica_14546,caracteristica_14547,caracteristica_14548,caracteristica_14549,caracteristica_14550,caracteristica_14551,caracteristica_14552,caracteristica_14553,caracteristica_14554,caracteristica_14555,caracteristica_14556,caracteristica_14557,caracteristica_14558,caracteristica_14559,caracteristica_14560,caracteristica_14561,caracteristica_14562,caracteristica_14563,caracteristica_14564,caracteristica_14565,caracteristica_14566,caracteristica_14567,caracteristica_14568,caracteristica_14569,caracteristica_14570,caracteristica_14571,caracteristica_14572,caracteristica_14573,caracteristica_14574,caracteristica_14575,caracteristica_14576,caracteristica_14577,caracteristica_14578,caracteristica_14579,caracteristica_14580,caracteristica_14581,caracteristica_14582,caracteristica_14583,caracteristica_14584,caracteristica_14585,caracteristica_14586,caracteristica_14587,caracteristica_14588,caracteristica_14589,caracteristica_14590,caracteristica_14591,caracteristica_14592,caracteristica_14593,caracteristica_14594,caracteristica_14595,caracteristica_14596,caracteristica_14597,caracteristica_14598,caracteristica_14599,caracteristica_14600,caracteristica_14601,caracteristica_14602,caracteristica_14603,caracteristica_14604,caracteristica_14605,caracteristica_14606,caracteristica_14607,caracteristica_14608,caracteristica_14609,caracteristica_14610,caracteristica_14611,caracteristica_14612,caracteristica_14613,caracteristica_14614,caracteristica_14615,caracteristica_14616,caracteristica_14617,caracteristica_14618,caracteristica_14619,caracteristica_14620,caracteristica_14621,caracteristica_14622,caracteristica_14623,caracteristica_14624,caracteristica_14625,caracteristica_14626,caracteristica_14627,caracteristica_14628,caracteristica_14629,caracteristica_14630,caracteristica_14631,caracteristica_14632,caracteristica_14633,caracteristica_14634,caracteristica_14635,caracteristica_14636,caracteristica_14637,caracteristica_14638,caracteristica_14639,caracteristica_14640,caracteristica_14641,caracteristica_14642,caracteristica_14643,caracteristica_14644,caracteristica_14645,caracteristica_14646,caracteristica_14647,caracteristica_14648,caracteristica_14649,caracteristica_14650,caracteristica_14651,caracteristica_14652,caracteristica_14653,caracteristica_14654,caracteristica_14655,caracteristica_14656,caracteristica_14657,caracteristica_14658,caracteristica_14659,caracteristica_14660,caracteristica_14661,caracteristica_14662,caracteristica_14663,caracteristica_14664,caracteristica_14665,caracteristica_14666,caracteristica_14667,caracteristica_14668,caracteristica_14669,caracteristica_14670,caracteristica_14671,caracteristica_14672,caracteristica_14673,caracteristica_14674,caracteristica_14675,caracteristica_14676,caracteristica_14677,caracteristica_14678,caracteristica_14679,caracteristica_14680,caracteristica_14681,caracteristica_14682,caracteristica_14683,caracteristica_14684,caracteristica_14685,caracteristica_14686,caracteristica_14687,caracteristica_14688,caracteristica_14689,caracteristica_14690,caracteristica_14691,caracteristica_14692,caracteristica_14693,caracteristica_14694,caracteristica_14695,caracteristica_14696,caracteristica_14697,caracteristica_14698,caracteristica_14699,caracteristica_14700,caracteristica_14701,caracteristica_14702,caracteristica_14703,caracteristica_14704,caracteristica_14705,caracteristica_14706,caracteristica_14707,caracteristica_14708,caracteristica_14709,caracteristica_14710,caracteristica_14711,caracteristica_14712,caracteristica_14713,caracteristica_14714,caracteristica_14715,caracteristica_14716,caracteristica_14717,caracteristica_14718,caracteristica_14719,caracteristica_14720,caracteristica_14721,caracteristica_14722,caracteristica_14723,caracteristica_14724,caracteristica_14725,caracteristica_14726,caracteristica_14727,caracteristica_14728,caracteristica_14729,caracteristica_14730,caracteristica_14731,caracteristica_14732,caracteristica_14733,caracteristica_14734,caracteristica_14735,caracteristica_14736,caracteristica_14737,caracteristica_14738,caracteristica_14739,caracteristica_14740,caracteristica_14741,caracteristica_14742,caracteristica_14743,caracteristica_14744,caracteristica_14745,caracteristica_14746,caracteristica_14747,caracteristica_14748,caracteristica_14749,caracteristica_14750,caracteristica_14751,caracteristica_14752,caracteristica_14753,caracteristica_14754,caracteristica_14755,caracteristica_14756,caracteristica_14757,caracteristica_14758,caracteristica_14759,caracteristica_14760,caracteristica_14761,caracteristica_14762,caracteristica_14763,caracteristica_14764,caracteristica_14765,caracteristica_14766,caracteristica_14767,caracteristica_14768,caracteristica_14769,caracteristica_14770,caracteristica_14771,caracteristica_14772,caracteristica_14773,caracteristica_14774,caracteristica_14775,caracteristica_14776,caracteristica_14777,caracteristica_14778,caracteristica_14779,caracteristica_14780,caracteristica_14781,caracteristica_14782,caracteristica_14783,caracteristica_14784,caracteristica_14785,caracteristica_14786,caracteristica_14787,caracteristica_14788,caracteristica_14789,caracteristica_14790,caracteristica_14791,caracteristica_14792,caracteristica_14793,caracteristica_14794,caracteristica_14795,caracteristica_14796,caracteristica_14797,caracteristica_14798,caracteristica_14799,caracteristica_14800,caracteristica_14801,caracteristica_14802,caracteristica_14803,caracteristica_14804,caracteristica_14805,caracteristica_14806,caracteristica_14807,caracteristica_14808,caracteristica_14809,caracteristica_14810,caracteristica_14811,caracteristica_14812,caracteristica_14813,caracteristica_14814,caracteristica_14815,caracteristica_14816,caracteristica_14817,caracteristica_14818,caracteristica_14819,caracteristica_14820,caracteristica_14821,caracteristica_14822,caracteristica_14823,caracteristica_14824,caracteristica_14825,caracteristica_14826,caracteristica_14827,caracteristica_14828,caracteristica_14829,caracteristica_14830,caracteristica_14831,caracteristica_14832,caracteristica_14833,caracteristica_14834,caracteristica_14835,caracteristica_14836,caracteristica_14837,caracteristica_14838,caracteristica_14839,caracteristica_14840,caracteristica_14841,caracteristica_14842,caracteristica_14843,caracteristica_14844,caracteristica_14845,caracteristica_14846,caracteristica_14847,caracteristica_14848,caracteristica_14849,caracteristica_14850,caracteristica_14851,caracteristica_14852,caracteristica_14853,caracteristica_14854,caracteristica_14855,caracteristica_14856,caracteristica_14857,caracteristica_14858,caracteristica_14859,caracteristica_14860,caracteristica_14861,caracteristica_14862,caracteristica_14863,caracteristica_14864,caracteristica_14865,caracteristica_14866,caracteristica_14867,caracteristica_14868,caracteristica_14869,caracteristica_14870,caracteristica_14871,caracteristica_14872,caracteristica_14873,caracteristica_14874,caracteristica_14875,caracteristica_14876,caracteristica_14877,caracteristica_14878,caracteristica_14879,caracteristica_14880,caracteristica_14881,caracteristica_14882,caracteristica_14883,caracteristica_14884,caracteristica_14885,caracteristica_14886,caracteristica_14887,caracteristica_14888,caracteristica_14889,caracteristica_14890,caracteristica_14891,caracteristica_14892,caracteristica_14893,caracteristica_14894,caracteristica_14895,caracteristica_14896,caracteristica_14897,caracteristica_14898,caracteristica_14899,caracteristica_14900,caracteristica_14901,caracteristica_14902,caracteristica_14903,caracteristica_14904,caracteristica_14905,caracteristica_14906,caracteristica_14907,caracteristica_14908,caracteristica_14909,caracteristica_14910,caracteristica_14911,caracteristica_14912,caracteristica_14913,caracteristica_14914,caracteristica_14915,caracteristica_14916,caracteristica_14917,caracteristica_14918,caracteristica_14919,caracteristica_14920,caracteristica_14921,caracteristica_14922,caracteristica_14923,caracteristica_14924,caracteristica_14925,caracteristica_14926,caracteristica_14927,caracteristica_14928,caracteristica_14929,caracteristica_14930,caracteristica_14931,caracteristica_14932,caracteristica_14933,caracteristica_14934,caracteristica_14935,caracteristica_14936,caracteristica_14937,caracteristica_14938,caracteristica_14939,caracteristica_14940,caracteristica_14941,caracteristica_14942,caracteristica_14943,caracteristica_14944,caracteristica_14945,caracteristica_14946,caracteristica_14947,caracteristica_14948,caracteristica_14949,caracteristica_14950,caracteristica_14951,caracteristica_14952,caracteristica_14953,caracteristica_14954,caracteristica_14955,caracteristica_14956,caracteristica_14957,caracteristica_14958,caracteristica_14959,caracteristica_14960,caracteristica_14961,caracteristica_14962,caracteristica_14963,caracteristica_14964,caracteristica_14965,caracteristica_14966,caracteristica_14967,caracteristica_14968,caracteristica_14969,caracteristica_14970,caracteristica_14971,caracteristica_14972,caracteristica_14973,caracteristica_14974,caracteristica_14975,caracteristica_14976,caracteristica_14977,caracteristica_14978,caracteristica_14979,caracteristica_14980,caracteristica_14981,caracteristica_14982,caracteristica_14983,caracteristica_14984,caracteristica_14985,caracteristica_14986,caracteristica_14987,caracteristica_14988,caracteristica_14989,caracteristica_14990,caracteristica_14991,caracteristica_14992,caracteristica_14993,caracteristica_14994,caracteristica_14995,caracteristica_14996,caracteristica_14997,caracteristica_14998,caracteristica_14999,caracteristica_15000,caracteristica_15001,caracteristica_15002,caracteristica_15003,caracteristica_15004,caracteristica_15005,caracteristica_15006,caracteristica_15007,caracteristica_15008,caracteristica_15009,caracteristica_15010,caracteristica_15011,caracteristica_15012,caracteristica_15013,caracteristica_15014,caracteristica_15015,caracteristica_15016,caracteristica_15017,caracteristica_15018,caracteristica_15019,caracteristica_15020,caracteristica_15021,caracteristica_15022,caracteristica_15023,caracteristica_15024,caracteristica_15025,caracteristica_15026,caracteristica_15027,caracteristica_15028,caracteristica_15029,caracteristica_15030,caracteristica_15031,caracteristica_15032,caracteristica_15033,caracteristica_15034,caracteristica_15035,caracteristica_15036,caracteristica_15037,caracteristica_15038,caracteristica_15039,caracteristica_15040,caracteristica_15041,caracteristica_15042,caracteristica_15043,caracteristica_15044,caracteristica_15045,caracteristica_15046,caracteristica_15047,caracteristica_15048,caracteristica_15049,caracteristica_15050,caracteristica_15051,caracteristica_15052,caracteristica_15053,caracteristica_15054,caracteristica_15055,caracteristica_15056,caracteristica_15057,caracteristica_15058,caracteristica_15059,caracteristica_15060,caracteristica_15061,caracteristica_15062,caracteristica_15063,caracteristica_15064,caracteristica_15065,caracteristica_15066,caracteristica_15067,caracteristica_15068,caracteristica_15069,caracteristica_15070,caracteristica_15071,caracteristica_15072,caracteristica_15073,caracteristica_15074,caracteristica_15075,caracteristica_15076,caracteristica_15077,caracteristica_15078,caracteristica_15079,caracteristica_15080,caracteristica_15081,caracteristica_15082,caracteristica_15083,caracteristica_15084,caracteristica_15085,caracteristica_15086,caracteristica_15087,caracteristica_15088,caracteristica_15089,caracteristica_15090,caracteristica_15091,caracteristica_15092,caracteristica_15093,caracteristica_15094,caracteristica_15095,caracteristica_15096,caracteristica_15097,caracteristica_15098,caracteristica_15099,caracteristica_15100,caracteristica_15101,caracteristica_15102,caracteristica_15103,caracteristica_15104,caracteristica_15105,caracteristica_15106,caracteristica_15107,caracteristica_15108,caracteristica_15109,caracteristica_15110,caracteristica_15111,caracteristica_15112,caracteristica_15113,caracteristica_15114,caracteristica_15115,caracteristica_15116,caracteristica_15117,caracteristica_15118,caracteristica_15119,caracteristica_15120,caracteristica_15121,caracteristica_15122,caracteristica_15123,caracteristica_15124,caracteristica_15125,caracteristica_15126,caracteristica_15127,caracteristica_15128,caracteristica_15129,caracteristica_15130,caracteristica_15131,caracteristica_15132,caracteristica_15133,caracteristica_15134,caracteristica_15135,caracteristica_15136,caracteristica_15137,caracteristica_15138,caracteristica_15139,caracteristica_15140,caracteristica_15141,caracteristica_15142,caracteristica_15143,caracteristica_15144,caracteristica_15145,caracteristica_15146,caracteristica_15147,caracteristica_15148,caracteristica_15149,caracteristica_15150,caracteristica_15151,caracteristica_15152,caracteristica_15153,caracteristica_15154,caracteristica_15155,caracteristica_15156,caracteristica_15157,caracteristica_15158,caracteristica_15159,caracteristica_15160,caracteristica_15161,caracteristica_15162,caracteristica_15163,caracteristica_15164,caracteristica_15165,caracteristica_15166,caracteristica_15167,caracteristica_15168,caracteristica_15169,caracteristica_15170,caracteristica_15171,caracteristica_15172,caracteristica_15173,caracteristica_15174,caracteristica_15175,caracteristica_15176,caracteristica_15177,caracteristica_15178,caracteristica_15179,caracteristica_15180,caracteristica_15181,caracteristica_15182,caracteristica_15183,caracteristica_15184,caracteristica_15185,caracteristica_15186,caracteristica_15187,caracteristica_15188,caracteristica_15189,caracteristica_15190,caracteristica_15191,caracteristica_15192,caracteristica_15193,caracteristica_15194,caracteristica_15195,caracteristica_15196,caracteristica_15197,caracteristica_15198,caracteristica_15199,caracteristica_15200,caracteristica_15201,caracteristica_15202,caracteristica_15203,caracteristica_15204,caracteristica_15205,caracteristica_15206,caracteristica_15207,caracteristica_15208,caracteristica_15209,caracteristica_15210,caracteristica_15211,caracteristica_15212,caracteristica_15213,caracteristica_15214,caracteristica_15215,caracteristica_15216,caracteristica_15217,caracteristica_15218,caracteristica_15219,caracteristica_15220,caracteristica_15221,caracteristica_15222,caracteristica_15223,caracteristica_15224,caracteristica_15225,caracteristica_15226,caracteristica_15227,caracteristica_15228,caracteristica_15229,caracteristica_15230,caracteristica_15231,caracteristica_15232,caracteristica_15233,caracteristica_15234,caracteristica_15235,caracteristica_15236,caracteristica_15237,caracteristica_15238,caracteristica_15239,caracteristica_15240,caracteristica_15241,caracteristica_15242,caracteristica_15243,caracteristica_15244,caracteristica_15245,caracteristica_15246,caracteristica_15247,caracteristica_15248,caracteristica_15249,caracteristica_15250,caracteristica_15251,caracteristica_15252,caracteristica_15253,caracteristica_15254,caracteristica_15255,caracteristica_15256,caracteristica_15257,caracteristica_15258,caracteristica_15259,caracteristica_15260,caracteristica_15261,caracteristica_15262,caracteristica_15263,caracteristica_15264,caracteristica_15265,caracteristica_15266,caracteristica_15267,caracteristica_15268,caracteristica_15269,caracteristica_15270,caracteristica_15271,caracteristica_15272,caracteristica_15273,caracteristica_15274,caracteristica_15275,caracteristica_15276,caracteristica_15277,caracteristica_15278,caracteristica_15279,caracteristica_15280,caracteristica_15281,caracteristica_15282,caracteristica_15283,caracteristica_15284,caracteristica_15285,caracteristica_15286,caracteristica_15287,caracteristica_15288,caracteristica_15289,caracteristica_15290,caracteristica_15291,caracteristica_15292,caracteristica_15293,caracteristica_15294,caracteristica_15295,caracteristica_15296,caracteristica_15297,caracteristica_15298,caracteristica_15299,caracteristica_15300,caracteristica_15301,caracteristica_15302,caracteristica_15303,caracteristica_15304,caracteristica_15305,caracteristica_15306,caracteristica_15307,caracteristica_15308,caracteristica_15309,caracteristica_15310,caracteristica_15311,caracteristica_15312,caracteristica_15313,caracteristica_15314,caracteristica_15315,caracteristica_15316,caracteristica_15317,caracteristica_15318,caracteristica_15319,caracteristica_15320,caracteristica_15321,caracteristica_15322,caracteristica_15323,caracteristica_15324,caracteristica_15325,caracteristica_15326,caracteristica_15327,caracteristica_15328,caracteristica_15329,caracteristica_15330,caracteristica_15331,caracteristica_15332,caracteristica_15333,caracteristica_15334,caracteristica_15335,caracteristica_15336,caracteristica_15337,caracteristica_15338,caracteristica_15339,caracteristica_15340,caracteristica_15341,caracteristica_15342,caracteristica_15343,caracteristica_15344,caracteristica_15345,caracteristica_15346,caracteristica_15347,caracteristica_15348,caracteristica_15349,caracteristica_15350,caracteristica_15351,caracteristica_15352,caracteristica_15353,caracteristica_15354,caracteristica_15355,caracteristica_15356,caracteristica_15357,caracteristica_15358,caracteristica_15359,caracteristica_15360,caracteristica_15361,caracteristica_15362,caracteristica_15363,caracteristica_15364,caracteristica_15365,caracteristica_15366,caracteristica_15367,caracteristica_15368,caracteristica_15369,caracteristica_15370,caracteristica_15371,caracteristica_15372,caracteristica_15373,caracteristica_15374,caracteristica_15375,caracteristica_15376,caracteristica_15377,caracteristica_15378,caracteristica_15379,caracteristica_15380,caracteristica_15381,caracteristica_15382,caracteristica_15383,caracteristica_15384,caracteristica_15385,caracteristica_15386,caracteristica_15387,caracteristica_15388,caracteristica_15389,caracteristica_15390,caracteristica_15391,caracteristica_15392,caracteristica_15393,caracteristica_15394,caracteristica_15395,caracteristica_15396,caracteristica_15397,caracteristica_15398,caracteristica_15399,caracteristica_15400,caracteristica_15401,caracteristica_15402,caracteristica_15403,caracteristica_15404,caracteristica_15405,caracteristica_15406,caracteristica_15407,caracteristica_15408,caracteristica_15409,caracteristica_15410,caracteristica_15411,caracteristica_15412,caracteristica_15413,caracteristica_15414,caracteristica_15415,caracteristica_15416,caracteristica_15417,caracteristica_15418,caracteristica_15419,caracteristica_15420,caracteristica_15421,caracteristica_15422,caracteristica_15423,caracteristica_15424,caracteristica_15425,caracteristica_15426,caracteristica_15427,caracteristica_15428,caracteristica_15429,caracteristica_15430,caracteristica_15431,caracteristica_15432,caracteristica_15433,caracteristica_15434,caracteristica_15435,caracteristica_15436,caracteristica_15437,caracteristica_15438,caracteristica_15439,caracteristica_15440,caracteristica_15441,caracteristica_15442,caracteristica_15443,caracteristica_15444,caracteristica_15445,caracteristica_15446,caracteristica_15447,caracteristica_15448,caracteristica_15449,caracteristica_15450,caracteristica_15451,caracteristica_15452,caracteristica_15453,caracteristica_15454,caracteristica_15455,caracteristica_15456,caracteristica_15457,caracteristica_15458,caracteristica_15459,caracteristica_15460,caracteristica_15461,caracteristica_15462,caracteristica_15463,caracteristica_15464,caracteristica_15465,caracteristica_15466,caracteristica_15467,caracteristica_15468,caracteristica_15469,caracteristica_15470,caracteristica_15471,caracteristica_15472,caracteristica_15473,caracteristica_15474,caracteristica_15475,caracteristica_15476,caracteristica_15477,caracteristica_15478,caracteristica_15479,caracteristica_15480,caracteristica_15481,caracteristica_15482,caracteristica_15483,caracteristica_15484,caracteristica_15485,caracteristica_15486,caracteristica_15487,caracteristica_15488,caracteristica_15489,caracteristica_15490,caracteristica_15491,caracteristica_15492,caracteristica_15493,caracteristica_15494,caracteristica_15495,caracteristica_15496,caracteristica_15497,caracteristica_15498,caracteristica_15499,caracteristica_15500,caracteristica_15501,caracteristica_15502,caracteristica_15503,caracteristica_15504,caracteristica_15505,caracteristica_15506,caracteristica_15507,caracteristica_15508,caracteristica_15509,caracteristica_15510,caracteristica_15511,caracteristica_15512,caracteristica_15513,caracteristica_15514,caracteristica_15515,caracteristica_15516,caracteristica_15517,caracteristica_15518,caracteristica_15519,caracteristica_15520,caracteristica_15521,caracteristica_15522,caracteristica_15523,caracteristica_15524,caracteristica_15525,caracteristica_15526,caracteristica_15527,caracteristica_15528,caracteristica_15529,caracteristica_15530,caracteristica_15531,caracteristica_15532,caracteristica_15533,caracteristica_15534,caracteristica_15535,caracteristica_15536,caracteristica_15537,caracteristica_15538,caracteristica_15539,caracteristica_15540,caracteristica_15541,caracteristica_15542,caracteristica_15543,caracteristica_15544,caracteristica_15545,caracteristica_15546,caracteristica_15547,caracteristica_15548,caracteristica_15549,caracteristica_15550,caracteristica_15551,caracteristica_15552,caracteristica_15553,caracteristica_15554,caracteristica_15555,caracteristica_15556,caracteristica_15557,caracteristica_15558,caracteristica_15559,caracteristica_15560,caracteristica_15561,caracteristica_15562,caracteristica_15563,caracteristica_15564,caracteristica_15565,caracteristica_15566,caracteristica_15567,caracteristica_15568,caracteristica_15569,caracteristica_15570,caracteristica_15571,caracteristica_15572,caracteristica_15573,caracteristica_15574,caracteristica_15575,caracteristica_15576,caracteristica_15577,caracteristica_15578,caracteristica_15579,caracteristica_15580,caracteristica_15581,caracteristica_15582,caracteristica_15583,caracteristica_15584,caracteristica_15585,caracteristica_15586,caracteristica_15587,caracteristica_15588,caracteristica_15589,caracteristica_15590,caracteristica_15591,caracteristica_15592,caracteristica_15593,caracteristica_15594,caracteristica_15595,caracteristica_15596,caracteristica_15597,caracteristica_15598,caracteristica_15599,caracteristica_15600,caracteristica_15601,caracteristica_15602,caracteristica_15603,caracteristica_15604,caracteristica_15605,caracteristica_15606,caracteristica_15607,caracteristica_15608,caracteristica_15609,caracteristica_15610,caracteristica_15611,caracteristica_15612,caracteristica_15613,caracteristica_15614,caracteristica_15615,caracteristica_15616,caracteristica_15617,caracteristica_15618,caracteristica_15619,caracteristica_15620,caracteristica_15621,caracteristica_15622,caracteristica_15623,caracteristica_15624,caracteristica_15625,caracteristica_15626,caracteristica_15627,caracteristica_15628,caracteristica_15629,caracteristica_15630,caracteristica_15631,caracteristica_15632,caracteristica_15633,caracteristica_15634,caracteristica_15635,caracteristica_15636,caracteristica_15637,caracteristica_15638,caracteristica_15639,caracteristica_15640,caracteristica_15641,caracteristica_15642,caracteristica_15643,caracteristica_15644,caracteristica_15645,caracteristica_15646,caracteristica_15647,caracteristica_15648,caracteristica_15649,caracteristica_15650,caracteristica_15651,caracteristica_15652,caracteristica_15653,caracteristica_15654,caracteristica_15655,caracteristica_15656,caracteristica_15657,caracteristica_15658,caracteristica_15659,caracteristica_15660,caracteristica_15661,caracteristica_15662,caracteristica_15663,caracteristica_15664,caracteristica_15665,caracteristica_15666,caracteristica_15667,caracteristica_15668,caracteristica_15669,caracteristica_15670,caracteristica_15671,caracteristica_15672,caracteristica_15673,caracteristica_15674,caracteristica_15675,caracteristica_15676,caracteristica_15677,caracteristica_15678,caracteristica_15679,caracteristica_15680,caracteristica_15681,caracteristica_15682,caracteristica_15683,caracteristica_15684,caracteristica_15685,caracteristica_15686,caracteristica_15687,caracteristica_15688,caracteristica_15689,caracteristica_15690,caracteristica_15691,caracteristica_15692,caracteristica_15693,caracteristica_15694,caracteristica_15695,caracteristica_15696,caracteristica_15697,caracteristica_15698,caracteristica_15699,caracteristica_15700,caracteristica_15701,caracteristica_15702,caracteristica_15703,caracteristica_15704,caracteristica_15705,caracteristica_15706,caracteristica_15707,caracteristica_15708,caracteristica_15709,caracteristica_15710,caracteristica_15711,caracteristica_15712,caracteristica_15713,caracteristica_15714,caracteristica_15715,caracteristica_15716,caracteristica_15717,caracteristica_15718,caracteristica_15719,caracteristica_15720,caracteristica_15721,caracteristica_15722,caracteristica_15723,caracteristica_15724,caracteristica_15725,caracteristica_15726,caracteristica_15727,caracteristica_15728,caracteristica_15729,caracteristica_15730,caracteristica_15731,caracteristica_15732,caracteristica_15733,caracteristica_15734,caracteristica_15735,caracteristica_15736,caracteristica_15737,caracteristica_15738,caracteristica_15739,caracteristica_15740,caracteristica_15741,caracteristica_15742,caracteristica_15743,caracteristica_15744,caracteristica_15745,caracteristica_15746,caracteristica_15747,caracteristica_15748,caracteristica_15749,caracteristica_15750,caracteristica_15751,caracteristica_15752,caracteristica_15753,caracteristica_15754,caracteristica_15755,caracteristica_15756,caracteristica_15757,caracteristica_15758,caracteristica_15759,caracteristica_15760,caracteristica_15761,caracteristica_15762,caracteristica_15763,caracteristica_15764,caracteristica_15765,caracteristica_15766,caracteristica_15767,caracteristica_15768,caracteristica_15769,caracteristica_15770,caracteristica_15771,caracteristica_15772,caracteristica_15773,caracteristica_15774,caracteristica_15775,caracteristica_15776,caracteristica_15777,caracteristica_15778,caracteristica_15779,caracteristica_15780,caracteristica_15781,caracteristica_15782,caracteristica_15783,caracteristica_15784,caracteristica_15785,caracteristica_15786,caracteristica_15787,caracteristica_15788,caracteristica_15789,caracteristica_15790,caracteristica_15791,caracteristica_15792,caracteristica_15793,caracteristica_15794,caracteristica_15795,caracteristica_15796,caracteristica_15797,caracteristica_15798,caracteristica_15799,caracteristica_15800,caracteristica_15801,caracteristica_15802,caracteristica_15803,caracteristica_15804,caracteristica_15805,caracteristica_15806,caracteristica_15807,caracteristica_15808,caracteristica_15809,caracteristica_15810,caracteristica_15811,caracteristica_15812,caracteristica_15813,caracteristica_15814,caracteristica_15815,caracteristica_15816,caracteristica_15817,caracteristica_15818,caracteristica_15819,caracteristica_15820,caracteristica_15821,caracteristica_15822,caracteristica_15823,caracteristica_15824,caracteristica_15825,caracteristica_15826,caracteristica_15827,caracteristica_15828,caracteristica_15829,caracteristica_15830,caracteristica_15831,caracteristica_15832,caracteristica_15833,caracteristica_15834,caracteristica_15835,caracteristica_15836,caracteristica_15837,caracteristica_15838,caracteristica_15839,caracteristica_15840,caracteristica_15841,caracteristica_15842,caracteristica_15843,caracteristica_15844,caracteristica_15845,caracteristica_15846,caracteristica_15847,caracteristica_15848,caracteristica_15849,caracteristica_15850,caracteristica_15851,caracteristica_15852,caracteristica_15853,caracteristica_15854,caracteristica_15855,caracteristica_15856,caracteristica_15857,caracteristica_15858,caracteristica_15859,caracteristica_15860,caracteristica_15861,caracteristica_15862,caracteristica_15863,caracteristica_15864,caracteristica_15865,caracteristica_15866,caracteristica_15867,caracteristica_15868,caracteristica_15869,caracteristica_15870,caracteristica_15871,caracteristica_15872,caracteristica_15873,caracteristica_15874,caracteristica_15875,caracteristica_15876,caracteristica_15877,caracteristica_15878,caracteristica_15879,caracteristica_15880,caracteristica_15881,caracteristica_15882,caracteristica_15883,caracteristica_15884,caracteristica_15885,caracteristica_15886,caracteristica_15887,caracteristica_15888,caracteristica_15889,caracteristica_15890,caracteristica_15891,caracteristica_15892,caracteristica_15893,caracteristica_15894,caracteristica_15895,caracteristica_15896,caracteristica_15897,caracteristica_15898,caracteristica_15899,caracteristica_15900,caracteristica_15901,caracteristica_15902,caracteristica_15903,caracteristica_15904,caracteristica_15905,caracteristica_15906,caracteristica_15907,caracteristica_15908,caracteristica_15909,caracteristica_15910,caracteristica_15911,caracteristica_15912,caracteristica_15913,caracteristica_15914,caracteristica_15915,caracteristica_15916,caracteristica_15917,caracteristica_15918,caracteristica_15919,caracteristica_15920,caracteristica_15921,caracteristica_15922,caracteristica_15923,caracteristica_15924,caracteristica_15925,caracteristica_15926,caracteristica_15927,caracteristica_15928,caracteristica_15929,caracteristica_15930,caracteristica_15931,caracteristica_15932,caracteristica_15933,caracteristica_15934,caracteristica_15935,caracteristica_15936,caracteristica_15937,caracteristica_15938,caracteristica_15939,caracteristica_15940,caracteristica_15941,caracteristica_15942,caracteristica_15943,caracteristica_15944,caracteristica_15945,caracteristica_15946,caracteristica_15947,caracteristica_15948,caracteristica_15949,caracteristica_15950,caracteristica_15951,caracteristica_15952,caracteristica_15953,caracteristica_15954,caracteristica_15955,caracteristica_15956,caracteristica_15957,caracteristica_15958,caracteristica_15959,caracteristica_15960,caracteristica_15961,caracteristica_15962,caracteristica_15963,caracteristica_15964,caracteristica_15965,caracteristica_15966,caracteristica_15967,caracteristica_15968,caracteristica_15969,caracteristica_15970,caracteristica_15971,caracteristica_15972,caracteristica_15973,caracteristica_15974,caracteristica_15975,caracteristica_15976,caracteristica_15977,caracteristica_15978,caracteristica_15979,caracteristica_15980,caracteristica_15981,caracteristica_15982,caracteristica_15983,caracteristica_15984,caracteristica_15985,caracteristica_15986,caracteristica_15987,caracteristica_15988,caracteristica_15989,caracteristica_15990,caracteristica_15991,caracteristica_15992,caracteristica_15993,caracteristica_15994,caracteristica_15995,caracteristica_15996,caracteristica_15997,caracteristica_15998,caracteristica_15999,caracteristica_16000,caracteristica_16001,caracteristica_16002,caracteristica_16003,caracteristica_16004,caracteristica_16005,caracteristica_16006,caracteristica_16007,caracteristica_16008,caracteristica_16009,caracteristica_16010,caracteristica_16011,caracteristica_16012,caracteristica_16013,caracteristica_16014,caracteristica_16015,caracteristica_16016,caracteristica_16017,caracteristica_16018,caracteristica_16019,caracteristica_16020,caracteristica_16021,caracteristica_16022,caracteristica_16023,caracteristica_16024,caracteristica_16025,caracteristica_16026,caracteristica_16027,caracteristica_16028,caracteristica_16029,caracteristica_16030,caracteristica_16031,caracteristica_16032,caracteristica_16033,caracteristica_16034,caracteristica_16035,caracteristica_16036,caracteristica_16037,caracteristica_16038,caracteristica_16039,caracteristica_16040,caracteristica_16041,caracteristica_16042,caracteristica_16043,caracteristica_16044,caracteristica_16045,caracteristica_16046,caracteristica_16047,caracteristica_16048,caracteristica_16049,caracteristica_16050,caracteristica_16051,caracteristica_16052,caracteristica_16053,caracteristica_16054,caracteristica_16055,caracteristica_16056,caracteristica_16057,caracteristica_16058,caracteristica_16059,caracteristica_16060,caracteristica_16061,caracteristica_16062,caracteristica_16063,caracteristica_16064,caracteristica_16065,caracteristica_16066,caracteristica_16067,caracteristica_16068,caracteristica_16069,caracteristica_16070,caracteristica_16071,caracteristica_16072,caracteristica_16073,caracteristica_16074,caracteristica_16075,caracteristica_16076,caracteristica_16077,caracteristica_16078,caracteristica_16079,caracteristica_16080,caracteristica_16081,caracteristica_16082,caracteristica_16083,caracteristica_16084,caracteristica_16085,caracteristica_16086,caracteristica_16087,caracteristica_16088,caracteristica_16089,caracteristica_16090,caracteristica_16091,caracteristica_16092,caracteristica_16093,caracteristica_16094,caracteristica_16095,caracteristica_16096,caracteristica_16097,caracteristica_16098,caracteristica_16099,caracteristica_16100,caracteristica_16101,caracteristica_16102,caracteristica_16103,caracteristica_16104,caracteristica_16105,caracteristica_16106,caracteristica_16107,caracteristica_16108,caracteristica_16109,caracteristica_16110,caracteristica_16111,caracteristica_16112,caracteristica_16113,caracteristica_16114,caracteristica_16115,caracteristica_16116,caracteristica_16117,caracteristica_16118,caracteristica_16119,caracteristica_16120,caracteristica_16121,caracteristica_16122,caracteristica_16123,caracteristica_16124,caracteristica_16125,caracteristica_16126,caracteristica_16127,caracteristica_16128,caracteristica_16129,caracteristica_16130,caracteristica_16131,caracteristica_16132,caracteristica_16133,caracteristica_16134,caracteristica_16135,caracteristica_16136,caracteristica_16137,caracteristica_16138,caracteristica_16139,caracteristica_16140,caracteristica_16141,caracteristica_16142,caracteristica_16143,caracteristica_16144,caracteristica_16145,caracteristica_16146,caracteristica_16147,caracteristica_16148,caracteristica_16149,caracteristica_16150,caracteristica_16151,caracteristica_16152,caracteristica_16153,caracteristica_16154,caracteristica_16155,caracteristica_16156,caracteristica_16157,caracteristica_16158,caracteristica_16159,caracteristica_16160,caracteristica_16161,caracteristica_16162,caracteristica_16163,caracteristica_16164,caracteristica_16165,caracteristica_16166,caracteristica_16167,caracteristica_16168,caracteristica_16169,caracteristica_16170,caracteristica_16171,caracteristica_16172,caracteristica_16173,caracteristica_16174,caracteristica_16175,caracteristica_16176,caracteristica_16177,caracteristica_16178,caracteristica_16179,caracteristica_16180,caracteristica_16181,caracteristica_16182,caracteristica_16183,caracteristica_16184,caracteristica_16185,caracteristica_16186,caracteristica_16187,caracteristica_16188,caracteristica_16189,caracteristica_16190,caracteristica_16191,caracteristica_16192,caracteristica_16193,caracteristica_16194,caracteristica_16195,caracteristica_16196,caracteristica_16197,caracteristica_16198,caracteristica_16199,caracteristica_16200,caracteristica_16201,caracteristica_16202,caracteristica_16203,caracteristica_16204,caracteristica_16205,caracteristica_16206,caracteristica_16207,caracteristica_16208,caracteristica_16209,caracteristica_16210,caracteristica_16211,caracteristica_16212,caracteristica_16213,caracteristica_16214,caracteristica_16215,caracteristica_16216,caracteristica_16217,caracteristica_16218,caracteristica_16219,caracteristica_16220,caracteristica_16221,caracteristica_16222,caracteristica_16223,caracteristica_16224,caracteristica_16225,caracteristica_16226,caracteristica_16227,caracteristica_16228,caracteristica_16229,caracteristica_16230,caracteristica_16231,caracteristica_16232,caracteristica_16233,caracteristica_16234,caracteristica_16235,caracteristica_16236,caracteristica_16237,caracteristica_16238,caracteristica_16239,caracteristica_16240,caracteristica_16241,caracteristica_16242,caracteristica_16243,caracteristica_16244,caracteristica_16245,caracteristica_16246,caracteristica_16247,caracteristica_16248,caracteristica_16249,caracteristica_16250,caracteristica_16251,caracteristica_16252,caracteristica_16253,caracteristica_16254,caracteristica_16255,caracteristica_16256,caracteristica_16257,caracteristica_16258,caracteristica_16259,caracteristica_16260,caracteristica_16261,caracteristica_16262,caracteristica_16263,caracteristica_16264,caracteristica_16265,caracteristica_16266,caracteristica_16267,caracteristica_16268,caracteristica_16269,caracteristica_16270,caracteristica_16271,caracteristica_16272,caracteristica_16273,caracteristica_16274,caracteristica_16275,caracteristica_16276,caracteristica_16277,caracteristica_16278,caracteristica_16279,caracteristica_16280,caracteristica_16281,caracteristica_16282,caracteristica_16283,caracteristica_16284,caracteristica_16285,caracteristica_16286,caracteristica_16287,caracteristica_16288,caracteristica_16289,caracteristica_16290,caracteristica_16291,caracteristica_16292,caracteristica_16293,caracteristica_16294,caracteristica_16295,caracteristica_16296,caracteristica_16297,caracteristica_16298,caracteristica_16299,caracteristica_16300,caracteristica_16301,caracteristica_16302,caracteristica_16303,caracteristica_16304,caracteristica_16305,caracteristica_16306,caracteristica_16307,caracteristica_16308,caracteristica_16309,caracteristica_16310,caracteristica_16311,caracteristica_16312,caracteristica_16313,caracteristica_16314,caracteristica_16315,caracteristica_16316,caracteristica_16317,caracteristica_16318,caracteristica_16319,caracteristica_16320,caracteristica_16321,caracteristica_16322,caracteristica_16323,caracteristica_16324,caracteristica_16325,caracteristica_16326,caracteristica_16327,caracteristica_16328,caracteristica_16329,caracteristica_16330,caracteristica_16331,caracteristica_16332,caracteristica_16333,caracteristica_16334,caracteristica_16335,caracteristica_16336,caracteristica_16337,caracteristica_16338,caracteristica_16339,caracteristica_16340,caracteristica_16341,caracteristica_16342,caracteristica_16343,caracteristica_16344,caracteristica_16345,caracteristica_16346,caracteristica_16347,caracteristica_16348,caracteristica_16349,caracteristica_16350,caracteristica_16351,caracteristica_16352,caracteristica_16353,caracteristica_16354,caracteristica_16355,caracteristica_16356,caracteristica_16357,caracteristica_16358,caracteristica_16359,caracteristica_16360,caracteristica_16361,caracteristica_16362,caracteristica_16363,caracteristica_16364,caracteristica_16365,caracteristica_16366,caracteristica_16367,caracteristica_16368,caracteristica_16369,caracteristica_16370,caracteristica_16371,caracteristica_16372,caracteristica_16373,caracteristica_16374,caracteristica_16375,caracteristica_16376,caracteristica_16377,caracteristica_16378,caracteristica_16379,caracteristica_16380,caracteristica_16381,caracteristica_16382,caracteristica_16383,caracteristica_16384,caracteristica_16385,caracteristica_16386,caracteristica_16387,caracteristica_16388,caracteristica_16389,caracteristica_16390,caracteristica_16391,caracteristica_16392,caracteristica_16393,caracteristica_16394,caracteristica_16395,caracteristica_16396,caracteristica_16397,caracteristica_16398,caracteristica_16399,caracteristica_16400,caracteristica_16401,caracteristica_16402,caracteristica_16403,caracteristica_16404,caracteristica_16405,caracteristica_16406,caracteristica_16407,caracteristica_16408,caracteristica_16409,caracteristica_16410,caracteristica_16411,caracteristica_16412,caracteristica_16413,caracteristica_16414,caracteristica_16415,caracteristica_16416,caracteristica_16417,caracteristica_16418,caracteristica_16419,caracteristica_16420,caracteristica_16421,caracteristica_16422,caracteristica_16423,caracteristica_16424,caracteristica_16425,caracteristica_16426,caracteristica_16427,caracteristica_16428,caracteristica_16429,caracteristica_16430,caracteristica_16431,caracteristica_16432,caracteristica_16433,caracteristica_16434,caracteristica_16435,caracteristica_16436,caracteristica_16437,caracteristica_16438,caracteristica_16439,caracteristica_16440,caracteristica_16441,caracteristica_16442,caracteristica_16443,caracteristica_16444,caracteristica_16445,caracteristica_16446,caracteristica_16447,caracteristica_16448,caracteristica_16449,caracteristica_16450,caracteristica_16451,caracteristica_16452,caracteristica_16453,caracteristica_16454,caracteristica_16455,caracteristica_16456,caracteristica_16457,caracteristica_16458,caracteristica_16459,caracteristica_16460,caracteristica_16461,caracteristica_16462,caracteristica_16463,caracteristica_16464,caracteristica_16465,caracteristica_16466,caracteristica_16467,caracteristica_16468,caracteristica_16469,caracteristica_16470,caracteristica_16471,caracteristica_16472,caracteristica_16473,caracteristica_16474,caracteristica_16475,caracteristica_16476,caracteristica_16477,caracteristica_16478,caracteristica_16479,caracteristica_16480,caracteristica_16481,caracteristica_16482,caracteristica_16483,caracteristica_16484,caracteristica_16485,caracteristica_16486,caracteristica_16487,caracteristica_16488,caracteristica_16489,caracteristica_16490,caracteristica_16491,caracteristica_16492,caracteristica_16493,caracteristica_16494,caracteristica_16495,caracteristica_16496,caracteristica_16497,caracteristica_16498,caracteristica_16499,caracteristica_16500,caracteristica_16501,caracteristica_16502,caracteristica_16503,caracteristica_16504,caracteristica_16505,caracteristica_16506,caracteristica_16507,caracteristica_16508,caracteristica_16509,caracteristica_16510,caracteristica_16511,caracteristica_16512,caracteristica_16513,caracteristica_16514,caracteristica_16515,caracteristica_16516,caracteristica_16517,caracteristica_16518,caracteristica_16519,caracteristica_16520,caracteristica_16521,caracteristica_16522,caracteristica_16523,caracteristica_16524,caracteristica_16525,caracteristica_16526,caracteristica_16527,caracteristica_16528,caracteristica_16529,caracteristica_16530,caracteristica_16531,caracteristica_16532,caracteristica_16533,caracteristica_16534,caracteristica_16535,caracteristica_16536,caracteristica_16537,caracteristica_16538,caracteristica_16539,caracteristica_16540,caracteristica_16541,caracteristica_16542,caracteristica_16543,caracteristica_16544,caracteristica_16545,caracteristica_16546,caracteristica_16547,caracteristica_16548,caracteristica_16549,caracteristica_16550,caracteristica_16551,caracteristica_16552,caracteristica_16553,caracteristica_16554,caracteristica_16555,caracteristica_16556,caracteristica_16557,caracteristica_16558,caracteristica_16559,caracteristica_16560,caracteristica_16561,caracteristica_16562,caracteristica_16563,caracteristica_16564,caracteristica_16565,caracteristica_16566,caracteristica_16567,caracteristica_16568,caracteristica_16569,caracteristica_16570,caracteristica_16571,caracteristica_16572,caracteristica_16573,caracteristica_16574,caracteristica_16575,caracteristica_16576,caracteristica_16577,caracteristica_16578,caracteristica_16579,caracteristica_16580,caracteristica_16581,caracteristica_16582,caracteristica_16583,caracteristica_16584,caracteristica_16585,caracteristica_16586,caracteristica_16587,caracteristica_16588,caracteristica_16589,caracteristica_16590,caracteristica_16591,caracteristica_16592,caracteristica_16593,caracteristica_16594,caracteristica_16595,caracteristica_16596,caracteristica_16597,caracteristica_16598,caracteristica_16599,caracteristica_16600,caracteristica_16601,caracteristica_16602,caracteristica_16603,caracteristica_16604,caracteristica_16605,caracteristica_16606,caracteristica_16607,caracteristica_16608,caracteristica_16609,caracteristica_16610,caracteristica_16611,caracteristica_16612,caracteristica_16613,caracteristica_16614,caracteristica_16615,caracteristica_16616,caracteristica_16617,caracteristica_16618,caracteristica_16619,caracteristica_16620,caracteristica_16621,caracteristica_16622,caracteristica_16623,caracteristica_16624,caracteristica_16625,caracteristica_16626,caracteristica_16627,caracteristica_16628,caracteristica_16629,caracteristica_16630,caracteristica_16631,caracteristica_16632,caracteristica_16633,caracteristica_16634,caracteristica_16635,caracteristica_16636,caracteristica_16637,caracteristica_16638,caracteristica_16639,caracteristica_16640,caracteristica_16641,caracteristica_16642,caracteristica_16643,caracteristica_16644,caracteristica_16645,caracteristica_16646,caracteristica_16647,caracteristica_16648,caracteristica_16649,caracteristica_16650,caracteristica_16651,caracteristica_16652,caracteristica_16653,caracteristica_16654,caracteristica_16655,caracteristica_16656,caracteristica_16657,caracteristica_16658,caracteristica_16659,caracteristica_16660,caracteristica_16661,caracteristica_16662,caracteristica_16663,caracteristica_16664,caracteristica_16665,caracteristica_16666,caracteristica_16667,caracteristica_16668,caracteristica_16669,caracteristica_16670,caracteristica_16671,caracteristica_16672,caracteristica_16673,caracteristica_16674,caracteristica_16675,caracteristica_16676,caracteristica_16677,caracteristica_16678,caracteristica_16679,caracteristica_16680,caracteristica_16681,caracteristica_16682,caracteristica_16683,caracteristica_16684,caracteristica_16685,caracteristica_16686,caracteristica_16687,caracteristica_16688,caracteristica_16689,caracteristica_16690,caracteristica_16691,caracteristica_16692,caracteristica_16693,caracteristica_16694,caracteristica_16695,caracteristica_16696,caracteristica_16697,caracteristica_16698,caracteristica_16699,caracteristica_16700,caracteristica_16701,caracteristica_16702,caracteristica_16703,caracteristica_16704,caracteristica_16705,caracteristica_16706,caracteristica_16707,caracteristica_16708,caracteristica_16709,caracteristica_16710,caracteristica_16711,caracteristica_16712,caracteristica_16713,caracteristica_16714,caracteristica_16715,caracteristica_16716,caracteristica_16717,caracteristica_16718,caracteristica_16719,caracteristica_16720,caracteristica_16721,caracteristica_16722,caracteristica_16723,caracteristica_16724,caracteristica_16725,caracteristica_16726,caracteristica_16727,caracteristica_16728,caracteristica_16729,caracteristica_16730,caracteristica_16731,caracteristica_16732,caracteristica_16733,caracteristica_16734,caracteristica_16735,caracteristica_16736,caracteristica_16737,caracteristica_16738,caracteristica_16739,caracteristica_16740,caracteristica_16741,caracteristica_16742,caracteristica_16743,caracteristica_16744,caracteristica_16745,caracteristica_16746,caracteristica_16747,caracteristica_16748,caracteristica_16749,caracteristica_16750,caracteristica_16751,caracteristica_16752,caracteristica_16753,caracteristica_16754,caracteristica_16755,caracteristica_16756,caracteristica_16757,caracteristica_16758,caracteristica_16759,caracteristica_16760,caracteristica_16761,caracteristica_16762,caracteristica_16763,caracteristica_16764,caracteristica_16765,caracteristica_16766,caracteristica_16767,caracteristica_16768,caracteristica_16769,caracteristica_16770,caracteristica_16771,caracteristica_16772,caracteristica_16773,caracteristica_16774,caracteristica_16775,caracteristica_16776,caracteristica_16777,caracteristica_16778,caracteristica_16779,caracteristica_16780,caracteristica_16781,caracteristica_16782,caracteristica_16783,caracteristica_16784,caracteristica_16785,caracteristica_16786,caracteristica_16787,caracteristica_16788,caracteristica_16789,caracteristica_16790,caracteristica_16791,caracteristica_16792,caracteristica_16793,caracteristica_16794,caracteristica_16795,caracteristica_16796,caracteristica_16797,caracteristica_16798,caracteristica_16799,caracteristica_16800,caracteristica_16801,caracteristica_16802,caracteristica_16803,caracteristica_16804,caracteristica_16805,caracteristica_16806,caracteristica_16807,caracteristica_16808,caracteristica_16809,caracteristica_16810,caracteristica_16811,caracteristica_16812,caracteristica_16813,caracteristica_16814,caracteristica_16815,caracteristica_16816,caracteristica_16817,caracteristica_16818,caracteristica_16819,caracteristica_16820,caracteristica_16821,caracteristica_16822,caracteristica_16823,caracteristica_16824,caracteristica_16825,caracteristica_16826,caracteristica_16827,caracteristica_16828,caracteristica_16829,caracteristica_16830,caracteristica_16831,caracteristica_16832,caracteristica_16833,caracteristica_16834,caracteristica_16835,caracteristica_16836,caracteristica_16837,caracteristica_16838,caracteristica_16839,caracteristica_16840,caracteristica_16841,caracteristica_16842,caracteristica_16843,caracteristica_16844,caracteristica_16845,caracteristica_16846,caracteristica_16847,caracteristica_16848,caracteristica_16849,caracteristica_16850,caracteristica_16851,caracteristica_16852,caracteristica_16853,caracteristica_16854,caracteristica_16855,caracteristica_16856,caracteristica_16857,caracteristica_16858,caracteristica_16859,caracteristica_16860,caracteristica_16861,caracteristica_16862,caracteristica_16863,caracteristica_16864,caracteristica_16865,caracteristica_16866,caracteristica_16867,caracteristica_16868,caracteristica_16869,caracteristica_16870,caracteristica_16871,caracteristica_16872,caracteristica_16873,caracteristica_16874,caracteristica_16875,caracteristica_16876,caracteristica_16877,caracteristica_16878,caracteristica_16879,caracteristica_16880,caracteristica_16881,caracteristica_16882,caracteristica_16883,caracteristica_16884,caracteristica_16885,caracteristica_16886,caracteristica_16887,caracteristica_16888,caracteristica_16889,caracteristica_16890,caracteristica_16891,caracteristica_16892,caracteristica_16893,caracteristica_16894,caracteristica_16895,caracteristica_16896,caracteristica_16897,caracteristica_16898,caracteristica_16899,caracteristica_16900,caracteristica_16901,caracteristica_16902,caracteristica_16903,caracteristica_16904,caracteristica_16905,caracteristica_16906,caracteristica_16907,caracteristica_16908,caracteristica_16909,caracteristica_16910,caracteristica_16911,caracteristica_16912,caracteristica_16913,caracteristica_16914,caracteristica_16915,caracteristica_16916,caracteristica_16917,caracteristica_16918,caracteristica_16919,caracteristica_16920,caracteristica_16921,caracteristica_16922,caracteristica_16923,caracteristica_16924,caracteristica_16925,caracteristica_16926,caracteristica_16927,caracteristica_16928,caracteristica_16929,caracteristica_16930,caracteristica_16931,caracteristica_16932,caracteristica_16933,caracteristica_16934,caracteristica_16935,caracteristica_16936,caracteristica_16937,caracteristica_16938,caracteristica_16939,caracteristica_16940,caracteristica_16941,caracteristica_16942,caracteristica_16943,caracteristica_16944,caracteristica_16945,caracteristica_16946,caracteristica_16947,caracteristica_16948,caracteristica_16949,caracteristica_16950,caracteristica_16951,caracteristica_16952,caracteristica_16953,caracteristica_16954,caracteristica_16955,caracteristica_16956,caracteristica_16957,caracteristica_16958,caracteristica_16959,caracteristica_16960,caracteristica_16961,caracteristica_16962,caracteristica_16963,caracteristica_16964,caracteristica_16965,caracteristica_16966,caracteristica_16967,caracteristica_16968,caracteristica_16969,caracteristica_16970,caracteristica_16971,caracteristica_16972,caracteristica_16973,caracteristica_16974,caracteristica_16975,caracteristica_16976,caracteristica_16977,caracteristica_16978,caracteristica_16979,caracteristica_16980,caracteristica_16981,caracteristica_16982,caracteristica_16983,caracteristica_16984,caracteristica_16985,caracteristica_16986,caracteristica_16987,caracteristica_16988,caracteristica_16989,caracteristica_16990,caracteristica_16991,caracteristica_16992,caracteristica_16993,caracteristica_16994,caracteristica_16995,caracteristica_16996,caracteristica_16997,caracteristica_16998,caracteristica_16999,caracteristica_17000,caracteristica_17001,caracteristica_17002,caracteristica_17003,caracteristica_17004,caracteristica_17005,caracteristica_17006,caracteristica_17007,caracteristica_17008,caracteristica_17009,caracteristica_17010,caracteristica_17011,caracteristica_17012,caracteristica_17013,caracteristica_17014,caracteristica_17015,caracteristica_17016,caracteristica_17017,caracteristica_17018,caracteristica_17019,caracteristica_17020,caracteristica_17021,caracteristica_17022,caracteristica_17023,caracteristica_17024,caracteristica_17025,caracteristica_17026,caracteristica_17027,caracteristica_17028,caracteristica_17029,caracteristica_17030,caracteristica_17031,caracteristica_17032,caracteristica_17033,caracteristica_17034,caracteristica_17035,caracteristica_17036,caracteristica_17037,caracteristica_17038,caracteristica_17039,caracteristica_17040,caracteristica_17041,caracteristica_17042,caracteristica_17043,caracteristica_17044,caracteristica_17045,caracteristica_17046,caracteristica_17047,caracteristica_17048,caracteristica_17049,caracteristica_17050,caracteristica_17051,caracteristica_17052,caracteristica_17053,caracteristica_17054,caracteristica_17055,caracteristica_17056,caracteristica_17057,caracteristica_17058,caracteristica_17059,caracteristica_17060,caracteristica_17061,caracteristica_17062,caracteristica_17063,caracteristica_17064,caracteristica_17065,caracteristica_17066,caracteristica_17067,caracteristica_17068,caracteristica_17069,caracteristica_17070,caracteristica_17071,caracteristica_17072,caracteristica_17073,caracteristica_17074,caracteristica_17075,caracteristica_17076,caracteristica_17077,caracteristica_17078,caracteristica_17079,caracteristica_17080,caracteristica_17081,caracteristica_17082,caracteristica_17083,caracteristica_17084,caracteristica_17085,caracteristica_17086,caracteristica_17087,caracteristica_17088,caracteristica_17089,caracteristica_17090,caracteristica_17091,caracteristica_17092,caracteristica_17093,caracteristica_17094,caracteristica_17095,caracteristica_17096,caracteristica_17097,caracteristica_17098,caracteristica_17099,caracteristica_17100,caracteristica_17101,caracteristica_17102,caracteristica_17103,caracteristica_17104,caracteristica_17105,caracteristica_17106,caracteristica_17107,caracteristica_17108,caracteristica_17109,caracteristica_17110,caracteristica_17111,caracteristica_17112,caracteristica_17113,caracteristica_17114,caracteristica_17115,caracteristica_17116,caracteristica_17117,caracteristica_17118,caracteristica_17119,caracteristica_17120,caracteristica_17121,caracteristica_17122,caracteristica_17123,caracteristica_17124,caracteristica_17125,caracteristica_17126,caracteristica_17127,caracteristica_17128,caracteristica_17129,caracteristica_17130,caracteristica_17131,caracteristica_17132,caracteristica_17133,caracteristica_17134,caracteristica_17135,caracteristica_17136,caracteristica_17137,caracteristica_17138,caracteristica_17139,caracteristica_17140,caracteristica_17141,caracteristica_17142,caracteristica_17143,caracteristica_17144,caracteristica_17145,caracteristica_17146,caracteristica_17147,caracteristica_17148,caracteristica_17149,caracteristica_17150,caracteristica_17151,caracteristica_17152,caracteristica_17153,caracteristica_17154,caracteristica_17155,caracteristica_17156,caracteristica_17157,caracteristica_17158,caracteristica_17159,caracteristica_17160,caracteristica_17161,caracteristica_17162,caracteristica_17163,caracteristica_17164,caracteristica_17165,caracteristica_17166,caracteristica_17167,caracteristica_17168,caracteristica_17169,caracteristica_17170,caracteristica_17171,caracteristica_17172,caracteristica_17173,caracteristica_17174,caracteristica_17175,caracteristica_17176,caracteristica_17177,caracteristica_17178,caracteristica_17179,caracteristica_17180,caracteristica_17181,caracteristica_17182,caracteristica_17183,caracteristica_17184,caracteristica_17185,caracteristica_17186,caracteristica_17187,caracteristica_17188,caracteristica_17189,caracteristica_17190,caracteristica_17191,caracteristica_17192,caracteristica_17193,caracteristica_17194,caracteristica_17195,caracteristica_17196,caracteristica_17197,caracteristica_17198,caracteristica_17199,caracteristica_17200,caracteristica_17201,caracteristica_17202,caracteristica_17203,caracteristica_17204,caracteristica_17205,caracteristica_17206,caracteristica_17207,caracteristica_17208,caracteristica_17209,caracteristica_17210,caracteristica_17211,caracteristica_17212,caracteristica_17213,caracteristica_17214,caracteristica_17215,caracteristica_17216,caracteristica_17217,caracteristica_17218,caracteristica_17219,caracteristica_17220,caracteristica_17221,caracteristica_17222,caracteristica_17223,caracteristica_17224,caracteristica_17225,caracteristica_17226,caracteristica_17227,caracteristica_17228,caracteristica_17229,caracteristica_17230,caracteristica_17231,caracteristica_17232,caracteristica_17233,caracteristica_17234,caracteristica_17235,caracteristica_17236,caracteristica_17237,caracteristica_17238,caracteristica_17239,caracteristica_17240,caracteristica_17241,caracteristica_17242,caracteristica_17243,caracteristica_17244,caracteristica_17245,caracteristica_17246,caracteristica_17247,caracteristica_17248,caracteristica_17249,caracteristica_17250,caracteristica_17251,caracteristica_17252,caracteristica_17253,caracteristica_17254,caracteristica_17255,caracteristica_17256,caracteristica_17257,caracteristica_17258,caracteristica_17259,caracteristica_17260,caracteristica_17261,caracteristica_17262,caracteristica_17263,caracteristica_17264,caracteristica_17265,caracteristica_17266,caracteristica_17267,caracteristica_17268,caracteristica_17269,caracteristica_17270,caracteristica_17271,caracteristica_17272,caracteristica_17273,caracteristica_17274,caracteristica_17275,caracteristica_17276,caracteristica_17277,caracteristica_17278,caracteristica_17279,caracteristica_17280,caracteristica_17281,caracteristica_17282,caracteristica_17283,caracteristica_17284,caracteristica_17285,caracteristica_17286,caracteristica_17287,caracteristica_17288,caracteristica_17289,caracteristica_17290,caracteristica_17291,caracteristica_17292,caracteristica_17293,caracteristica_17294,caracteristica_17295,caracteristica_17296,caracteristica_17297,caracteristica_17298,caracteristica_17299,caracteristica_17300,caracteristica_17301,caracteristica_17302,caracteristica_17303,caracteristica_17304,caracteristica_17305,caracteristica_17306,caracteristica_17307,caracteristica_17308,caracteristica_17309,caracteristica_17310,caracteristica_17311,caracteristica_17312,caracteristica_17313,caracteristica_17314,caracteristica_17315,caracteristica_17316,caracteristica_17317,caracteristica_17318,caracteristica_17319,caracteristica_17320,caracteristica_17321,caracteristica_17322,caracteristica_17323,caracteristica_17324,caracteristica_17325,caracteristica_17326,caracteristica_17327,caracteristica_17328,caracteristica_17329,caracteristica_17330,caracteristica_17331,caracteristica_17332,caracteristica_17333,caracteristica_17334,caracteristica_17335,caracteristica_17336,caracteristica_17337,caracteristica_17338,caracteristica_17339,caracteristica_17340,caracteristica_17341,caracteristica_17342,caracteristica_17343,caracteristica_17344,caracteristica_17345,caracteristica_17346,caracteristica_17347,caracteristica_17348,caracteristica_17349,caracteristica_17350,caracteristica_17351,caracteristica_17352,caracteristica_17353,caracteristica_17354,caracteristica_17355,caracteristica_17356,caracteristica_17357,caracteristica_17358,caracteristica_17359,caracteristica_17360,caracteristica_17361,caracteristica_17362,caracteristica_17363,caracteristica_17364,caracteristica_17365,caracteristica_17366,caracteristica_17367,caracteristica_17368,caracteristica_17369,caracteristica_17370,caracteristica_17371,caracteristica_17372,caracteristica_17373,caracteristica_17374,caracteristica_17375,caracteristica_17376,caracteristica_17377,caracteristica_17378,caracteristica_17379,caracteristica_17380,caracteristica_17381,caracteristica_17382,caracteristica_17383,caracteristica_17384,caracteristica_17385,caracteristica_17386,caracteristica_17387,caracteristica_17388,caracteristica_17389,caracteristica_17390,caracteristica_17391,caracteristica_17392,caracteristica_17393,caracteristica_17394,caracteristica_17395,caracteristica_17396,caracteristica_17397,caracteristica_17398,caracteristica_17399,caracteristica_17400,caracteristica_17401,caracteristica_17402,caracteristica_17403,caracteristica_17404,caracteristica_17405,caracteristica_17406,caracteristica_17407,caracteristica_17408,caracteristica_17409,caracteristica_17410,caracteristica_17411,caracteristica_17412,caracteristica_17413,caracteristica_17414,caracteristica_17415,caracteristica_17416,caracteristica_17417,caracteristica_17418,caracteristica_17419,caracteristica_17420,caracteristica_17421,caracteristica_17422,caracteristica_17423,caracteristica_17424,caracteristica_17425,caracteristica_17426,caracteristica_17427,caracteristica_17428,caracteristica_17429,caracteristica_17430,caracteristica_17431,caracteristica_17432,caracteristica_17433,caracteristica_17434,caracteristica_17435,caracteristica_17436,caracteristica_17437,caracteristica_17438,caracteristica_17439,caracteristica_17440,caracteristica_17441,caracteristica_17442,caracteristica_17443,caracteristica_17444,caracteristica_17445,caracteristica_17446,caracteristica_17447,caracteristica_17448,caracteristica_17449,caracteristica_17450,caracteristica_17451,caracteristica_17452,caracteristica_17453,caracteristica_17454,caracteristica_17455,caracteristica_17456,caracteristica_17457,caracteristica_17458,caracteristica_17459,caracteristica_17460,caracteristica_17461,caracteristica_17462,caracteristica_17463,caracteristica_17464,caracteristica_17465,caracteristica_17466,caracteristica_17467,caracteristica_17468,caracteristica_17469,caracteristica_17470,caracteristica_17471,caracteristica_17472,caracteristica_17473,caracteristica_17474,caracteristica_17475,caracteristica_17476,caracteristica_17477,caracteristica_17478,caracteristica_17479,caracteristica_17480,caracteristica_17481,caracteristica_17482,caracteristica_17483,caracteristica_17484,caracteristica_17485,caracteristica_17486,caracteristica_17487,caracteristica_17488,caracteristica_17489,caracteristica_17490,caracteristica_17491,caracteristica_17492,caracteristica_17493,caracteristica_17494,caracteristica_17495,caracteristica_17496,caracteristica_17497,caracteristica_17498,caracteristica_17499,caracteristica_17500,caracteristica_17501,caracteristica_17502,caracteristica_17503,caracteristica_17504,caracteristica_17505,caracteristica_17506,caracteristica_17507,caracteristica_17508,caracteristica_17509,caracteristica_17510,caracteristica_17511,caracteristica_17512,caracteristica_17513,caracteristica_17514,caracteristica_17515,caracteristica_17516,caracteristica_17517,caracteristica_17518,caracteristica_17519,caracteristica_17520,caracteristica_17521,caracteristica_17522,caracteristica_17523,caracteristica_17524,caracteristica_17525,caracteristica_17526,caracteristica_17527,caracteristica_17528,caracteristica_17529,caracteristica_17530,caracteristica_17531,caracteristica_17532,caracteristica_17533,caracteristica_17534,caracteristica_17535,caracteristica_17536,caracteristica_17537,caracteristica_17538,caracteristica_17539,caracteristica_17540,caracteristica_17541,caracteristica_17542,caracteristica_17543,caracteristica_17544,caracteristica_17545,caracteristica_17546,caracteristica_17547,caracteristica_17548,caracteristica_17549,caracteristica_17550,caracteristica_17551,caracteristica_17552,caracteristica_17553,caracteristica_17554,caracteristica_17555,caracteristica_17556,caracteristica_17557,caracteristica_17558,caracteristica_17559,caracteristica_17560,caracteristica_17561,caracteristica_17562,caracteristica_17563,caracteristica_17564,caracteristica_17565,caracteristica_17566,caracteristica_17567,caracteristica_17568,caracteristica_17569,caracteristica_17570,caracteristica_17571,caracteristica_17572,caracteristica_17573,caracteristica_17574,caracteristica_17575,caracteristica_17576,caracteristica_17577,caracteristica_17578,caracteristica_17579,caracteristica_17580,caracteristica_17581,caracteristica_17582,caracteristica_17583,caracteristica_17584,caracteristica_17585,caracteristica_17586,caracteristica_17587,caracteristica_17588,caracteristica_17589,caracteristica_17590,caracteristica_17591,caracteristica_17592,caracteristica_17593,caracteristica_17594,caracteristica_17595,caracteristica_17596,caracteristica_17597,caracteristica_17598,caracteristica_17599,caracteristica_17600,caracteristica_17601,caracteristica_17602,caracteristica_17603,caracteristica_17604,caracteristica_17605,caracteristica_17606,caracteristica_17607,caracteristica_17608,caracteristica_17609,caracteristica_17610,caracteristica_17611,caracteristica_17612,caracteristica_17613,caracteristica_17614,caracteristica_17615,caracteristica_17616,caracteristica_17617,caracteristica_17618,caracteristica_17619,caracteristica_17620,caracteristica_17621,caracteristica_17622,caracteristica_17623,caracteristica_17624,caracteristica_17625,caracteristica_17626,caracteristica_17627,caracteristica_17628,caracteristica_17629,caracteristica_17630,caracteristica_17631,caracteristica_17632,caracteristica_17633,caracteristica_17634,caracteristica_17635,caracteristica_17636,caracteristica_17637,caracteristica_17638,caracteristica_17639,caracteristica_17640,caracteristica_17641,caracteristica_17642,caracteristica_17643,caracteristica_17644,caracteristica_17645,caracteristica_17646,caracteristica_17647,caracteristica_17648,caracteristica_17649,caracteristica_17650,caracteristica_17651,caracteristica_17652,caracteristica_17653,caracteristica_17654,caracteristica_17655,caracteristica_17656,caracteristica_17657,caracteristica_17658,caracteristica_17659,caracteristica_17660,caracteristica_17661,caracteristica_17662,caracteristica_17663,caracteristica_17664,caracteristica_17665,caracteristica_17666,caracteristica_17667,caracteristica_17668,caracteristica_17669,caracteristica_17670,caracteristica_17671,caracteristica_17672,caracteristica_17673,caracteristica_17674,caracteristica_17675,caracteristica_17676,caracteristica_17677,caracteristica_17678,caracteristica_17679,caracteristica_17680,caracteristica_17681,caracteristica_17682,caracteristica_17683,caracteristica_17684,caracteristica_17685,caracteristica_17686,caracteristica_17687,caracteristica_17688,caracteristica_17689,caracteristica_17690,caracteristica_17691,caracteristica_17692,caracteristica_17693,caracteristica_17694,caracteristica_17695,caracteristica_17696,caracteristica_17697,caracteristica_17698,caracteristica_17699,caracteristica_17700,caracteristica_17701,caracteristica_17702,caracteristica_17703,caracteristica_17704,caracteristica_17705,caracteristica_17706,caracteristica_17707,caracteristica_17708,caracteristica_17709,caracteristica_17710,caracteristica_17711,caracteristica_17712,caracteristica_17713,caracteristica_17714,caracteristica_17715,caracteristica_17716,caracteristica_17717,caracteristica_17718,caracteristica_17719,caracteristica_17720,caracteristica_17721,caracteristica_17722,caracteristica_17723,caracteristica_17724,caracteristica_17725,caracteristica_17726,caracteristica_17727,caracteristica_17728,caracteristica_17729,caracteristica_17730,caracteristica_17731,caracteristica_17732,caracteristica_17733,caracteristica_17734,caracteristica_17735,caracteristica_17736,caracteristica_17737,caracteristica_17738,caracteristica_17739,caracteristica_17740,caracteristica_17741,caracteristica_17742,caracteristica_17743,caracteristica_17744,caracteristica_17745,caracteristica_17746,caracteristica_17747,caracteristica_17748,caracteristica_17749,caracteristica_17750,caracteristica_17751,caracteristica_17752,caracteristica_17753,caracteristica_17754,caracteristica_17755,caracteristica_17756,caracteristica_17757,caracteristica_17758,caracteristica_17759,caracteristica_17760,caracteristica_17761,caracteristica_17762,caracteristica_17763,caracteristica_17764,caracteristica_17765,caracteristica_17766,caracteristica_17767,caracteristica_17768,caracteristica_17769,caracteristica_17770,caracteristica_17771,caracteristica_17772,caracteristica_17773,caracteristica_17774,caracteristica_17775,caracteristica_17776,caracteristica_17777,caracteristica_17778,caracteristica_17779,caracteristica_17780,caracteristica_17781,caracteristica_17782,caracteristica_17783,caracteristica_17784,caracteristica_17785,caracteristica_17786,caracteristica_17787,caracteristica_17788,caracteristica_17789,caracteristica_17790,caracteristica_17791,caracteristica_17792,caracteristica_17793,caracteristica_17794,caracteristica_17795,caracteristica_17796,caracteristica_17797,caracteristica_17798,caracteristica_17799,caracteristica_17800,caracteristica_17801,caracteristica_17802,caracteristica_17803,caracteristica_17804,caracteristica_17805,caracteristica_17806,caracteristica_17807,caracteristica_17808,caracteristica_17809,caracteristica_17810,caracteristica_17811,caracteristica_17812,caracteristica_17813,caracteristica_17814,caracteristica_17815,caracteristica_17816,caracteristica_17817,caracteristica_17818,caracteristica_17819,caracteristica_17820,caracteristica_17821,caracteristica_17822,caracteristica_17823,caracteristica_17824,caracteristica_17825,caracteristica_17826,caracteristica_17827,caracteristica_17828,caracteristica_17829,caracteristica_17830,caracteristica_17831,caracteristica_17832,caracteristica_17833,caracteristica_17834,caracteristica_17835,caracteristica_17836,caracteristica_17837,caracteristica_17838,caracteristica_17839,caracteristica_17840,caracteristica_17841,caracteristica_17842,caracteristica_17843,caracteristica_17844,caracteristica_17845,caracteristica_17846,caracteristica_17847,caracteristica_17848,caracteristica_17849,caracteristica_17850,caracteristica_17851,caracteristica_17852,caracteristica_17853,caracteristica_17854,caracteristica_17855,caracteristica_17856,caracteristica_17857,caracteristica_17858,caracteristica_17859,caracteristica_17860,caracteristica_17861,caracteristica_17862,caracteristica_17863,caracteristica_17864,caracteristica_17865,caracteristica_17866,caracteristica_17867,caracteristica_17868,caracteristica_17869,caracteristica_17870,caracteristica_17871,caracteristica_17872,caracteristica_17873,caracteristica_17874,caracteristica_17875,caracteristica_17876,caracteristica_17877,caracteristica_17878,caracteristica_17879,caracteristica_17880,caracteristica_17881,caracteristica_17882,caracteristica_17883,caracteristica_17884,caracteristica_17885,caracteristica_17886,caracteristica_17887,caracteristica_17888,caracteristica_17889,caracteristica_17890,caracteristica_17891,caracteristica_17892,caracteristica_17893,caracteristica_17894,caracteristica_17895,caracteristica_17896,caracteristica_17897,caracteristica_17898,caracteristica_17899,caracteristica_17900,caracteristica_17901,caracteristica_17902,caracteristica_17903,caracteristica_17904,caracteristica_17905,caracteristica_17906,caracteristica_17907,caracteristica_17908,caracteristica_17909,caracteristica_17910,caracteristica_17911,caracteristica_17912,caracteristica_17913,caracteristica_17914,caracteristica_17915,caracteristica_17916,caracteristica_17917,caracteristica_17918,caracteristica_17919,caracteristica_17920,caracteristica_17921,caracteristica_17922,caracteristica_17923,caracteristica_17924,caracteristica_17925,caracteristica_17926,caracteristica_17927,caracteristica_17928,caracteristica_17929,caracteristica_17930,caracteristica_17931,caracteristica_17932,caracteristica_17933,caracteristica_17934,caracteristica_17935,caracteristica_17936,caracteristica_17937,caracteristica_17938,caracteristica_17939,caracteristica_17940,caracteristica_17941,caracteristica_17942,caracteristica_17943,caracteristica_17944,caracteristica_17945,caracteristica_17946,caracteristica_17947,caracteristica_17948,caracteristica_17949,caracteristica_17950,caracteristica_17951,caracteristica_17952,caracteristica_17953,caracteristica_17954,caracteristica_17955,caracteristica_17956,caracteristica_17957,caracteristica_17958,caracteristica_17959,caracteristica_17960,caracteristica_17961,caracteristica_17962,caracteristica_17963,caracteristica_17964,caracteristica_17965,caracteristica_17966,caracteristica_17967,caracteristica_17968,caracteristica_17969,caracteristica_17970,caracteristica_17971,caracteristica_17972,caracteristica_17973,caracteristica_17974,caracteristica_17975,caracteristica_17976,caracteristica_17977,caracteristica_17978,caracteristica_17979,caracteristica_17980,caracteristica_17981,caracteristica_17982,caracteristica_17983,caracteristica_17984,caracteristica_17985,caracteristica_17986,caracteristica_17987,caracteristica_17988,caracteristica_17989,caracteristica_17990,caracteristica_17991,caracteristica_17992,caracteristica_17993,caracteristica_17994,caracteristica_17995,caracteristica_17996,caracteristica_17997,caracteristica_17998,caracteristica_17999,caracteristica_18000,caracteristica_18001,caracteristica_18002,caracteristica_18003,caracteristica_18004,caracteristica_18005,caracteristica_18006,caracteristica_18007,caracteristica_18008,caracteristica_18009,caracteristica_18010,caracteristica_18011,caracteristica_18012,caracteristica_18013,caracteristica_18014,caracteristica_18015,caracteristica_18016,caracteristica_18017,caracteristica_18018,caracteristica_18019,caracteristica_18020,caracteristica_18021,caracteristica_18022,caracteristica_18023,caracteristica_18024,caracteristica_18025,caracteristica_18026,caracteristica_18027,caracteristica_18028,caracteristica_18029,caracteristica_18030,caracteristica_18031,caracteristica_18032,caracteristica_18033,caracteristica_18034,caracteristica_18035,caracteristica_18036,caracteristica_18037,caracteristica_18038,caracteristica_18039,caracteristica_18040,caracteristica_18041,caracteristica_18042,caracteristica_18043,caracteristica_18044,caracteristica_18045,caracteristica_18046,caracteristica_18047,caracteristica_18048,caracteristica_18049,caracteristica_18050,caracteristica_18051,caracteristica_18052,caracteristica_18053,caracteristica_18054,caracteristica_18055,caracteristica_18056,caracteristica_18057,caracteristica_18058,caracteristica_18059,caracteristica_18060,caracteristica_18061,caracteristica_18062,caracteristica_18063,caracteristica_18064,caracteristica_18065,caracteristica_18066,caracteristica_18067,caracteristica_18068,caracteristica_18069,caracteristica_18070,caracteristica_18071,caracteristica_18072,caracteristica_18073,caracteristica_18074,caracteristica_18075,caracteristica_18076,caracteristica_18077,caracteristica_18078,caracteristica_18079,caracteristica_18080,caracteristica_18081,caracteristica_18082,caracteristica_18083,caracteristica_18084,caracteristica_18085,caracteristica_18086,caracteristica_18087,caracteristica_18088,caracteristica_18089,caracteristica_18090,caracteristica_18091,caracteristica_18092,caracteristica_18093,caracteristica_18094,caracteristica_18095,caracteristica_18096,caracteristica_18097,caracteristica_18098,caracteristica_18099,caracteristica_18100,caracteristica_18101,caracteristica_18102,caracteristica_18103,caracteristica_18104,caracteristica_18105,caracteristica_18106,caracteristica_18107,caracteristica_18108,caracteristica_18109,caracteristica_18110,caracteristica_18111,caracteristica_18112,caracteristica_18113,caracteristica_18114,caracteristica_18115,caracteristica_18116,caracteristica_18117,caracteristica_18118,caracteristica_18119,caracteristica_18120,caracteristica_18121,caracteristica_18122,caracteristica_18123,caracteristica_18124,caracteristica_18125,caracteristica_18126,caracteristica_18127,caracteristica_18128,caracteristica_18129,caracteristica_18130,caracteristica_18131,caracteristica_18132,caracteristica_18133,caracteristica_18134,caracteristica_18135,caracteristica_18136,caracteristica_18137,caracteristica_18138,caracteristica_18139,caracteristica_18140,caracteristica_18141,caracteristica_18142,caracteristica_18143,caracteristica_18144,caracteristica_18145,caracteristica_18146,caracteristica_18147,caracteristica_18148,caracteristica_18149,caracteristica_18150,caracteristica_18151,caracteristica_18152,caracteristica_18153,caracteristica_18154,caracteristica_18155,caracteristica_18156,caracteristica_18157,caracteristica_18158,caracteristica_18159,caracteristica_18160,caracteristica_18161,caracteristica_18162,caracteristica_18163,caracteristica_18164,caracteristica_18165,caracteristica_18166,caracteristica_18167,caracteristica_18168,caracteristica_18169,caracteristica_18170,caracteristica_18171,caracteristica_18172,caracteristica_18173,caracteristica_18174,caracteristica_18175,caracteristica_18176,caracteristica_18177,caracteristica_18178,caracteristica_18179,caracteristica_18180,caracteristica_18181,caracteristica_18182,caracteristica_18183,caracteristica_18184,caracteristica_18185,caracteristica_18186,caracteristica_18187,caracteristica_18188,caracteristica_18189,caracteristica_18190,caracteristica_18191,caracteristica_18192,caracteristica_18193,caracteristica_18194,caracteristica_18195,caracteristica_18196,caracteristica_18197,caracteristica_18198,caracteristica_18199,caracteristica_18200,caracteristica_18201,caracteristica_18202,caracteristica_18203,caracteristica_18204,caracteristica_18205,caracteristica_18206,caracteristica_18207,caracteristica_18208,caracteristica_18209,caracteristica_18210,caracteristica_18211,caracteristica_18212,caracteristica_18213,caracteristica_18214,caracteristica_18215,caracteristica_18216,caracteristica_18217,caracteristica_18218,caracteristica_18219,caracteristica_18220,caracteristica_18221,caracteristica_18222,caracteristica_18223,caracteristica_18224,caracteristica_18225,caracteristica_18226,caracteristica_18227,caracteristica_18228,caracteristica_18229,caracteristica_18230,caracteristica_18231,caracteristica_18232,caracteristica_18233,caracteristica_18234,caracteristica_18235,caracteristica_18236,caracteristica_18237,caracteristica_18238,caracteristica_18239,caracteristica_18240,caracteristica_18241,caracteristica_18242,caracteristica_18243,caracteristica_18244,caracteristica_18245,caracteristica_18246,caracteristica_18247,caracteristica_18248,caracteristica_18249,caracteristica_18250,caracteristica_18251,caracteristica_18252,caracteristica_18253,caracteristica_18254,caracteristica_18255,caracteristica_18256,caracteristica_18257,caracteristica_18258,caracteristica_18259,caracteristica_18260,caracteristica_18261,caracteristica_18262,caracteristica_18263,caracteristica_18264,caracteristica_18265,caracteristica_18266,caracteristica_18267,caracteristica_18268,caracteristica_18269,caracteristica_18270,caracteristica_18271,caracteristica_18272,caracteristica_18273,caracteristica_18274,caracteristica_18275,caracteristica_18276,caracteristica_18277,caracteristica_18278,caracteristica_18279,caracteristica_18280,caracteristica_18281,caracteristica_18282,caracteristica_18283,caracteristica_18284,caracteristica_18285,caracteristica_18286,caracteristica_18287,caracteristica_18288,caracteristica_18289,caracteristica_18290,caracteristica_18291,caracteristica_18292,caracteristica_18293,caracteristica_18294,caracteristica_18295,caracteristica_18296,caracteristica_18297,caracteristica_18298,caracteristica_18299,caracteristica_18300,caracteristica_18301,caracteristica_18302,caracteristica_18303,caracteristica_18304,caracteristica_18305,caracteristica_18306,caracteristica_18307,caracteristica_18308,caracteristica_18309,caracteristica_18310,caracteristica_18311,caracteristica_18312,caracteristica_18313,caracteristica_18314,caracteristica_18315,caracteristica_18316,caracteristica_18317,caracteristica_18318,caracteristica_18319,caracteristica_18320,caracteristica_18321,caracteristica_18322,caracteristica_18323,caracteristica_18324,caracteristica_18325,caracteristica_18326,caracteristica_18327,caracteristica_18328,caracteristica_18329,caracteristica_18330,caracteristica_18331,caracteristica_18332,caracteristica_18333,caracteristica_18334,caracteristica_18335,caracteristica_18336,caracteristica_18337,caracteristica_18338,caracteristica_18339,caracteristica_18340,caracteristica_18341,caracteristica_18342,caracteristica_18343,caracteristica_18344,caracteristica_18345,caracteristica_18346,caracteristica_18347,caracteristica_18348,caracteristica_18349,caracteristica_18350,caracteristica_18351,caracteristica_18352,caracteristica_18353,caracteristica_18354,caracteristica_18355,caracteristica_18356,caracteristica_18357,caracteristica_18358,caracteristica_18359,caracteristica_18360,caracteristica_18361,caracteristica_18362,caracteristica_18363,caracteristica_18364,caracteristica_18365,caracteristica_18366,caracteristica_18367,caracteristica_18368,caracteristica_18369,caracteristica_18370,caracteristica_18371,caracteristica_18372,caracteristica_18373,caracteristica_18374,caracteristica_18375,caracteristica_18376,caracteristica_18377,caracteristica_18378,caracteristica_18379,caracteristica_18380,caracteristica_18381,caracteristica_18382,caracteristica_18383,caracteristica_18384,caracteristica_18385,caracteristica_18386,caracteristica_18387,caracteristica_18388,caracteristica_18389,caracteristica_18390,caracteristica_18391,caracteristica_18392,caracteristica_18393,caracteristica_18394,caracteristica_18395,caracteristica_18396,caracteristica_18397,caracteristica_18398,caracteristica_18399,caracteristica_18400,caracteristica_18401,caracteristica_18402,caracteristica_18403,caracteristica_18404,caracteristica_18405,caracteristica_18406,caracteristica_18407,caracteristica_18408,caracteristica_18409,caracteristica_18410,caracteristica_18411,caracteristica_18412,caracteristica_18413,caracteristica_18414,caracteristica_18415,caracteristica_18416,caracteristica_18417,caracteristica_18418,caracteristica_18419,caracteristica_18420,caracteristica_18421,caracteristica_18422,caracteristica_18423,caracteristica_18424,caracteristica_18425,caracteristica_18426,caracteristica_18427,caracteristica_18428,caracteristica_18429,caracteristica_18430,caracteristica_18431,caracteristica_18432,caracteristica_18433,caracteristica_18434,caracteristica_18435,caracteristica_18436,caracteristica_18437,caracteristica_18438,caracteristica_18439,caracteristica_18440,caracteristica_18441,caracteristica_18442,caracteristica_18443,caracteristica_18444,caracteristica_18445,caracteristica_18446,caracteristica_18447,caracteristica_18448,caracteristica_18449,caracteristica_18450,caracteristica_18451,caracteristica_18452,caracteristica_18453,caracteristica_18454,caracteristica_18455,caracteristica_18456,caracteristica_18457,caracteristica_18458,caracteristica_18459,caracteristica_18460,caracteristica_18461,caracteristica_18462,caracteristica_18463,caracteristica_18464,caracteristica_18465,caracteristica_18466,caracteristica_18467,caracteristica_18468,caracteristica_18469,caracteristica_18470,caracteristica_18471,caracteristica_18472,caracteristica_18473,caracteristica_18474,caracteristica_18475,caracteristica_18476,caracteristica_18477,caracteristica_18478,caracteristica_18479,caracteristica_18480,caracteristica_18481,caracteristica_18482,caracteristica_18483,caracteristica_18484,caracteristica_18485,caracteristica_18486,caracteristica_18487,caracteristica_18488,caracteristica_18489,caracteristica_18490,caracteristica_18491,caracteristica_18492,caracteristica_18493,caracteristica_18494,caracteristica_18495,caracteristica_18496,caracteristica_18497,caracteristica_18498,caracteristica_18499,caracteristica_18500,caracteristica_18501,caracteristica_18502,caracteristica_18503,caracteristica_18504,caracteristica_18505,caracteristica_18506,caracteristica_18507,caracteristica_18508,caracteristica_18509,caracteristica_18510,caracteristica_18511,caracteristica_18512,caracteristica_18513,caracteristica_18514,caracteristica_18515,caracteristica_18516,caracteristica_18517,caracteristica_18518,caracteristica_18519,caracteristica_18520,caracteristica_18521,caracteristica_18522,caracteristica_18523,caracteristica_18524,caracteristica_18525,caracteristica_18526,caracteristica_18527,caracteristica_18528,caracteristica_18529,caracteristica_18530,caracteristica_18531,caracteristica_18532,caracteristica_18533,caracteristica_18534,caracteristica_18535,caracteristica_18536,caracteristica_18537,caracteristica_18538,caracteristica_18539,caracteristica_18540,caracteristica_18541,caracteristica_18542,caracteristica_18543,caracteristica_18544,caracteristica_18545,caracteristica_18546,caracteristica_18547,caracteristica_18548,caracteristica_18549,caracteristica_18550,caracteristica_18551,caracteristica_18552,caracteristica_18553,caracteristica_18554,caracteristica_18555,caracteristica_18556,caracteristica_18557,caracteristica_18558,caracteristica_18559,caracteristica_18560,caracteristica_18561,caracteristica_18562,caracteristica_18563,caracteristica_18564,caracteristica_18565,caracteristica_18566,caracteristica_18567,caracteristica_18568,caracteristica_18569,caracteristica_18570,caracteristica_18571,caracteristica_18572,caracteristica_18573,caracteristica_18574,caracteristica_18575,caracteristica_18576,caracteristica_18577,caracteristica_18578,caracteristica_18579,caracteristica_18580,caracteristica_18581,caracteristica_18582,caracteristica_18583,caracteristica_18584,caracteristica_18585,caracteristica_18586,caracteristica_18587,caracteristica_18588,caracteristica_18589,caracteristica_18590,caracteristica_18591,caracteristica_18592,caracteristica_18593,caracteristica_18594,caracteristica_18595,caracteristica_18596,caracteristica_18597,caracteristica_18598,caracteristica_18599,caracteristica_18600,caracteristica_18601,caracteristica_18602,caracteristica_18603,caracteristica_18604,caracteristica_18605,caracteristica_18606,caracteristica_18607,caracteristica_18608,caracteristica_18609,caracteristica_18610,caracteristica_18611,caracteristica_18612,caracteristica_18613,caracteristica_18614,caracteristica_18615,caracteristica_18616,caracteristica_18617,caracteristica_18618,caracteristica_18619,caracteristica_18620,caracteristica_18621,caracteristica_18622,caracteristica_18623,caracteristica_18624,caracteristica_18625,caracteristica_18626,caracteristica_18627,caracteristica_18628,caracteristica_18629,caracteristica_18630,caracteristica_18631,caracteristica_18632,caracteristica_18633,caracteristica_18634,caracteristica_18635,caracteristica_18636,caracteristica_18637,caracteristica_18638,caracteristica_18639,caracteristica_18640,caracteristica_18641,caracteristica_18642,caracteristica_18643,caracteristica_18644,caracteristica_18645,caracteristica_18646,caracteristica_18647,caracteristica_18648,caracteristica_18649,caracteristica_18650,caracteristica_18651,caracteristica_18652,caracteristica_18653,caracteristica_18654,caracteristica_18655,caracteristica_18656,caracteristica_18657,caracteristica_18658,caracteristica_18659,caracteristica_18660,caracteristica_18661,caracteristica_18662,caracteristica_18663,caracteristica_18664,caracteristica_18665,caracteristica_18666,caracteristica_18667,caracteristica_18668,caracteristica_18669,caracteristica_18670,caracteristica_18671,caracteristica_18672,caracteristica_18673,caracteristica_18674,caracteristica_18675,caracteristica_18676,caracteristica_18677,caracteristica_18678,caracteristica_18679,caracteristica_18680,caracteristica_18681,caracteristica_18682,caracteristica_18683,caracteristica_18684,caracteristica_18685,caracteristica_18686,caracteristica_18687,caracteristica_18688,caracteristica_18689,caracteristica_18690,caracteristica_18691,caracteristica_18692,caracteristica_18693,caracteristica_18694,caracteristica_18695,caracteristica_18696,caracteristica_18697,caracteristica_18698,caracteristica_18699,caracteristica_18700,caracteristica_18701,caracteristica_18702,caracteristica_18703,caracteristica_18704,caracteristica_18705,caracteristica_18706,caracteristica_18707,caracteristica_18708,caracteristica_18709,caracteristica_18710,caracteristica_18711,caracteristica_18712,caracteristica_18713,caracteristica_18714,caracteristica_18715,caracteristica_18716,caracteristica_18717,caracteristica_18718,caracteristica_18719,caracteristica_18720,caracteristica_18721,caracteristica_18722,caracteristica_18723,caracteristica_18724,caracteristica_18725,caracteristica_18726,caracteristica_18727,caracteristica_18728,caracteristica_18729,caracteristica_18730,caracteristica_18731,caracteristica_18732,caracteristica_18733,caracteristica_18734,caracteristica_18735,caracteristica_18736,caracteristica_18737,caracteristica_18738,caracteristica_18739,caracteristica_18740,caracteristica_18741,caracteristica_18742,caracteristica_18743,caracteristica_18744,caracteristica_18745,caracteristica_18746,caracteristica_18747,caracteristica_18748,caracteristica_18749,caracteristica_18750,caracteristica_18751,caracteristica_18752,caracteristica_18753,caracteristica_18754,caracteristica_18755,caracteristica_18756,caracteristica_18757,caracteristica_18758,caracteristica_18759,caracteristica_18760,caracteristica_18761,caracteristica_18762,caracteristica_18763,caracteristica_18764,caracteristica_18765,caracteristica_18766,caracteristica_18767,caracteristica_18768,caracteristica_18769,caracteristica_18770,caracteristica_18771,caracteristica_18772,caracteristica_18773,caracteristica_18774,caracteristica_18775,caracteristica_18776,caracteristica_18777,caracteristica_18778,caracteristica_18779,caracteristica_18780,caracteristica_18781,caracteristica_18782,caracteristica_18783,caracteristica_18784,caracteristica_18785,caracteristica_18786,caracteristica_18787,caracteristica_18788,caracteristica_18789,caracteristica_18790,caracteristica_18791,caracteristica_18792,caracteristica_18793,caracteristica_18794,caracteristica_18795,caracteristica_18796,caracteristica_18797,caracteristica_18798,caracteristica_18799,caracteristica_18800,caracteristica_18801,caracteristica_18802,caracteristica_18803,caracteristica_18804,caracteristica_18805,caracteristica_18806,caracteristica_18807,caracteristica_18808,caracteristica_18809,caracteristica_18810,caracteristica_18811,caracteristica_18812,caracteristica_18813,caracteristica_18814,caracteristica_18815,caracteristica_18816,caracteristica_18817,caracteristica_18818,caracteristica_18819,caracteristica_18820,caracteristica_18821,caracteristica_18822,caracteristica_18823,caracteristica_18824,caracteristica_18825,caracteristica_18826,caracteristica_18827,caracteristica_18828,caracteristica_18829,caracteristica_18830,caracteristica_18831,caracteristica_18832,caracteristica_18833,caracteristica_18834,caracteristica_18835,caracteristica_18836,caracteristica_18837,caracteristica_18838,caracteristica_18839,caracteristica_18840,caracteristica_18841,caracteristica_18842,caracteristica_18843,caracteristica_18844,caracteristica_18845,caracteristica_18846,caracteristica_18847,caracteristica_18848,caracteristica_18849,caracteristica_18850,caracteristica_18851,caracteristica_18852,caracteristica_18853,caracteristica_18854,caracteristica_18855,caracteristica_18856,caracteristica_18857,caracteristica_18858,caracteristica_18859,caracteristica_18860,caracteristica_18861,caracteristica_18862,caracteristica_18863,caracteristica_18864,caracteristica_18865,caracteristica_18866,caracteristica_18867,caracteristica_18868,caracteristica_18869,caracteristica_18870,caracteristica_18871,caracteristica_18872,caracteristica_18873,caracteristica_18874,caracteristica_18875,caracteristica_18876,caracteristica_18877,caracteristica_18878,caracteristica_18879,caracteristica_18880,caracteristica_18881,caracteristica_18882,caracteristica_18883,caracteristica_18884,caracteristica_18885,caracteristica_18886,caracteristica_18887,caracteristica_18888,caracteristica_18889,caracteristica_18890,caracteristica_18891,caracteristica_18892,caracteristica_18893,caracteristica_18894,caracteristica_18895,caracteristica_18896,caracteristica_18897,caracteristica_18898,caracteristica_18899,caracteristica_18900,caracteristica_18901,caracteristica_18902,caracteristica_18903,caracteristica_18904,caracteristica_18905,caracteristica_18906,caracteristica_18907,caracteristica_18908,caracteristica_18909,caracteristica_18910,caracteristica_18911,caracteristica_18912,caracteristica_18913,caracteristica_18914,caracteristica_18915,caracteristica_18916,caracteristica_18917,caracteristica_18918,caracteristica_18919,caracteristica_18920,caracteristica_18921,caracteristica_18922,caracteristica_18923,caracteristica_18924,caracteristica_18925,caracteristica_18926,caracteristica_18927,caracteristica_18928,caracteristica_18929,caracteristica_18930,caracteristica_18931,caracteristica_18932,caracteristica_18933,caracteristica_18934,caracteristica_18935,caracteristica_18936,caracteristica_18937,caracteristica_18938,caracteristica_18939,caracteristica_18940,caracteristica_18941,caracteristica_18942,caracteristica_18943,caracteristica_18944,caracteristica_18945,caracteristica_18946,caracteristica_18947,caracteristica_18948,caracteristica_18949,caracteristica_18950,caracteristica_18951,caracteristica_18952,caracteristica_18953,caracteristica_18954,caracteristica_18955,caracteristica_18956,caracteristica_18957,caracteristica_18958,caracteristica_18959,caracteristica_18960,caracteristica_18961,caracteristica_18962,caracteristica_18963,caracteristica_18964,caracteristica_18965,caracteristica_18966,caracteristica_18967,caracteristica_18968,caracteristica_18969,caracteristica_18970,caracteristica_18971,caracteristica_18972,caracteristica_18973,caracteristica_18974,caracteristica_18975,caracteristica_18976,caracteristica_18977,caracteristica_18978,caracteristica_18979,caracteristica_18980,caracteristica_18981,caracteristica_18982,caracteristica_18983,caracteristica_18984,caracteristica_18985,caracteristica_18986,caracteristica_18987,caracteristica_18988,caracteristica_18989,caracteristica_18990,caracteristica_18991,caracteristica_18992,caracteristica_18993,caracteristica_18994,caracteristica_18995,caracteristica_18996,caracteristica_18997,caracteristica_18998,caracteristica_18999,caracteristica_19000,caracteristica_19001,caracteristica_19002,caracteristica_19003,caracteristica_19004,caracteristica_19005,caracteristica_19006,caracteristica_19007,caracteristica_19008,caracteristica_19009,caracteristica_19010,caracteristica_19011,caracteristica_19012,caracteristica_19013,caracteristica_19014,caracteristica_19015,caracteristica_19016,caracteristica_19017,caracteristica_19018,caracteristica_19019,caracteristica_19020,caracteristica_19021,caracteristica_19022,caracteristica_19023,caracteristica_19024,caracteristica_19025,caracteristica_19026,caracteristica_19027,caracteristica_19028,caracteristica_19029,caracteristica_19030,caracteristica_19031,caracteristica_19032,caracteristica_19033,caracteristica_19034,caracteristica_19035,caracteristica_19036,caracteristica_19037,caracteristica_19038,caracteristica_19039,caracteristica_19040,caracteristica_19041,caracteristica_19042,caracteristica_19043,caracteristica_19044,caracteristica_19045,caracteristica_19046,caracteristica_19047,caracteristica_19048,caracteristica_19049,caracteristica_19050,caracteristica_19051,caracteristica_19052,caracteristica_19053,caracteristica_19054,caracteristica_19055,caracteristica_19056,caracteristica_19057,caracteristica_19058,caracteristica_19059,caracteristica_19060,caracteristica_19061,caracteristica_19062,caracteristica_19063,caracteristica_19064,caracteristica_19065,caracteristica_19066,caracteristica_19067,caracteristica_19068,caracteristica_19069,caracteristica_19070,caracteristica_19071,caracteristica_19072,caracteristica_19073,caracteristica_19074,caracteristica_19075,caracteristica_19076,caracteristica_19077,caracteristica_19078,caracteristica_19079,caracteristica_19080,caracteristica_19081,caracteristica_19082,caracteristica_19083,caracteristica_19084,caracteristica_19085,caracteristica_19086,caracteristica_19087,caracteristica_19088,caracteristica_19089,caracteristica_19090,caracteristica_19091,caracteristica_19092,caracteristica_19093,caracteristica_19094,caracteristica_19095,caracteristica_19096,caracteristica_19097,caracteristica_19098,caracteristica_19099,caracteristica_19100,caracteristica_19101,caracteristica_19102,caracteristica_19103,caracteristica_19104,caracteristica_19105,caracteristica_19106,caracteristica_19107,caracteristica_19108,caracteristica_19109,caracteristica_19110,caracteristica_19111,caracteristica_19112,caracteristica_19113,caracteristica_19114,caracteristica_19115,caracteristica_19116,caracteristica_19117,caracteristica_19118,caracteristica_19119,caracteristica_19120,caracteristica_19121,caracteristica_19122,caracteristica_19123,caracteristica_19124,caracteristica_19125,caracteristica_19126,caracteristica_19127,caracteristica_19128,caracteristica_19129,caracteristica_19130,caracteristica_19131,caracteristica_19132,caracteristica_19133,caracteristica_19134,caracteristica_19135,caracteristica_19136,caracteristica_19137,caracteristica_19138,caracteristica_19139,caracteristica_19140,caracteristica_19141,caracteristica_19142,caracteristica_19143,caracteristica_19144,caracteristica_19145,caracteristica_19146,caracteristica_19147,caracteristica_19148,caracteristica_19149,caracteristica_19150,caracteristica_19151,caracteristica_19152,caracteristica_19153,caracteristica_19154,caracteristica_19155,caracteristica_19156,caracteristica_19157,caracteristica_19158,caracteristica_19159,caracteristica_19160,caracteristica_19161,caracteristica_19162,caracteristica_19163,caracteristica_19164,caracteristica_19165,caracteristica_19166,caracteristica_19167,caracteristica_19168,caracteristica_19169,caracteristica_19170,caracteristica_19171,caracteristica_19172,caracteristica_19173,caracteristica_19174,caracteristica_19175,caracteristica_19176,caracteristica_19177,caracteristica_19178,caracteristica_19179,caracteristica_19180,caracteristica_19181,caracteristica_19182,caracteristica_19183,caracteristica_19184,caracteristica_19185,caracteristica_19186,caracteristica_19187,caracteristica_19188,caracteristica_19189,caracteristica_19190,caracteristica_19191,caracteristica_19192,caracteristica_19193,caracteristica_19194,caracteristica_19195,caracteristica_19196,caracteristica_19197,caracteristica_19198,caracteristica_19199,caracteristica_19200,caracteristica_19201,caracteristica_19202,caracteristica_19203,caracteristica_19204,caracteristica_19205,caracteristica_19206,caracteristica_19207,caracteristica_19208,caracteristica_19209,caracteristica_19210,caracteristica_19211,caracteristica_19212,caracteristica_19213,caracteristica_19214,caracteristica_19215,caracteristica_19216,caracteristica_19217,caracteristica_19218,caracteristica_19219,caracteristica_19220,caracteristica_19221,caracteristica_19222,caracteristica_19223,caracteristica_19224,caracteristica_19225,caracteristica_19226,caracteristica_19227,caracteristica_19228,caracteristica_19229,caracteristica_19230,caracteristica_19231,caracteristica_19232,caracteristica_19233,caracteristica_19234,caracteristica_19235,caracteristica_19236,caracteristica_19237,caracteristica_19238,caracteristica_19239,caracteristica_19240,caracteristica_19241,caracteristica_19242,caracteristica_19243,caracteristica_19244,caracteristica_19245,caracteristica_19246,caracteristica_19247,caracteristica_19248,caracteristica_19249,caracteristica_19250,caracteristica_19251,caracteristica_19252,caracteristica_19253,caracteristica_19254,caracteristica_19255,caracteristica_19256,caracteristica_19257,caracteristica_19258,caracteristica_19259,caracteristica_19260,caracteristica_19261,caracteristica_19262,caracteristica_19263,caracteristica_19264,caracteristica_19265,caracteristica_19266,caracteristica_19267,caracteristica_19268,caracteristica_19269,caracteristica_19270,caracteristica_19271,caracteristica_19272,caracteristica_19273,caracteristica_19274,caracteristica_19275,caracteristica_19276,caracteristica_19277,caracteristica_19278,caracteristica_19279,caracteristica_19280,caracteristica_19281,caracteristica_19282,caracteristica_19283,caracteristica_19284,caracteristica_19285,caracteristica_19286,caracteristica_19287,caracteristica_19288,caracteristica_19289,caracteristica_19290,caracteristica_19291,caracteristica_19292,caracteristica_19293,caracteristica_19294,caracteristica_19295,caracteristica_19296,caracteristica_19297,caracteristica_19298,caracteristica_19299,caracteristica_19300,caracteristica_19301,caracteristica_19302,caracteristica_19303,caracteristica_19304,caracteristica_19305,caracteristica_19306,caracteristica_19307,caracteristica_19308,caracteristica_19309,caracteristica_19310,caracteristica_19311,caracteristica_19312,caracteristica_19313,caracteristica_19314,caracteristica_19315,caracteristica_19316,caracteristica_19317,caracteristica_19318,caracteristica_19319,caracteristica_19320,caracteristica_19321,caracteristica_19322,caracteristica_19323,caracteristica_19324,caracteristica_19325,caracteristica_19326,caracteristica_19327,caracteristica_19328,caracteristica_19329,caracteristica_19330,caracteristica_19331,caracteristica_19332,caracteristica_19333,caracteristica_19334,caracteristica_19335,caracteristica_19336,caracteristica_19337,caracteristica_19338,caracteristica_19339,caracteristica_19340,caracteristica_19341,caracteristica_19342,caracteristica_19343,caracteristica_19344,caracteristica_19345,caracteristica_19346,caracteristica_19347,caracteristica_19348,caracteristica_19349,caracteristica_19350,caracteristica_19351,caracteristica_19352,caracteristica_19353,caracteristica_19354,caracteristica_19355,caracteristica_19356,caracteristica_19357,caracteristica_19358,caracteristica_19359,caracteristica_19360,caracteristica_19361,caracteristica_19362,caracteristica_19363,caracteristica_19364,caracteristica_19365,caracteristica_19366,caracteristica_19367,caracteristica_19368,caracteristica_19369,caracteristica_19370,caracteristica_19371,caracteristica_19372,caracteristica_19373,caracteristica_19374,caracteristica_19375,caracteristica_19376,caracteristica_19377,caracteristica_19378,caracteristica_19379,caracteristica_19380,caracteristica_19381,caracteristica_19382,caracteristica_19383,caracteristica_19384,caracteristica_19385,caracteristica_19386,caracteristica_19387,caracteristica_19388,caracteristica_19389,caracteristica_19390,caracteristica_19391,caracteristica_19392,caracteristica_19393,caracteristica_19394,caracteristica_19395,caracteristica_19396,caracteristica_19397,caracteristica_19398,caracteristica_19399,caracteristica_19400,caracteristica_19401,caracteristica_19402,caracteristica_19403,caracteristica_19404,caracteristica_19405,caracteristica_19406,caracteristica_19407,caracteristica_19408,caracteristica_19409,caracteristica_19410,caracteristica_19411,caracteristica_19412,caracteristica_19413,caracteristica_19414,caracteristica_19415,caracteristica_19416,caracteristica_19417,caracteristica_19418,caracteristica_19419,caracteristica_19420,caracteristica_19421,caracteristica_19422,caracteristica_19423,caracteristica_19424,caracteristica_19425,caracteristica_19426,caracteristica_19427,caracteristica_19428,caracteristica_19429,caracteristica_19430,caracteristica_19431,caracteristica_19432,caracteristica_19433,caracteristica_19434,caracteristica_19435,caracteristica_19436,caracteristica_19437,caracteristica_19438,caracteristica_19439,caracteristica_19440,caracteristica_19441,caracteristica_19442,caracteristica_19443,caracteristica_19444,caracteristica_19445,caracteristica_19446,caracteristica_19447,caracteristica_19448,caracteristica_19449,caracteristica_19450,caracteristica_19451,caracteristica_19452,caracteristica_19453,caracteristica_19454,caracteristica_19455,caracteristica_19456,caracteristica_19457,caracteristica_19458,caracteristica_19459,caracteristica_19460,caracteristica_19461,caracteristica_19462,caracteristica_19463,caracteristica_19464,caracteristica_19465,caracteristica_19466,caracteristica_19467,caracteristica_19468,caracteristica_19469,caracteristica_19470,caracteristica_19471,caracteristica_19472,caracteristica_19473,caracteristica_19474,caracteristica_19475,caracteristica_19476,caracteristica_19477,caracteristica_19478,caracteristica_19479,caracteristica_19480,caracteristica_19481,caracteristica_19482,caracteristica_19483,caracteristica_19484,caracteristica_19485,caracteristica_19486,caracteristica_19487,caracteristica_19488,caracteristica_19489,caracteristica_19490,caracteristica_19491,caracteristica_19492,caracteristica_19493,caracteristica_19494,caracteristica_19495,caracteristica_19496,caracteristica_19497,caracteristica_19498,caracteristica_19499,caracteristica_19500,caracteristica_19501,caracteristica_19502,caracteristica_19503,caracteristica_19504,caracteristica_19505,caracteristica_19506,caracteristica_19507,caracteristica_19508,caracteristica_19509,caracteristica_19510,caracteristica_19511,caracteristica_19512,caracteristica_19513,caracteristica_19514,caracteristica_19515,caracteristica_19516,caracteristica_19517,caracteristica_19518,caracteristica_19519,caracteristica_19520,caracteristica_19521,caracteristica_19522,caracteristica_19523,caracteristica_19524,caracteristica_19525,caracteristica_19526,caracteristica_19527,caracteristica_19528,caracteristica_19529,caracteristica_19530,caracteristica_19531,caracteristica_19532,caracteristica_19533,caracteristica_19534,caracteristica_19535,caracteristica_19536,caracteristica_19537,caracteristica_19538,caracteristica_19539,caracteristica_19540,caracteristica_19541,caracteristica_19542,caracteristica_19543,caracteristica_19544,caracteristica_19545,caracteristica_19546,caracteristica_19547,caracteristica_19548,caracteristica_19549,caracteristica_19550,caracteristica_19551,caracteristica_19552,caracteristica_19553,caracteristica_19554,caracteristica_19555,caracteristica_19556,caracteristica_19557,caracteristica_19558,caracteristica_19559,caracteristica_19560,caracteristica_19561,caracteristica_19562,caracteristica_19563,caracteristica_19564,caracteristica_19565,caracteristica_19566,caracteristica_19567,caracteristica_19568,caracteristica_19569,caracteristica_19570,caracteristica_19571,caracteristica_19572,caracteristica_19573,caracteristica_19574,caracteristica_19575,caracteristica_19576,caracteristica_19577,caracteristica_19578,caracteristica_19579,caracteristica_19580,caracteristica_19581,caracteristica_19582,caracteristica_19583,caracteristica_19584,caracteristica_19585,caracteristica_19586,caracteristica_19587,caracteristica_19588,caracteristica_19589,caracteristica_19590,caracteristica_19591,caracteristica_19592,caracteristica_19593,caracteristica_19594,caracteristica_19595,caracteristica_19596,caracteristica_19597,caracteristica_19598,caracteristica_19599,caracteristica_19600,caracteristica_19601,caracteristica_19602,caracteristica_19603,caracteristica_19604,caracteristica_19605,caracteristica_19606,caracteristica_19607,caracteristica_19608,caracteristica_19609,caracteristica_19610,caracteristica_19611,caracteristica_19612,caracteristica_19613,caracteristica_19614,caracteristica_19615,caracteristica_19616,caracteristica_19617,caracteristica_19618,caracteristica_19619,caracteristica_19620,caracteristica_19621,caracteristica_19622,caracteristica_19623,caracteristica_19624,caracteristica_19625,caracteristica_19626,caracteristica_19627,caracteristica_19628,caracteristica_19629,caracteristica_19630,caracteristica_19631,caracteristica_19632,caracteristica_19633,caracteristica_19634,caracteristica_19635,caracteristica_19636,caracteristica_19637,caracteristica_19638,caracteristica_19639,caracteristica_19640,caracteristica_19641,caracteristica_19642,caracteristica_19643,caracteristica_19644,caracteristica_19645,caracteristica_19646,caracteristica_19647,caracteristica_19648,caracteristica_19649,caracteristica_19650,caracteristica_19651,caracteristica_19652,caracteristica_19653,caracteristica_19654,caracteristica_19655,caracteristica_19656,caracteristica_19657,caracteristica_19658,caracteristica_19659,caracteristica_19660,caracteristica_19661,caracteristica_19662,caracteristica_19663,caracteristica_19664,caracteristica_19665,caracteristica_19666,caracteristica_19667,caracteristica_19668,caracteristica_19669,caracteristica_19670,caracteristica_19671,caracteristica_19672,caracteristica_19673,caracteristica_19674,caracteristica_19675,caracteristica_19676,caracteristica_19677,caracteristica_19678,caracteristica_19679,caracteristica_19680,caracteristica_19681,caracteristica_19682,caracteristica_19683,caracteristica_19684,caracteristica_19685,caracteristica_19686,caracteristica_19687,caracteristica_19688,caracteristica_19689,caracteristica_19690,caracteristica_19691,caracteristica_19692,caracteristica_19693,caracteristica_19694,caracteristica_19695,caracteristica_19696,caracteristica_19697,caracteristica_19698,caracteristica_19699,caracteristica_19700,caracteristica_19701,caracteristica_19702,caracteristica_19703,caracteristica_19704,caracteristica_19705,caracteristica_19706,caracteristica_19707,caracteristica_19708,caracteristica_19709,caracteristica_19710,caracteristica_19711,caracteristica_19712,caracteristica_19713,caracteristica_19714,caracteristica_19715,caracteristica_19716,caracteristica_19717,caracteristica_19718,caracteristica_19719,caracteristica_19720,caracteristica_19721,caracteristica_19722,caracteristica_19723,caracteristica_19724,caracteristica_19725,caracteristica_19726,caracteristica_19727,caracteristica_19728,caracteristica_19729,caracteristica_19730,caracteristica_19731,caracteristica_19732,caracteristica_19733,caracteristica_19734,caracteristica_19735,caracteristica_19736,caracteristica_19737,caracteristica_19738,caracteristica_19739,caracteristica_19740,caracteristica_19741,caracteristica_19742,caracteristica_19743,caracteristica_19744,caracteristica_19745,caracteristica_19746,caracteristica_19747,caracteristica_19748,caracteristica_19749,caracteristica_19750,caracteristica_19751,caracteristica_19752,caracteristica_19753,caracteristica_19754,caracteristica_19755,caracteristica_19756,caracteristica_19757,caracteristica_19758,caracteristica_19759,caracteristica_19760,caracteristica_19761,caracteristica_19762,caracteristica_19763,caracteristica_19764,caracteristica_19765,caracteristica_19766,caracteristica_19767,caracteristica_19768,caracteristica_19769,caracteristica_19770,caracteristica_19771,caracteristica_19772,caracteristica_19773,caracteristica_19774,caracteristica_19775,caracteristica_19776,caracteristica_19777,caracteristica_19778,caracteristica_19779,caracteristica_19780,caracteristica_19781,caracteristica_19782,caracteristica_19783,caracteristica_19784,caracteristica_19785,caracteristica_19786,caracteristica_19787,caracteristica_19788,caracteristica_19789,caracteristica_19790,caracteristica_19791,caracteristica_19792,caracteristica_19793,caracteristica_19794,caracteristica_19795,caracteristica_19796,caracteristica_19797,caracteristica_19798,caracteristica_19799,caracteristica_19800,caracteristica_19801,caracteristica_19802,caracteristica_19803,caracteristica_19804,caracteristica_19805,caracteristica_19806,caracteristica_19807,caracteristica_19808,caracteristica_19809,caracteristica_19810,caracteristica_19811,caracteristica_19812,caracteristica_19813,caracteristica_19814,caracteristica_19815,caracteristica_19816,caracteristica_19817,caracteristica_19818,caracteristica_19819,caracteristica_19820,caracteristica_19821,caracteristica_19822,caracteristica_19823,caracteristica_19824,caracteristica_19825,caracteristica_19826,caracteristica_19827,caracteristica_19828,caracteristica_19829,caracteristica_19830,caracteristica_19831,caracteristica_19832,caracteristica_19833,caracteristica_19834,caracteristica_19835,caracteristica_19836,caracteristica_19837,caracteristica_19838,caracteristica_19839,caracteristica_19840,caracteristica_19841,caracteristica_19842,caracteristica_19843,caracteristica_19844,caracteristica_19845,caracteristica_19846,caracteristica_19847,caracteristica_19848,caracteristica_19849,caracteristica_19850,caracteristica_19851,caracteristica_19852,caracteristica_19853,caracteristica_19854,caracteristica_19855,caracteristica_19856,caracteristica_19857,caracteristica_19858,caracteristica_19859,caracteristica_19860,caracteristica_19861,caracteristica_19862,caracteristica_19863,caracteristica_19864,caracteristica_19865,caracteristica_19866,caracteristica_19867,caracteristica_19868,caracteristica_19869,caracteristica_19870,caracteristica_19871,caracteristica_19872,caracteristica_19873,caracteristica_19874,caracteristica_19875,caracteristica_19876,caracteristica_19877,caracteristica_19878,caracteristica_19879,caracteristica_19880,caracteristica_19881,caracteristica_19882,caracteristica_19883,caracteristica_19884,caracteristica_19885,caracteristica_19886,caracteristica_19887,caracteristica_19888,caracteristica_19889,caracteristica_19890,caracteristica_19891,caracteristica_19892,caracteristica_19893,caracteristica_19894,caracteristica_19895,caracteristica_19896,caracteristica_19897,caracteristica_19898,caracteristica_19899,caracteristica_19900,caracteristica_19901,caracteristica_19902,caracteristica_19903,caracteristica_19904,caracteristica_19905,caracteristica_19906,caracteristica_19907,caracteristica_19908,caracteristica_19909,caracteristica_19910,caracteristica_19911,caracteristica_19912,caracteristica_19913,caracteristica_19914,caracteristica_19915,caracteristica_19916,caracteristica_19917,caracteristica_19918,caracteristica_19919,caracteristica_19920,caracteristica_19921,caracteristica_19922,caracteristica_19923,caracteristica_19924,caracteristica_19925,caracteristica_19926,caracteristica_19927,caracteristica_19928,caracteristica_19929,caracteristica_19930,caracteristica_19931,caracteristica_19932,caracteristica_19933,caracteristica_19934,caracteristica_19935,caracteristica_19936,caracteristica_19937,caracteristica_19938,caracteristica_19939,caracteristica_19940,caracteristica_19941,caracteristica_19942,caracteristica_19943,caracteristica_19944,caracteristica_19945,caracteristica_19946,caracteristica_19947,caracteristica_19948,caracteristica_19949,caracteristica_19950,caracteristica_19951,caracteristica_19952,caracteristica_19953,caracteristica_19954,caracteristica_19955,caracteristica_19956,caracteristica_19957,caracteristica_19958,caracteristica_19959,caracteristica_19960,caracteristica_19961,caracteristica_19962,caracteristica_19963,caracteristica_19964,caracteristica_19965,caracteristica_19966,caracteristica_19967,caracteristica_19968,caracteristica_19969,caracteristica_19970,caracteristica_19971,caracteristica_19972,caracteristica_19973,caracteristica_19974,caracteristica_19975,caracteristica_19976,caracteristica_19977,caracteristica_19978,caracteristica_19979,caracteristica_19980,caracteristica_19981,caracteristica_19982,caracteristica_19983,caracteristica_19984,caracteristica_19985,caracteristica_19986,caracteristica_19987,caracteristica_19988,caracteristica_19989,caracteristica_19990,caracteristica_19991,caracteristica_19992,caracteristica_19993,caracteristica_19994,caracteristica_19995,caracteristica_19996,caracteristica_19997,caracteristica_19998,caracteristica_19999,caracteristica_20000,caracteristica_20001,caracteristica_20002,caracteristica_20003,caracteristica_20004,caracteristica_20005,caracteristica_20006,caracteristica_20007,caracteristica_20008,caracteristica_20009,caracteristica_20010,caracteristica_20011,caracteristica_20012,caracteristica_20013,caracteristica_20014,caracteristica_20015,caracteristica_20016,caracteristica_20017,caracteristica_20018,caracteristica_20019,caracteristica_20020,caracteristica_20021,caracteristica_20022,caracteristica_20023,caracteristica_20024,caracteristica_20025,caracteristica_20026,caracteristica_20027,caracteristica_20028,caracteristica_20029,caracteristica_20030,caracteristica_20031,caracteristica_20032,caracteristica_20033,caracteristica_20034,caracteristica_20035,caracteristica_20036,caracteristica_20037,caracteristica_20038,caracteristica_20039,caracteristica_20040,caracteristica_20041,caracteristica_20042,caracteristica_20043,caracteristica_20044,caracteristica_20045,caracteristica_20046,caracteristica_20047,caracteristica_20048,caracteristica_20049,caracteristica_20050,caracteristica_20051,caracteristica_20052,caracteristica_20053,caracteristica_20054,caracteristica_20055,caracteristica_20056,caracteristica_20057,caracteristica_20058,caracteristica_20059,caracteristica_20060,caracteristica_20061,caracteristica_20062,caracteristica_20063,caracteristica_20064,caracteristica_20065,caracteristica_20066,caracteristica_20067,caracteristica_20068,caracteristica_20069,caracteristica_20070,caracteristica_20071,caracteristica_20072,caracteristica_20073,caracteristica_20074,caracteristica_20075,caracteristica_20076,caracteristica_20077,caracteristica_20078,caracteristica_20079,caracteristica_20080,caracteristica_20081,caracteristica_20082,caracteristica_20083,caracteristica_20084,caracteristica_20085,caracteristica_20086,caracteristica_20087,caracteristica_20088,caracteristica_20089,caracteristica_20090,caracteristica_20091,caracteristica_20092,caracteristica_20093,caracteristica_20094,caracteristica_20095,caracteristica_20096,caracteristica_20097,caracteristica_20098,caracteristica_20099,caracteristica_20100,caracteristica_20101,caracteristica_20102,caracteristica_20103,caracteristica_20104,caracteristica_20105,caracteristica_20106,caracteristica_20107,caracteristica_20108,caracteristica_20109,caracteristica_20110,caracteristica_20111,caracteristica_20112,caracteristica_20113,caracteristica_20114,caracteristica_20115,caracteristica_20116,caracteristica_20117,caracteristica_20118,caracteristica_20119,caracteristica_20120,caracteristica_20121,caracteristica_20122,caracteristica_20123,caracteristica_20124,caracteristica_20125,caracteristica_20126,caracteristica_20127,caracteristica_20128,caracteristica_20129,caracteristica_20130,caracteristica_20131,caracteristica_20132,caracteristica_20133,caracteristica_20134,caracteristica_20135,caracteristica_20136,caracteristica_20137,caracteristica_20138,caracteristica_20139,caracteristica_20140,caracteristica_20141,caracteristica_20142,caracteristica_20143,caracteristica_20144,caracteristica_20145,caracteristica_20146,caracteristica_20147,caracteristica_20148,caracteristica_20149,caracteristica_20150,caracteristica_20151,caracteristica_20152,caracteristica_20153,caracteristica_20154,caracteristica_20155,caracteristica_20156,caracteristica_20157,caracteristica_20158,caracteristica_20159,caracteristica_20160,caracteristica_20161,caracteristica_20162,caracteristica_20163,caracteristica_20164,caracteristica_20165,caracteristica_20166,caracteristica_20167,caracteristica_20168,caracteristica_20169,caracteristica_20170,caracteristica_20171,caracteristica_20172,caracteristica_20173,caracteristica_20174,caracteristica_20175,caracteristica_20176,caracteristica_20177,caracteristica_20178,caracteristica_20179,caracteristica_20180,caracteristica_20181,caracteristica_20182,caracteristica_20183,caracteristica_20184,caracteristica_20185,caracteristica_20186,caracteristica_20187,caracteristica_20188,caracteristica_20189,caracteristica_20190,caracteristica_20191,caracteristica_20192,caracteristica_20193,caracteristica_20194,caracteristica_20195,caracteristica_20196,caracteristica_20197,caracteristica_20198,caracteristica_20199,caracteristica_20200,caracteristica_20201,caracteristica_20202,caracteristica_20203,caracteristica_20204,caracteristica_20205,caracteristica_20206,caracteristica_20207,caracteristica_20208,caracteristica_20209,caracteristica_20210,caracteristica_20211,caracteristica_20212,caracteristica_20213,caracteristica_20214,caracteristica_20215,caracteristica_20216,caracteristica_20217,caracteristica_20218,caracteristica_20219,caracteristica_20220,caracteristica_20221,caracteristica_20222,caracteristica_20223,caracteristica_20224,caracteristica_20225,caracteristica_20226,caracteristica_20227,caracteristica_20228,caracteristica_20229,caracteristica_20230,caracteristica_20231,caracteristica_20232,caracteristica_20233,caracteristica_20234,caracteristica_20235,caracteristica_20236,caracteristica_20237,caracteristica_20238,caracteristica_20239,caracteristica_20240,caracteristica_20241,caracteristica_20242,caracteristica_20243,caracteristica_20244,caracteristica_20245,caracteristica_20246,caracteristica_20247,caracteristica_20248,caracteristica_20249,caracteristica_20250,caracteristica_20251,caracteristica_20252,caracteristica_20253,caracteristica_20254,caracteristica_20255,caracteristica_20256,caracteristica_20257,caracteristica_20258,caracteristica_20259,caracteristica_20260,caracteristica_20261,caracteristica_20262,caracteristica_20263,caracteristica_20264,caracteristica_20265,caracteristica_20266,caracteristica_20267,caracteristica_20268,caracteristica_20269,caracteristica_20270,caracteristica_20271,caracteristica_20272,caracteristica_20273,caracteristica_20274,caracteristica_20275,caracteristica_20276,caracteristica_20277,caracteristica_20278,caracteristica_20279,caracteristica_20280,caracteristica_20281,caracteristica_20282,caracteristica_20283,caracteristica_20284,caracteristica_20285,caracteristica_20286,caracteristica_20287,caracteristica_20288,caracteristica_20289,caracteristica_20290,caracteristica_20291,caracteristica_20292,caracteristica_20293,caracteristica_20294,caracteristica_20295,caracteristica_20296,caracteristica_20297,caracteristica_20298,caracteristica_20299,caracteristica_20300,caracteristica_20301,caracteristica_20302,caracteristica_20303,caracteristica_20304,caracteristica_20305,caracteristica_20306,caracteristica_20307,caracteristica_20308,caracteristica_20309,caracteristica_20310,caracteristica_20311,caracteristica_20312,caracteristica_20313,caracteristica_20314,caracteristica_20315,caracteristica_20316,caracteristica_20317,caracteristica_20318,caracteristica_20319,caracteristica_20320,caracteristica_20321,caracteristica_20322,caracteristica_20323,caracteristica_20324,caracteristica_20325,caracteristica_20326,caracteristica_20327,caracteristica_20328,caracteristica_20329,caracteristica_20330,caracteristica_20331,caracteristica_20332,caracteristica_20333,caracteristica_20334,caracteristica_20335,caracteristica_20336,caracteristica_20337,caracteristica_20338,caracteristica_20339,caracteristica_20340,caracteristica_20341,caracteristica_20342,caracteristica_20343,caracteristica_20344,caracteristica_20345,caracteristica_20346,caracteristica_20347,caracteristica_20348,caracteristica_20349,caracteristica_20350,caracteristica_20351,caracteristica_20352,caracteristica_20353,caracteristica_20354,caracteristica_20355,caracteristica_20356,caracteristica_20357,caracteristica_20358,caracteristica_20359,caracteristica_20360,caracteristica_20361,caracteristica_20362,caracteristica_20363,caracteristica_20364,caracteristica_20365,caracteristica_20366,caracteristica_20367,caracteristica_20368,caracteristica_20369,caracteristica_20370,caracteristica_20371,caracteristica_20372,caracteristica_20373,caracteristica_20374,caracteristica_20375,caracteristica_20376,caracteristica_20377,caracteristica_20378,caracteristica_20379,caracteristica_20380,caracteristica_20381,caracteristica_20382,caracteristica_20383,caracteristica_20384,caracteristica_20385,caracteristica_20386,caracteristica_20387,caracteristica_20388,caracteristica_20389,caracteristica_20390,caracteristica_20391,caracteristica_20392,caracteristica_20393,caracteristica_20394,caracteristica_20395,caracteristica_20396,caracteristica_20397,caracteristica_20398,caracteristica_20399,caracteristica_20400,caracteristica_20401,caracteristica_20402,caracteristica_20403,caracteristica_20404,caracteristica_20405,caracteristica_20406,caracteristica_20407,caracteristica_20408,caracteristica_20409,caracteristica_20410,caracteristica_20411,caracteristica_20412,caracteristica_20413,caracteristica_20414,caracteristica_20415,caracteristica_20416,caracteristica_20417,caracteristica_20418,caracteristica_20419,caracteristica_20420,caracteristica_20421,caracteristica_20422,caracteristica_20423,caracteristica_20424,caracteristica_20425,caracteristica_20426,caracteristica_20427,caracteristica_20428,caracteristica_20429,caracteristica_20430,caracteristica_20431,caracteristica_20432,caracteristica_20433,caracteristica_20434,caracteristica_20435,caracteristica_20436,caracteristica_20437,caracteristica_20438,caracteristica_20439,caracteristica_20440,caracteristica_20441,caracteristica_20442,caracteristica_20443,caracteristica_20444,caracteristica_20445,caracteristica_20446,caracteristica_20447,caracteristica_20448,caracteristica_20449,caracteristica_20450,caracteristica_20451,caracteristica_20452,caracteristica_20453,caracteristica_20454,caracteristica_20455,caracteristica_20456,caracteristica_20457,caracteristica_20458,caracteristica_20459,caracteristica_20460,caracteristica_20461,caracteristica_20462,caracteristica_20463,caracteristica_20464,caracteristica_20465,caracteristica_20466,caracteristica_20467,caracteristica_20468,caracteristica_20469,caracteristica_20470,caracteristica_20471,caracteristica_20472,caracteristica_20473,caracteristica_20474,caracteristica_20475,caracteristica_20476,caracteristica_20477,caracteristica_20478,caracteristica_20479,caracteristica_20480,caracteristica_20481,caracteristica_20482,caracteristica_20483,caracteristica_20484,caracteristica_20485,caracteristica_20486,caracteristica_20487,caracteristica_20488,caracteristica_20489,caracteristica_20490,caracteristica_20491,caracteristica_20492,caracteristica_20493,caracteristica_20494,caracteristica_20495,caracteristica_20496,caracteristica_20497,caracteristica_20498,caracteristica_20499,caracteristica_20500,caracteristica_20501,caracteristica_20502,caracteristica_20503,caracteristica_20504,caracteristica_20505,caracteristica_20506,caracteristica_20507,caracteristica_20508,caracteristica_20509,caracteristica_20510,caracteristica_20511,caracteristica_20512,caracteristica_20513,caracteristica_20514,caracteristica_20515,caracteristica_20516,caracteristica_20517,caracteristica_20518,caracteristica_20519,caracteristica_20520,caracteristica_20521,caracteristica_20522,caracteristica_20523,caracteristica_20524,caracteristica_20525,caracteristica_20526,caracteristica_20527,caracteristica_20528,caracteristica_20529,caracteristica_20530,caracteristica_20531,caracteristica_20532,caracteristica_20533,caracteristica_20534,caracteristica_20535,caracteristica_20536,caracteristica_20537,caracteristica_20538,caracteristica_20539,caracteristica_20540,caracteristica_20541,caracteristica_20542,caracteristica_20543,caracteristica_20544,caracteristica_20545,caracteristica_20546,caracteristica_20547,caracteristica_20548,caracteristica_20549,caracteristica_20550,caracteristica_20551,caracteristica_20552,caracteristica_20553,caracteristica_20554,caracteristica_20555,caracteristica_20556,caracteristica_20557,caracteristica_20558,caracteristica_20559,caracteristica_20560,caracteristica_20561,caracteristica_20562,caracteristica_20563,caracteristica_20564,caracteristica_20565,caracteristica_20566,caracteristica_20567,caracteristica_20568,caracteristica_20569,caracteristica_20570,caracteristica_20571,caracteristica_20572,caracteristica_20573,caracteristica_20574,caracteristica_20575,caracteristica_20576,caracteristica_20577,caracteristica_20578,caracteristica_20579,caracteristica_20580,caracteristica_20581,caracteristica_20582,caracteristica_20583,caracteristica_20584,caracteristica_20585,caracteristica_20586,caracteristica_20587,caracteristica_20588,caracteristica_20589,caracteristica_20590,caracteristica_20591,caracteristica_20592,caracteristica_20593,caracteristica_20594,caracteristica_20595,caracteristica_20596,caracteristica_20597,caracteristica_20598,caracteristica_20599,caracteristica_20600,caracteristica_20601,caracteristica_20602,caracteristica_20603,caracteristica_20604,caracteristica_20605,caracteristica_20606,caracteristica_20607,caracteristica_20608,caracteristica_20609,caracteristica_20610,caracteristica_20611,caracteristica_20612,caracteristica_20613,caracteristica_20614,caracteristica_20615,caracteristica_20616,caracteristica_20617,caracteristica_20618,caracteristica_20619,caracteristica_20620,caracteristica_20621,caracteristica_20622,caracteristica_20623,caracteristica_20624,caracteristica_20625,caracteristica_20626,caracteristica_20627,caracteristica_20628,caracteristica_20629,caracteristica_20630,caracteristica_20631,caracteristica_20632,caracteristica_20633,caracteristica_20634,caracteristica_20635,caracteristica_20636,caracteristica_20637,caracteristica_20638,caracteristica_20639,caracteristica_20640,caracteristica_20641,caracteristica_20642,caracteristica_20643,caracteristica_20644,caracteristica_20645,caracteristica_20646,caracteristica_20647,caracteristica_20648,caracteristica_20649,caracteristica_20650,caracteristica_20651,caracteristica_20652,caracteristica_20653,caracteristica_20654,caracteristica_20655,caracteristica_20656,caracteristica_20657,caracteristica_20658,caracteristica_20659,caracteristica_20660,caracteristica_20661,caracteristica_20662,caracteristica_20663,caracteristica_20664,caracteristica_20665,caracteristica_20666,caracteristica_20667,caracteristica_20668,caracteristica_20669,caracteristica_20670,caracteristica_20671,caracteristica_20672,caracteristica_20673,caracteristica_20674,caracteristica_20675,caracteristica_20676,caracteristica_20677,caracteristica_20678,caracteristica_20679,caracteristica_20680,caracteristica_20681,caracteristica_20682,caracteristica_20683,caracteristica_20684,caracteristica_20685,caracteristica_20686,caracteristica_20687,caracteristica_20688,caracteristica_20689,caracteristica_20690,caracteristica_20691,caracteristica_20692,caracteristica_20693,caracteristica_20694,caracteristica_20695,caracteristica_20696,caracteristica_20697,caracteristica_20698,caracteristica_20699,caracteristica_20700,caracteristica_20701,caracteristica_20702,caracteristica_20703,caracteristica_20704,caracteristica_20705,caracteristica_20706,caracteristica_20707,caracteristica_20708,caracteristica_20709,caracteristica_20710,caracteristica_20711,caracteristica_20712,caracteristica_20713,caracteristica_20714,caracteristica_20715,caracteristica_20716,caracteristica_20717,caracteristica_20718,caracteristica_20719,caracteristica_20720,caracteristica_20721,caracteristica_20722,caracteristica_20723,caracteristica_20724,caracteristica_20725,caracteristica_20726,caracteristica_20727,caracteristica_20728,caracteristica_20729,caracteristica_20730,caracteristica_20731,caracteristica_20732,caracteristica_20733,caracteristica_20734,caracteristica_20735,caracteristica_20736,caracteristica_20737,caracteristica_20738,caracteristica_20739,caracteristica_20740,caracteristica_20741,caracteristica_20742,caracteristica_20743,caracteristica_20744,caracteristica_20745,caracteristica_20746,caracteristica_20747,caracteristica_20748,caracteristica_20749,caracteristica_20750,caracteristica_20751,caracteristica_20752,caracteristica_20753,caracteristica_20754,caracteristica_20755,caracteristica_20756,caracteristica_20757,caracteristica_20758,caracteristica_20759,caracteristica_20760,caracteristica_20761,caracteristica_20762,caracteristica_20763,caracteristica_20764,caracteristica_20765,caracteristica_20766,caracteristica_20767,caracteristica_20768,caracteristica_20769,caracteristica_20770,caracteristica_20771,caracteristica_20772,caracteristica_20773,caracteristica_20774,caracteristica_20775,caracteristica_20776,caracteristica_20777,caracteristica_20778,caracteristica_20779,caracteristica_20780,caracteristica_20781,caracteristica_20782,caracteristica_20783,caracteristica_20784,caracteristica_20785,caracteristica_20786,caracteristica_20787,caracteristica_20788,caracteristica_20789,caracteristica_20790,caracteristica_20791,caracteristica_20792,caracteristica_20793,caracteristica_20794,caracteristica_20795,caracteristica_20796,caracteristica_20797,caracteristica_20798,caracteristica_20799,caracteristica_20800,caracteristica_20801,caracteristica_20802,caracteristica_20803,caracteristica_20804,caracteristica_20805,caracteristica_20806,caracteristica_20807,caracteristica_20808,caracteristica_20809,caracteristica_20810,caracteristica_20811,caracteristica_20812,caracteristica_20813,caracteristica_20814,caracteristica_20815,caracteristica_20816,caracteristica_20817,caracteristica_20818,caracteristica_20819,caracteristica_20820,caracteristica_20821,caracteristica_20822,caracteristica_20823,caracteristica_20824,caracteristica_20825,caracteristica_20826,caracteristica_20827,caracteristica_20828,caracteristica_20829,caracteristica_20830,caracteristica_20831,caracteristica_20832,caracteristica_20833,caracteristica_20834,caracteristica_20835,caracteristica_20836,caracteristica_20837,caracteristica_20838,caracteristica_20839,caracteristica_20840,caracteristica_20841,caracteristica_20842,caracteristica_20843,caracteristica_20844,caracteristica_20845,caracteristica_20846,caracteristica_20847,caracteristica_20848,caracteristica_20849,caracteristica_20850,caracteristica_20851,caracteristica_20852,caracteristica_20853,caracteristica_20854,caracteristica_20855,caracteristica_20856,caracteristica_20857,caracteristica_20858,caracteristica_20859,caracteristica_20860,caracteristica_20861,caracteristica_20862,caracteristica_20863,caracteristica_20864,caracteristica_20865,caracteristica_20866,caracteristica_20867,caracteristica_20868,caracteristica_20869,caracteristica_20870,caracteristica_20871,caracteristica_20872,caracteristica_20873,caracteristica_20874,caracteristica_20875,caracteristica_20876,caracteristica_20877,caracteristica_20878,caracteristica_20879,caracteristica_20880,caracteristica_20881,caracteristica_20882,caracteristica_20883,caracteristica_20884,caracteristica_20885,caracteristica_20886,caracteristica_20887,caracteristica_20888,caracteristica_20889,caracteristica_20890,caracteristica_20891,caracteristica_20892,caracteristica_20893,caracteristica_20894,caracteristica_20895,caracteristica_20896,caracteristica_20897,caracteristica_20898,caracteristica_20899,caracteristica_20900,caracteristica_20901,caracteristica_20902,caracteristica_20903,caracteristica_20904,caracteristica_20905,caracteristica_20906,caracteristica_20907,caracteristica_20908,caracteristica_20909,caracteristica_20910,caracteristica_20911,caracteristica_20912,caracteristica_20913,caracteristica_20914,caracteristica_20915,caracteristica_20916,caracteristica_20917,caracteristica_20918,caracteristica_20919,caracteristica_20920,caracteristica_20921,caracteristica_20922,caracteristica_20923,caracteristica_20924,caracteristica_20925,caracteristica_20926,caracteristica_20927,caracteristica_20928,caracteristica_20929,caracteristica_20930,caracteristica_20931,caracteristica_20932,caracteristica_20933,caracteristica_20934,caracteristica_20935,caracteristica_20936,caracteristica_20937,caracteristica_20938,caracteristica_20939,caracteristica_20940,caracteristica_20941,caracteristica_20942,caracteristica_20943,caracteristica_20944,caracteristica_20945,caracteristica_20946,caracteristica_20947,caracteristica_20948,caracteristica_20949,caracteristica_20950,caracteristica_20951,caracteristica_20952,caracteristica_20953,caracteristica_20954,caracteristica_20955,caracteristica_20956,caracteristica_20957,caracteristica_20958,caracteristica_20959,caracteristica_20960,caracteristica_20961,caracteristica_20962,caracteristica_20963,caracteristica_20964,caracteristica_20965,caracteristica_20966,caracteristica_20967,caracteristica_20968,caracteristica_20969,caracteristica_20970,caracteristica_20971,caracteristica_20972,caracteristica_20973,caracteristica_20974,caracteristica_20975,caracteristica_20976,caracteristica_20977,caracteristica_20978,caracteristica_20979,caracteristica_20980,caracteristica_20981,caracteristica_20982,caracteristica_20983,caracteristica_20984,caracteristica_20985,caracteristica_20986,caracteristica_20987,caracteristica_20988,caracteristica_20989,caracteristica_20990,caracteristica_20991,caracteristica_20992,caracteristica_20993,caracteristica_20994,caracteristica_20995,caracteristica_20996,caracteristica_20997,caracteristica_20998,caracteristica_20999,caracteristica_21000,caracteristica_21001,caracteristica_21002,caracteristica_21003,caracteristica_21004,caracteristica_21005,caracteristica_21006,caracteristica_21007,caracteristica_21008,caracteristica_21009,caracteristica_21010,caracteristica_21011,caracteristica_21012,caracteristica_21013,caracteristica_21014,caracteristica_21015,caracteristica_21016,caracteristica_21017,caracteristica_21018,caracteristica_21019,caracteristica_21020,caracteristica_21021,caracteristica_21022,caracteristica_21023,caracteristica_21024,caracteristica_21025,caracteristica_21026,caracteristica_21027,caracteristica_21028,caracteristica_21029,caracteristica_21030,caracteristica_21031,caracteristica_21032,caracteristica_21033,caracteristica_21034,caracteristica_21035,caracteristica_21036,caracteristica_21037,caracteristica_21038,caracteristica_21039,caracteristica_21040,caracteristica_21041,caracteristica_21042,caracteristica_21043,caracteristica_21044,caracteristica_21045,caracteristica_21046,caracteristica_21047,caracteristica_21048,caracteristica_21049,caracteristica_21050,caracteristica_21051,caracteristica_21052,caracteristica_21053,caracteristica_21054,caracteristica_21055,caracteristica_21056,caracteristica_21057,caracteristica_21058,caracteristica_21059,caracteristica_21060,caracteristica_21061,caracteristica_21062,caracteristica_21063,caracteristica_21064,caracteristica_21065,caracteristica_21066,caracteristica_21067,caracteristica_21068,caracteristica_21069,caracteristica_21070,caracteristica_21071,caracteristica_21072,caracteristica_21073,caracteristica_21074,caracteristica_21075,caracteristica_21076,caracteristica_21077,caracteristica_21078,caracteristica_21079,caracteristica_21080,caracteristica_21081,caracteristica_21082,caracteristica_21083,caracteristica_21084,caracteristica_21085,caracteristica_21086,caracteristica_21087,caracteristica_21088,caracteristica_21089,caracteristica_21090,caracteristica_21091,caracteristica_21092,caracteristica_21093,caracteristica_21094,caracteristica_21095,caracteristica_21096,caracteristica_21097,caracteristica_21098,caracteristica_21099,caracteristica_21100,caracteristica_21101,caracteristica_21102,caracteristica_21103,caracteristica_21104,caracteristica_21105,caracteristica_21106,caracteristica_21107,caracteristica_21108,caracteristica_21109,caracteristica_21110,caracteristica_21111,caracteristica_21112,caracteristica_21113,caracteristica_21114,caracteristica_21115,caracteristica_21116,caracteristica_21117,caracteristica_21118,caracteristica_21119,caracteristica_21120,caracteristica_21121,caracteristica_21122,caracteristica_21123,caracteristica_21124,caracteristica_21125,caracteristica_21126,caracteristica_21127,caracteristica_21128,caracteristica_21129,caracteristica_21130,caracteristica_21131,caracteristica_21132,caracteristica_21133,caracteristica_21134,caracteristica_21135,caracteristica_21136,caracteristica_21137,caracteristica_21138,caracteristica_21139,caracteristica_21140,caracteristica_21141,caracteristica_21142,caracteristica_21143,caracteristica_21144,caracteristica_21145,caracteristica_21146,caracteristica_21147,caracteristica_21148,caracteristica_21149,caracteristica_21150,caracteristica_21151,caracteristica_21152,caracteristica_21153,caracteristica_21154,caracteristica_21155,caracteristica_21156,caracteristica_21157,caracteristica_21158,caracteristica_21159,caracteristica_21160,caracteristica_21161,caracteristica_21162,caracteristica_21163,caracteristica_21164,caracteristica_21165,caracteristica_21166,caracteristica_21167,caracteristica_21168,caracteristica_21169,caracteristica_21170,caracteristica_21171,caracteristica_21172,caracteristica_21173,caracteristica_21174,caracteristica_21175,caracteristica_21176,caracteristica_21177,caracteristica_21178,caracteristica_21179,caracteristica_21180,caracteristica_21181,caracteristica_21182,caracteristica_21183,caracteristica_21184,caracteristica_21185,caracteristica_21186,caracteristica_21187,caracteristica_21188,caracteristica_21189,caracteristica_21190,caracteristica_21191,caracteristica_21192,caracteristica_21193,caracteristica_21194,caracteristica_21195,caracteristica_21196,caracteristica_21197,caracteristica_21198,caracteristica_21199,caracteristica_21200,caracteristica_21201,caracteristica_21202,caracteristica_21203,caracteristica_21204,caracteristica_21205,caracteristica_21206,caracteristica_21207,caracteristica_21208,caracteristica_21209,caracteristica_21210,caracteristica_21211,caracteristica_21212,caracteristica_21213,caracteristica_21214,caracteristica_21215,caracteristica_21216,caracteristica_21217,caracteristica_21218,caracteristica_21219,caracteristica_21220,caracteristica_21221,caracteristica_21222,caracteristica_21223,caracteristica_21224,caracteristica_21225,caracteristica_21226,caracteristica_21227,caracteristica_21228,caracteristica_21229,caracteristica_21230,caracteristica_21231,caracteristica_21232,caracteristica_21233,caracteristica_21234,caracteristica_21235,caracteristica_21236,caracteristica_21237,caracteristica_21238,caracteristica_21239,caracteristica_21240,caracteristica_21241,caracteristica_21242,caracteristica_21243,caracteristica_21244,caracteristica_21245,caracteristica_21246,caracteristica_21247,caracteristica_21248,caracteristica_21249,caracteristica_21250,caracteristica_21251,caracteristica_21252,caracteristica_21253,caracteristica_21254,caracteristica_21255,caracteristica_21256,caracteristica_21257,caracteristica_21258,caracteristica_21259,caracteristica_21260,caracteristica_21261,caracteristica_21262,caracteristica_21263,caracteristica_21264,caracteristica_21265,caracteristica_21266,caracteristica_21267,caracteristica_21268,caracteristica_21269,caracteristica_21270,caracteristica_21271,caracteristica_21272,caracteristica_21273,caracteristica_21274,caracteristica_21275,caracteristica_21276,caracteristica_21277,caracteristica_21278,caracteristica_21279,caracteristica_21280,caracteristica_21281,caracteristica_21282,caracteristica_21283,caracteristica_21284,caracteristica_21285,caracteristica_21286,caracteristica_21287,caracteristica_21288,caracteristica_21289,caracteristica_21290,caracteristica_21291,caracteristica_21292,caracteristica_21293,caracteristica_21294,caracteristica_21295,caracteristica_21296,caracteristica_21297,caracteristica_21298,caracteristica_21299,caracteristica_21300,caracteristica_21301,caracteristica_21302,caracteristica_21303,caracteristica_21304,caracteristica_21305,caracteristica_21306,caracteristica_21307,caracteristica_21308,caracteristica_21309,caracteristica_21310,caracteristica_21311,caracteristica_21312,caracteristica_21313,caracteristica_21314,caracteristica_21315,caracteristica_21316,caracteristica_21317,caracteristica_21318,caracteristica_21319,caracteristica_21320,caracteristica_21321,caracteristica_21322,caracteristica_21323,caracteristica_21324,caracteristica_21325,caracteristica_21326,caracteristica_21327,caracteristica_21328,caracteristica_21329,caracteristica_21330,caracteristica_21331,caracteristica_21332,caracteristica_21333,caracteristica_21334,caracteristica_21335,caracteristica_21336,caracteristica_21337,caracteristica_21338,caracteristica_21339,caracteristica_21340,caracteristica_21341,caracteristica_21342,caracteristica_21343,caracteristica_21344,caracteristica_21345,caracteristica_21346,caracteristica_21347,caracteristica_21348,caracteristica_21349,caracteristica_21350,caracteristica_21351,caracteristica_21352,caracteristica_21353,caracteristica_21354,caracteristica_21355,caracteristica_21356,caracteristica_21357,caracteristica_21358,caracteristica_21359,caracteristica_21360,caracteristica_21361,caracteristica_21362,caracteristica_21363,caracteristica_21364,caracteristica_21365,caracteristica_21366,caracteristica_21367,caracteristica_21368,caracteristica_21369,caracteristica_21370,caracteristica_21371,caracteristica_21372,caracteristica_21373,caracteristica_21374,caracteristica_21375,caracteristica_21376,caracteristica_21377,caracteristica_21378,caracteristica_21379,caracteristica_21380,caracteristica_21381,caracteristica_21382,caracteristica_21383,caracteristica_21384,caracteristica_21385,caracteristica_21386,caracteristica_21387,caracteristica_21388,caracteristica_21389,caracteristica_21390,caracteristica_21391,caracteristica_21392,caracteristica_21393,caracteristica_21394,caracteristica_21395,caracteristica_21396,caracteristica_21397,caracteristica_21398,caracteristica_21399,caracteristica_21400,caracteristica_21401,caracteristica_21402,caracteristica_21403,caracteristica_21404,caracteristica_21405,caracteristica_21406,caracteristica_21407,caracteristica_21408,caracteristica_21409,caracteristica_21410,caracteristica_21411,caracteristica_21412,caracteristica_21413,caracteristica_21414,caracteristica_21415,caracteristica_21416,caracteristica_21417,caracteristica_21418,caracteristica_21419,caracteristica_21420,caracteristica_21421,caracteristica_21422,caracteristica_21423,caracteristica_21424,caracteristica_21425,caracteristica_21426,caracteristica_21427,caracteristica_21428,caracteristica_21429,caracteristica_21430,caracteristica_21431,caracteristica_21432,caracteristica_21433,caracteristica_21434,caracteristica_21435,caracteristica_21436,caracteristica_21437,caracteristica_21438,caracteristica_21439,caracteristica_21440,caracteristica_21441,caracteristica_21442,caracteristica_21443,caracteristica_21444,caracteristica_21445,caracteristica_21446,caracteristica_21447,caracteristica_21448,caracteristica_21449,caracteristica_21450,caracteristica_21451,caracteristica_21452,caracteristica_21453,caracteristica_21454,caracteristica_21455,caracteristica_21456,caracteristica_21457,caracteristica_21458,caracteristica_21459,caracteristica_21460,caracteristica_21461,caracteristica_21462,caracteristica_21463,caracteristica_21464,caracteristica_21465,caracteristica_21466,caracteristica_21467,caracteristica_21468,caracteristica_21469,caracteristica_21470,caracteristica_21471,caracteristica_21472,caracteristica_21473,caracteristica_21474,caracteristica_21475,caracteristica_21476,caracteristica_21477,caracteristica_21478,caracteristica_21479,caracteristica_21480,caracteristica_21481,caracteristica_21482,caracteristica_21483,caracteristica_21484,caracteristica_21485,caracteristica_21486,caracteristica_21487,caracteristica_21488,caracteristica_21489,caracteristica_21490,caracteristica_21491,caracteristica_21492,caracteristica_21493,caracteristica_21494,caracteristica_21495,caracteristica_21496,caracteristica_21497,caracteristica_21498,caracteristica_21499,caracteristica_21500,caracteristica_21501,caracteristica_21502,caracteristica_21503,caracteristica_21504,caracteristica_21505,caracteristica_21506,caracteristica_21507,caracteristica_21508,caracteristica_21509,caracteristica_21510,caracteristica_21511,caracteristica_21512,caracteristica_21513,caracteristica_21514,caracteristica_21515,caracteristica_21516,caracteristica_21517,caracteristica_21518,caracteristica_21519,caracteristica_21520,caracteristica_21521,caracteristica_21522,caracteristica_21523,caracteristica_21524,caracteristica_21525,caracteristica_21526,caracteristica_21527,caracteristica_21528,caracteristica_21529,caracteristica_21530,caracteristica_21531,caracteristica_21532,caracteristica_21533,caracteristica_21534,caracteristica_21535,caracteristica_21536,caracteristica_21537,caracteristica_21538,caracteristica_21539,caracteristica_21540,caracteristica_21541,caracteristica_21542,caracteristica_21543,caracteristica_21544,caracteristica_21545,caracteristica_21546,caracteristica_21547,caracteristica_21548,caracteristica_21549,caracteristica_21550,caracteristica_21551,caracteristica_21552,caracteristica_21553,caracteristica_21554,caracteristica_21555,caracteristica_21556,caracteristica_21557,caracteristica_21558,caracteristica_21559,caracteristica_21560,caracteristica_21561,caracteristica_21562,caracteristica_21563,caracteristica_21564,caracteristica_21565,caracteristica_21566,caracteristica_21567,caracteristica_21568,caracteristica_21569,caracteristica_21570,caracteristica_21571,caracteristica_21572,caracteristica_21573,caracteristica_21574,caracteristica_21575,caracteristica_21576,caracteristica_21577,caracteristica_21578,caracteristica_21579,caracteristica_21580,caracteristica_21581,caracteristica_21582,caracteristica_21583,caracteristica_21584,caracteristica_21585,caracteristica_21586,caracteristica_21587,caracteristica_21588,caracteristica_21589,caracteristica_21590,caracteristica_21591,caracteristica_21592,caracteristica_21593,caracteristica_21594,caracteristica_21595,caracteristica_21596,caracteristica_21597,caracteristica_21598,caracteristica_21599,caracteristica_21600,caracteristica_21601,caracteristica_21602,caracteristica_21603,caracteristica_21604,caracteristica_21605,caracteristica_21606,caracteristica_21607,caracteristica_21608,caracteristica_21609,caracteristica_21610,caracteristica_21611,caracteristica_21612,caracteristica_21613,caracteristica_21614,caracteristica_21615,caracteristica_21616,caracteristica_21617,caracteristica_21618,caracteristica_21619,caracteristica_21620,caracteristica_21621,caracteristica_21622,caracteristica_21623,caracteristica_21624,caracteristica_21625,caracteristica_21626,caracteristica_21627,caracteristica_21628,caracteristica_21629,caracteristica_21630,caracteristica_21631,caracteristica_21632,caracteristica_21633,caracteristica_21634,caracteristica_21635,caracteristica_21636,caracteristica_21637,caracteristica_21638,caracteristica_21639,caracteristica_21640,caracteristica_21641,caracteristica_21642,caracteristica_21643,caracteristica_21644,caracteristica_21645,caracteristica_21646,caracteristica_21647,caracteristica_21648,caracteristica_21649,caracteristica_21650,caracteristica_21651,caracteristica_21652,caracteristica_21653,caracteristica_21654,caracteristica_21655,caracteristica_21656,caracteristica_21657,caracteristica_21658,caracteristica_21659,caracteristica_21660,caracteristica_21661,caracteristica_21662,caracteristica_21663,caracteristica_21664,caracteristica_21665,caracteristica_21666,caracteristica_21667,caracteristica_21668,caracteristica_21669,caracteristica_21670,caracteristica_21671,caracteristica_21672,caracteristica_21673,caracteristica_21674,caracteristica_21675,caracteristica_21676,caracteristica_21677,caracteristica_21678,caracteristica_21679,caracteristica_21680,caracteristica_21681,caracteristica_21682,caracteristica_21683,caracteristica_21684,caracteristica_21685,caracteristica_21686,caracteristica_21687,caracteristica_21688,caracteristica_21689,caracteristica_21690,caracteristica_21691,caracteristica_21692,caracteristica_21693,caracteristica_21694,caracteristica_21695,caracteristica_21696,caracteristica_21697,caracteristica_21698,caracteristica_21699,caracteristica_21700,caracteristica_21701,caracteristica_21702,caracteristica_21703,caracteristica_21704,caracteristica_21705,caracteristica_21706,caracteristica_21707,caracteristica_21708,caracteristica_21709,caracteristica_21710,caracteristica_21711,caracteristica_21712,caracteristica_21713,caracteristica_21714,caracteristica_21715,caracteristica_21716,caracteristica_21717,caracteristica_21718,caracteristica_21719,caracteristica_21720,caracteristica_21721,caracteristica_21722,caracteristica_21723,caracteristica_21724,caracteristica_21725,caracteristica_21726,caracteristica_21727,caracteristica_21728,caracteristica_21729,caracteristica_21730,caracteristica_21731,caracteristica_21732,caracteristica_21733,caracteristica_21734,caracteristica_21735,caracteristica_21736,caracteristica_21737,caracteristica_21738,caracteristica_21739,caracteristica_21740,caracteristica_21741,caracteristica_21742,caracteristica_21743,caracteristica_21744,caracteristica_21745,caracteristica_21746,caracteristica_21747,caracteristica_21748,caracteristica_21749,caracteristica_21750,caracteristica_21751,caracteristica_21752,caracteristica_21753,caracteristica_21754,caracteristica_21755,caracteristica_21756,caracteristica_21757,caracteristica_21758,caracteristica_21759,caracteristica_21760,caracteristica_21761,caracteristica_21762,caracteristica_21763,caracteristica_21764,caracteristica_21765,caracteristica_21766,caracteristica_21767,caracteristica_21768,caracteristica_21769,caracteristica_21770,caracteristica_21771,caracteristica_21772,caracteristica_21773,caracteristica_21774,caracteristica_21775,caracteristica_21776,caracteristica_21777,caracteristica_21778,caracteristica_21779,caracteristica_21780,caracteristica_21781,caracteristica_21782,caracteristica_21783,caracteristica_21784,caracteristica_21785,caracteristica_21786,caracteristica_21787,caracteristica_21788,caracteristica_21789,caracteristica_21790,caracteristica_21791,caracteristica_21792,caracteristica_21793,caracteristica_21794,caracteristica_21795,caracteristica_21796,caracteristica_21797,caracteristica_21798,caracteristica_21799,caracteristica_21800,caracteristica_21801,caracteristica_21802,caracteristica_21803,caracteristica_21804,caracteristica_21805,caracteristica_21806,caracteristica_21807,caracteristica_21808,caracteristica_21809,caracteristica_21810,caracteristica_21811,caracteristica_21812,caracteristica_21813,caracteristica_21814,caracteristica_21815,caracteristica_21816,caracteristica_21817,caracteristica_21818,caracteristica_21819,caracteristica_21820,caracteristica_21821,caracteristica_21822,caracteristica_21823,caracteristica_21824,caracteristica_21825,caracteristica_21826,caracteristica_21827,caracteristica_21828,caracteristica_21829,caracteristica_21830,caracteristica_21831,caracteristica_21832,caracteristica_21833,caracteristica_21834,caracteristica_21835,caracteristica_21836,caracteristica_21837,caracteristica_21838,caracteristica_21839,caracteristica_21840,caracteristica_21841,caracteristica_21842,caracteristica_21843,caracteristica_21844,caracteristica_21845,caracteristica_21846,caracteristica_21847,caracteristica_21848,caracteristica_21849,caracteristica_21850,caracteristica_21851,caracteristica_21852,caracteristica_21853,caracteristica_21854,caracteristica_21855,caracteristica_21856,caracteristica_21857,caracteristica_21858,caracteristica_21859,caracteristica_21860,caracteristica_21861,caracteristica_21862,caracteristica_21863,caracteristica_21864,caracteristica_21865,caracteristica_21866,caracteristica_21867,caracteristica_21868,caracteristica_21869,caracteristica_21870,caracteristica_21871,caracteristica_21872,caracteristica_21873,caracteristica_21874,caracteristica_21875,caracteristica_21876,caracteristica_21877,caracteristica_21878,caracteristica_21879,caracteristica_21880,caracteristica_21881,caracteristica_21882,caracteristica_21883,caracteristica_21884,caracteristica_21885,caracteristica_21886,caracteristica_21887,caracteristica_21888,caracteristica_21889,caracteristica_21890,caracteristica_21891,caracteristica_21892,caracteristica_21893,caracteristica_21894,caracteristica_21895,caracteristica_21896,caracteristica_21897,caracteristica_21898,caracteristica_21899,caracteristica_21900,caracteristica_21901,caracteristica_21902,caracteristica_21903,caracteristica_21904,caracteristica_21905,caracteristica_21906,caracteristica_21907,caracteristica_21908,caracteristica_21909,caracteristica_21910,caracteristica_21911,caracteristica_21912,caracteristica_21913,caracteristica_21914,caracteristica_21915,caracteristica_21916,caracteristica_21917,caracteristica_21918,caracteristica_21919,caracteristica_21920,caracteristica_21921,caracteristica_21922,caracteristica_21923,caracteristica_21924,caracteristica_21925,caracteristica_21926,caracteristica_21927,caracteristica_21928,caracteristica_21929,caracteristica_21930,caracteristica_21931,caracteristica_21932,caracteristica_21933,caracteristica_21934,caracteristica_21935,caracteristica_21936,caracteristica_21937,caracteristica_21938,caracteristica_21939,caracteristica_21940,caracteristica_21941,caracteristica_21942,caracteristica_21943,caracteristica_21944,caracteristica_21945,caracteristica_21946,caracteristica_21947,caracteristica_21948,caracteristica_21949,caracteristica_21950,caracteristica_21951,caracteristica_21952,caracteristica_21953,caracteristica_21954,caracteristica_21955,caracteristica_21956,caracteristica_21957,caracteristica_21958,caracteristica_21959,caracteristica_21960,caracteristica_21961,caracteristica_21962,caracteristica_21963,caracteristica_21964,caracteristica_21965,caracteristica_21966,caracteristica_21967,caracteristica_21968,caracteristica_21969,caracteristica_21970,caracteristica_21971,caracteristica_21972,caracteristica_21973,caracteristica_21974,caracteristica_21975,caracteristica_21976,caracteristica_21977,caracteristica_21978,caracteristica_21979,caracteristica_21980,caracteristica_21981,caracteristica_21982,caracteristica_21983,caracteristica_21984,caracteristica_21985,caracteristica_21986,caracteristica_21987,caracteristica_21988,caracteristica_21989,caracteristica_21990,caracteristica_21991,caracteristica_21992,caracteristica_21993,caracteristica_21994,caracteristica_21995,caracteristica_21996,caracteristica_21997,caracteristica_21998,caracteristica_21999,caracteristica_22000,caracteristica_22001,caracteristica_22002,caracteristica_22003,caracteristica_22004,caracteristica_22005,caracteristica_22006,caracteristica_22007,caracteristica_22008,caracteristica_22009,caracteristica_22010,caracteristica_22011,caracteristica_22012,caracteristica_22013,caracteristica_22014,caracteristica_22015,caracteristica_22016,caracteristica_22017,caracteristica_22018,caracteristica_22019,caracteristica_22020,caracteristica_22021,caracteristica_22022,caracteristica_22023,caracteristica_22024,caracteristica_22025,caracteristica_22026,caracteristica_22027,caracteristica_22028,caracteristica_22029,caracteristica_22030,caracteristica_22031,caracteristica_22032,caracteristica_22033,caracteristica_22034,caracteristica_22035,caracteristica_22036,caracteristica_22037,caracteristica_22038,caracteristica_22039,caracteristica_22040,caracteristica_22041,caracteristica_22042,caracteristica_22043,caracteristica_22044,caracteristica_22045,caracteristica_22046,caracteristica_22047,caracteristica_22048,caracteristica_22049,caracteristica_22050,caracteristica_22051,caracteristica_22052,caracteristica_22053,caracteristica_22054,caracteristica_22055,caracteristica_22056,caracteristica_22057,caracteristica_22058,caracteristica_22059,caracteristica_22060,caracteristica_22061,caracteristica_22062,caracteristica_22063,caracteristica_22064,caracteristica_22065,caracteristica_22066,caracteristica_22067,caracteristica_22068,caracteristica_22069,caracteristica_22070,caracteristica_22071,caracteristica_22072,caracteristica_22073,caracteristica_22074,caracteristica_22075,caracteristica_22076,caracteristica_22077,caracteristica_22078,caracteristica_22079,caracteristica_22080,caracteristica_22081,caracteristica_22082,caracteristica_22083,caracteristica_22084,caracteristica_22085,caracteristica_22086,caracteristica_22087,caracteristica_22088,caracteristica_22089,caracteristica_22090,caracteristica_22091,caracteristica_22092,caracteristica_22093,caracteristica_22094,caracteristica_22095,caracteristica_22096,caracteristica_22097,caracteristica_22098,caracteristica_22099,caracteristica_22100,caracteristica_22101,caracteristica_22102,caracteristica_22103,caracteristica_22104,caracteristica_22105,caracteristica_22106,caracteristica_22107,caracteristica_22108,caracteristica_22109,caracteristica_22110,caracteristica_22111,caracteristica_22112,caracteristica_22113,caracteristica_22114,caracteristica_22115,caracteristica_22116,caracteristica_22117,caracteristica_22118,caracteristica_22119,caracteristica_22120,caracteristica_22121,caracteristica_22122,caracteristica_22123,caracteristica_22124,caracteristica_22125,caracteristica_22126,caracteristica_22127,caracteristica_22128,caracteristica_22129,caracteristica_22130,caracteristica_22131,caracteristica_22132,caracteristica_22133,caracteristica_22134,caracteristica_22135,caracteristica_22136,caracteristica_22137,caracteristica_22138,caracteristica_22139,caracteristica_22140,caracteristica_22141,caracteristica_22142,caracteristica_22143,caracteristica_22144,caracteristica_22145,caracteristica_22146,caracteristica_22147,caracteristica_22148,caracteristica_22149,caracteristica_22150,caracteristica_22151,caracteristica_22152,caracteristica_22153,caracteristica_22154,caracteristica_22155,caracteristica_22156,caracteristica_22157,caracteristica_22158,caracteristica_22159,caracteristica_22160,caracteristica_22161,caracteristica_22162,caracteristica_22163,caracteristica_22164,caracteristica_22165,caracteristica_22166,caracteristica_22167,caracteristica_22168,caracteristica_22169,caracteristica_22170,caracteristica_22171,caracteristica_22172,caracteristica_22173,caracteristica_22174,caracteristica_22175,caracteristica_22176,caracteristica_22177,caracteristica_22178,caracteristica_22179,caracteristica_22180,caracteristica_22181,caracteristica_22182,caracteristica_22183,caracteristica_22184,caracteristica_22185,caracteristica_22186,caracteristica_22187,caracteristica_22188,caracteristica_22189,caracteristica_22190,caracteristica_22191,caracteristica_22192,caracteristica_22193,caracteristica_22194,caracteristica_22195,caracteristica_22196,caracteristica_22197,caracteristica_22198,caracteristica_22199,caracteristica_22200,caracteristica_22201,caracteristica_22202,caracteristica_22203,caracteristica_22204,caracteristica_22205,caracteristica_22206,caracteristica_22207,caracteristica_22208,caracteristica_22209,caracteristica_22210,caracteristica_22211,caracteristica_22212,caracteristica_22213,caracteristica_22214,caracteristica_22215,caracteristica_22216,caracteristica_22217,caracteristica_22218,caracteristica_22219,caracteristica_22220,caracteristica_22221,caracteristica_22222,caracteristica_22223,caracteristica_22224,caracteristica_22225,caracteristica_22226,caracteristica_22227,caracteristica_22228,caracteristica_22229,caracteristica_22230,caracteristica_22231,caracteristica_22232,caracteristica_22233,caracteristica_22234,caracteristica_22235,caracteristica_22236,caracteristica_22237,caracteristica_22238,caracteristica_22239,caracteristica_22240,caracteristica_22241,caracteristica_22242,caracteristica_22243,caracteristica_22244,caracteristica_22245,caracteristica_22246,caracteristica_22247,caracteristica_22248,caracteristica_22249,caracteristica_22250,caracteristica_22251,caracteristica_22252,caracteristica_22253,caracteristica_22254,caracteristica_22255,caracteristica_22256,caracteristica_22257,caracteristica_22258,caracteristica_22259,caracteristica_22260,caracteristica_22261,caracteristica_22262,caracteristica_22263,caracteristica_22264,caracteristica_22265,caracteristica_22266,caracteristica_22267,caracteristica_22268,caracteristica_22269,caracteristica_22270,caracteristica_22271,caracteristica_22272,caracteristica_22273,caracteristica_22274,caracteristica_22275,caracteristica_22276,caracteristica_22277,caracteristica_22278,caracteristica_22279,caracteristica_22280,caracteristica_22281,caracteristica_22282,caracteristica_22283,caracteristica_22284,caracteristica_22285,caracteristica_22286,caracteristica_22287,caracteristica_22288,caracteristica_22289,caracteristica_22290,caracteristica_22291,caracteristica_22292,caracteristica_22293,caracteristica_22294,caracteristica_22295,caracteristica_22296,caracteristica_22297,caracteristica_22298,caracteristica_22299,caracteristica_22300,caracteristica_22301,caracteristica_22302,caracteristica_22303,caracteristica_22304,caracteristica_22305,caracteristica_22306,caracteristica_22307,caracteristica_22308,caracteristica_22309,caracteristica_22310,caracteristica_22311,caracteristica_22312,caracteristica_22313,caracteristica_22314,caracteristica_22315,caracteristica_22316,caracteristica_22317,caracteristica_22318,caracteristica_22319,caracteristica_22320,caracteristica_22321,caracteristica_22322,caracteristica_22323,caracteristica_22324,caracteristica_22325,caracteristica_22326,caracteristica_22327,caracteristica_22328,caracteristica_22329,caracteristica_22330,caracteristica_22331,caracteristica_22332,caracteristica_22333,caracteristica_22334,caracteristica_22335,caracteristica_22336,caracteristica_22337,caracteristica_22338,caracteristica_22339,caracteristica_22340,caracteristica_22341,caracteristica_22342,caracteristica_22343,caracteristica_22344,caracteristica_22345,caracteristica_22346,caracteristica_22347,caracteristica_22348,caracteristica_22349,caracteristica_22350,caracteristica_22351,caracteristica_22352,caracteristica_22353,caracteristica_22354,caracteristica_22355,caracteristica_22356,caracteristica_22357,caracteristica_22358,caracteristica_22359,caracteristica_22360,caracteristica_22361,caracteristica_22362,caracteristica_22363,caracteristica_22364,caracteristica_22365,caracteristica_22366,caracteristica_22367,caracteristica_22368,caracteristica_22369,caracteristica_22370,caracteristica_22371,caracteristica_22372,caracteristica_22373,caracteristica_22374,caracteristica_22375,caracteristica_22376,caracteristica_22377,caracteristica_22378,caracteristica_22379,caracteristica_22380,caracteristica_22381,caracteristica_22382,caracteristica_22383,caracteristica_22384,caracteristica_22385,caracteristica_22386,caracteristica_22387,caracteristica_22388,caracteristica_22389,caracteristica_22390,caracteristica_22391,caracteristica_22392,caracteristica_22393,caracteristica_22394,caracteristica_22395,caracteristica_22396,caracteristica_22397,caracteristica_22398,caracteristica_22399,caracteristica_22400,caracteristica_22401,caracteristica_22402,caracteristica_22403,caracteristica_22404,caracteristica_22405,caracteristica_22406,caracteristica_22407,caracteristica_22408,caracteristica_22409,caracteristica_22410,caracteristica_22411,caracteristica_22412,caracteristica_22413,caracteristica_22414,caracteristica_22415,caracteristica_22416,caracteristica_22417,caracteristica_22418,caracteristica_22419,caracteristica_22420,caracteristica_22421,caracteristica_22422,caracteristica_22423,caracteristica_22424,caracteristica_22425,caracteristica_22426,caracteristica_22427,caracteristica_22428,caracteristica_22429,caracteristica_22430,caracteristica_22431,caracteristica_22432,caracteristica_22433,caracteristica_22434,caracteristica_22435,caracteristica_22436,caracteristica_22437,caracteristica_22438,caracteristica_22439,caracteristica_22440,caracteristica_22441,caracteristica_22442,caracteristica_22443,caracteristica_22444,caracteristica_22445,caracteristica_22446,caracteristica_22447,caracteristica_22448,caracteristica_22449,caracteristica_22450,caracteristica_22451,caracteristica_22452,caracteristica_22453,caracteristica_22454,caracteristica_22455,caracteristica_22456,caracteristica_22457,caracteristica_22458,caracteristica_22459,caracteristica_22460,caracteristica_22461,caracteristica_22462,caracteristica_22463,caracteristica_22464,caracteristica_22465,caracteristica_22466,caracteristica_22467,caracteristica_22468,caracteristica_22469,caracteristica_22470,caracteristica_22471,caracteristica_22472,caracteristica_22473,caracteristica_22474,caracteristica_22475,caracteristica_22476,caracteristica_22477,caracteristica_22478,caracteristica_22479,caracteristica_22480,caracteristica_22481,caracteristica_22482,caracteristica_22483,caracteristica_22484,caracteristica_22485,caracteristica_22486,caracteristica_22487,caracteristica_22488,caracteristica_22489,caracteristica_22490,caracteristica_22491,caracteristica_22492,caracteristica_22493,caracteristica_22494,caracteristica_22495,caracteristica_22496,caracteristica_22497,caracteristica_22498,caracteristica_22499,caracteristica_22500,caracteristica_22501,caracteristica_22502,caracteristica_22503,caracteristica_22504,caracteristica_22505,caracteristica_22506,caracteristica_22507,caracteristica_22508,caracteristica_22509,caracteristica_22510,caracteristica_22511,caracteristica_22512,caracteristica_22513,caracteristica_22514,caracteristica_22515,caracteristica_22516,caracteristica_22517,caracteristica_22518,caracteristica_22519,caracteristica_22520,caracteristica_22521,caracteristica_22522,caracteristica_22523,caracteristica_22524,caracteristica_22525,caracteristica_22526,caracteristica_22527,caracteristica_22528,caracteristica_22529,caracteristica_22530,caracteristica_22531,caracteristica_22532,caracteristica_22533,caracteristica_22534,caracteristica_22535,caracteristica_22536,caracteristica_22537,caracteristica_22538,caracteristica_22539,caracteristica_22540,caracteristica_22541,caracteristica_22542,caracteristica_22543,caracteristica_22544,caracteristica_22545,caracteristica_22546,caracteristica_22547,caracteristica_22548,caracteristica_22549,caracteristica_22550,caracteristica_22551,caracteristica_22552,caracteristica_22553,caracteristica_22554,caracteristica_22555,caracteristica_22556,caracteristica_22557,caracteristica_22558,caracteristica_22559,caracteristica_22560,caracteristica_22561,caracteristica_22562,caracteristica_22563,caracteristica_22564,caracteristica_22565,caracteristica_22566,caracteristica_22567,caracteristica_22568,caracteristica_22569,caracteristica_22570,caracteristica_22571,caracteristica_22572,caracteristica_22573,caracteristica_22574,caracteristica_22575,caracteristica_22576,caracteristica_22577,caracteristica_22578,caracteristica_22579,caracteristica_22580,caracteristica_22581,caracteristica_22582,caracteristica_22583,caracteristica_22584,caracteristica_22585,caracteristica_22586,caracteristica_22587,caracteristica_22588,caracteristica_22589,caracteristica_22590,caracteristica_22591,caracteristica_22592,caracteristica_22593,caracteristica_22594,caracteristica_22595,caracteristica_22596,caracteristica_22597,caracteristica_22598,caracteristica_22599,caracteristica_22600,caracteristica_22601,caracteristica_22602,caracteristica_22603,caracteristica_22604,caracteristica_22605,caracteristica_22606,caracteristica_22607,caracteristica_22608,caracteristica_22609,caracteristica_22610,caracteristica_22611,caracteristica_22612,caracteristica_22613,caracteristica_22614,caracteristica_22615,caracteristica_22616,caracteristica_22617,caracteristica_22618,caracteristica_22619,caracteristica_22620,caracteristica_22621,caracteristica_22622,caracteristica_22623,caracteristica_22624,caracteristica_22625,caracteristica_22626,caracteristica_22627,caracteristica_22628,caracteristica_22629,caracteristica_22630,caracteristica_22631,caracteristica_22632,caracteristica_22633,caracteristica_22634,caracteristica_22635,caracteristica_22636,caracteristica_22637,caracteristica_22638,caracteristica_22639,caracteristica_22640,caracteristica_22641,caracteristica_22642,caracteristica_22643,caracteristica_22644,caracteristica_22645,caracteristica_22646,caracteristica_22647,caracteristica_22648,caracteristica_22649,caracteristica_22650,caracteristica_22651,caracteristica_22652,caracteristica_22653,caracteristica_22654,caracteristica_22655,caracteristica_22656,caracteristica_22657,caracteristica_22658,caracteristica_22659,caracteristica_22660,caracteristica_22661,caracteristica_22662,caracteristica_22663,caracteristica_22664,caracteristica_22665,caracteristica_22666,caracteristica_22667,caracteristica_22668,caracteristica_22669,caracteristica_22670,caracteristica_22671,caracteristica_22672,caracteristica_22673,caracteristica_22674,caracteristica_22675,caracteristica_22676,caracteristica_22677,caracteristica_22678,caracteristica_22679,caracteristica_22680,caracteristica_22681,caracteristica_22682,caracteristica_22683,caracteristica_22684,caracteristica_22685,caracteristica_22686,caracteristica_22687,caracteristica_22688,caracteristica_22689,caracteristica_22690,caracteristica_22691,caracteristica_22692,caracteristica_22693,caracteristica_22694,caracteristica_22695,caracteristica_22696,caracteristica_22697,caracteristica_22698,caracteristica_22699,caracteristica_22700,caracteristica_22701,caracteristica_22702,caracteristica_22703,caracteristica_22704,caracteristica_22705,caracteristica_22706,caracteristica_22707,caracteristica_22708,caracteristica_22709,caracteristica_22710,caracteristica_22711,caracteristica_22712,caracteristica_22713,caracteristica_22714,caracteristica_22715,caracteristica_22716,caracteristica_22717,caracteristica_22718,caracteristica_22719,caracteristica_22720,caracteristica_22721,caracteristica_22722,caracteristica_22723,caracteristica_22724,caracteristica_22725,caracteristica_22726,caracteristica_22727,caracteristica_22728,caracteristica_22729,caracteristica_22730,caracteristica_22731,caracteristica_22732,caracteristica_22733,caracteristica_22734,caracteristica_22735,caracteristica_22736,caracteristica_22737,caracteristica_22738,caracteristica_22739,caracteristica_22740,caracteristica_22741,caracteristica_22742,caracteristica_22743,caracteristica_22744,caracteristica_22745,caracteristica_22746,caracteristica_22747,caracteristica_22748,caracteristica_22749,caracteristica_22750,caracteristica_22751,caracteristica_22752,caracteristica_22753,caracteristica_22754,caracteristica_22755,caracteristica_22756,caracteristica_22757,caracteristica_22758,caracteristica_22759,caracteristica_22760,caracteristica_22761,caracteristica_22762,caracteristica_22763,caracteristica_22764,caracteristica_22765,caracteristica_22766,caracteristica_22767,caracteristica_22768,caracteristica_22769,caracteristica_22770,caracteristica_22771,caracteristica_22772,caracteristica_22773,caracteristica_22774,caracteristica_22775,caracteristica_22776,caracteristica_22777,caracteristica_22778,caracteristica_22779,caracteristica_22780,caracteristica_22781,caracteristica_22782,caracteristica_22783,caracteristica_22784,caracteristica_22785,caracteristica_22786,caracteristica_22787,caracteristica_22788,caracteristica_22789,caracteristica_22790,caracteristica_22791,caracteristica_22792,caracteristica_22793,caracteristica_22794,caracteristica_22795,caracteristica_22796,caracteristica_22797,caracteristica_22798,caracteristica_22799,caracteristica_22800,caracteristica_22801,caracteristica_22802,caracteristica_22803,caracteristica_22804,caracteristica_22805,caracteristica_22806,caracteristica_22807,caracteristica_22808,caracteristica_22809,caracteristica_22810,caracteristica_22811,caracteristica_22812,caracteristica_22813,caracteristica_22814,caracteristica_22815,caracteristica_22816,caracteristica_22817,caracteristica_22818,caracteristica_22819,caracteristica_22820,caracteristica_22821,caracteristica_22822,caracteristica_22823,caracteristica_22824,caracteristica_22825,caracteristica_22826,caracteristica_22827,caracteristica_22828,caracteristica_22829,caracteristica_22830,caracteristica_22831,caracteristica_22832,caracteristica_22833,caracteristica_22834,caracteristica_22835,caracteristica_22836,caracteristica_22837,caracteristica_22838,caracteristica_22839,caracteristica_22840,caracteristica_22841,caracteristica_22842,caracteristica_22843,caracteristica_22844,caracteristica_22845,caracteristica_22846,caracteristica_22847,caracteristica_22848,caracteristica_22849,caracteristica_22850,caracteristica_22851,caracteristica_22852,caracteristica_22853,caracteristica_22854,caracteristica_22855,caracteristica_22856,caracteristica_22857,caracteristica_22858,caracteristica_22859,caracteristica_22860,caracteristica_22861,caracteristica_22862,caracteristica_22863,caracteristica_22864,caracteristica_22865,caracteristica_22866,caracteristica_22867,caracteristica_22868,caracteristica_22869,caracteristica_22870,caracteristica_22871,caracteristica_22872,caracteristica_22873,caracteristica_22874,caracteristica_22875,caracteristica_22876,caracteristica_22877,caracteristica_22878,caracteristica_22879,caracteristica_22880,caracteristica_22881,caracteristica_22882,caracteristica_22883,caracteristica_22884,caracteristica_22885,caracteristica_22886,caracteristica_22887,caracteristica_22888,caracteristica_22889,caracteristica_22890,caracteristica_22891,caracteristica_22892,caracteristica_22893,caracteristica_22894,caracteristica_22895,caracteristica_22896,caracteristica_22897,caracteristica_22898,caracteristica_22899,caracteristica_22900,caracteristica_22901,caracteristica_22902,caracteristica_22903,caracteristica_22904,caracteristica_22905,caracteristica_22906,caracteristica_22907,caracteristica_22908,caracteristica_22909,caracteristica_22910,caracteristica_22911,caracteristica_22912,caracteristica_22913,caracteristica_22914,caracteristica_22915,caracteristica_22916,caracteristica_22917,caracteristica_22918,caracteristica_22919,caracteristica_22920,caracteristica_22921,caracteristica_22922,caracteristica_22923,caracteristica_22924,caracteristica_22925,caracteristica_22926,caracteristica_22927,caracteristica_22928,caracteristica_22929,caracteristica_22930,caracteristica_22931,caracteristica_22932,caracteristica_22933,caracteristica_22934,caracteristica_22935,caracteristica_22936,caracteristica_22937,caracteristica_22938,caracteristica_22939,caracteristica_22940,caracteristica_22941,caracteristica_22942,caracteristica_22943,caracteristica_22944,caracteristica_22945,caracteristica_22946,caracteristica_22947,caracteristica_22948,caracteristica_22949,caracteristica_22950,caracteristica_22951,caracteristica_22952,caracteristica_22953,caracteristica_22954,caracteristica_22955,caracteristica_22956,caracteristica_22957,caracteristica_22958,caracteristica_22959,caracteristica_22960,caracteristica_22961,caracteristica_22962,caracteristica_22963,caracteristica_22964,caracteristica_22965,caracteristica_22966,caracteristica_22967,caracteristica_22968,caracteristica_22969,caracteristica_22970,caracteristica_22971,caracteristica_22972,caracteristica_22973,caracteristica_22974,caracteristica_22975,caracteristica_22976,caracteristica_22977,caracteristica_22978,caracteristica_22979,caracteristica_22980,caracteristica_22981,caracteristica_22982,caracteristica_22983,caracteristica_22984,caracteristica_22985,caracteristica_22986,caracteristica_22987,caracteristica_22988,caracteristica_22989,caracteristica_22990,caracteristica_22991,caracteristica_22992,caracteristica_22993,caracteristica_22994,caracteristica_22995,caracteristica_22996,caracteristica_22997,caracteristica_22998,caracteristica_22999,caracteristica_23000,caracteristica_23001,caracteristica_23002,caracteristica_23003,caracteristica_23004,caracteristica_23005,caracteristica_23006,caracteristica_23007,caracteristica_23008,caracteristica_23009,caracteristica_23010,caracteristica_23011,caracteristica_23012,caracteristica_23013,caracteristica_23014,caracteristica_23015,caracteristica_23016,caracteristica_23017,caracteristica_23018,caracteristica_23019,caracteristica_23020,caracteristica_23021,caracteristica_23022,caracteristica_23023,caracteristica_23024,caracteristica_23025,caracteristica_23026,caracteristica_23027,caracteristica_23028,caracteristica_23029,caracteristica_23030,caracteristica_23031,caracteristica_23032,caracteristica_23033,caracteristica_23034,caracteristica_23035,caracteristica_23036,caracteristica_23037,caracteristica_23038,caracteristica_23039,caracteristica_23040,caracteristica_23041,caracteristica_23042,caracteristica_23043,caracteristica_23044,caracteristica_23045,caracteristica_23046,caracteristica_23047,caracteristica_23048,caracteristica_23049,caracteristica_23050,caracteristica_23051,caracteristica_23052,caracteristica_23053,caracteristica_23054,caracteristica_23055,caracteristica_23056,caracteristica_23057,caracteristica_23058,caracteristica_23059,caracteristica_23060,caracteristica_23061,caracteristica_23062,caracteristica_23063,caracteristica_23064,caracteristica_23065,caracteristica_23066,caracteristica_23067,caracteristica_23068,caracteristica_23069,caracteristica_23070,caracteristica_23071,caracteristica_23072,caracteristica_23073,caracteristica_23074,caracteristica_23075,caracteristica_23076,caracteristica_23077,caracteristica_23078,caracteristica_23079,caracteristica_23080,caracteristica_23081,caracteristica_23082,caracteristica_23083,caracteristica_23084,caracteristica_23085,caracteristica_23086,caracteristica_23087,caracteristica_23088,caracteristica_23089,caracteristica_23090,caracteristica_23091,caracteristica_23092,caracteristica_23093,caracteristica_23094,caracteristica_23095,caracteristica_23096,caracteristica_23097,caracteristica_23098,caracteristica_23099,caracteristica_23100,caracteristica_23101,caracteristica_23102,caracteristica_23103,caracteristica_23104,caracteristica_23105,caracteristica_23106,caracteristica_23107,caracteristica_23108,caracteristica_23109,caracteristica_23110,caracteristica_23111,caracteristica_23112,caracteristica_23113,caracteristica_23114,caracteristica_23115,caracteristica_23116,caracteristica_23117,caracteristica_23118,caracteristica_23119,caracteristica_23120,caracteristica_23121,caracteristica_23122,caracteristica_23123,caracteristica_23124,caracteristica_23125,caracteristica_23126,caracteristica_23127,caracteristica_23128,caracteristica_23129,caracteristica_23130,caracteristica_23131,caracteristica_23132,caracteristica_23133,caracteristica_23134,caracteristica_23135,caracteristica_23136,caracteristica_23137,caracteristica_23138,caracteristica_23139,caracteristica_23140,caracteristica_23141,caracteristica_23142,caracteristica_23143,caracteristica_23144,caracteristica_23145,caracteristica_23146,caracteristica_23147,caracteristica_23148,caracteristica_23149,caracteristica_23150,caracteristica_23151,caracteristica_23152,caracteristica_23153,caracteristica_23154,caracteristica_23155,caracteristica_23156,caracteristica_23157,caracteristica_23158,caracteristica_23159,caracteristica_23160,caracteristica_23161,caracteristica_23162,caracteristica_23163,caracteristica_23164,caracteristica_23165,caracteristica_23166,caracteristica_23167,caracteristica_23168,caracteristica_23169,caracteristica_23170,caracteristica_23171,caracteristica_23172,caracteristica_23173,caracteristica_23174,caracteristica_23175,caracteristica_23176,caracteristica_23177,caracteristica_23178,caracteristica_23179,caracteristica_23180,caracteristica_23181,caracteristica_23182,caracteristica_23183,caracteristica_23184,caracteristica_23185,caracteristica_23186,caracteristica_23187,caracteristica_23188,caracteristica_23189,caracteristica_23190,caracteristica_23191,caracteristica_23192,caracteristica_23193,caracteristica_23194,caracteristica_23195,caracteristica_23196,caracteristica_23197,caracteristica_23198,caracteristica_23199,caracteristica_23200,caracteristica_23201,caracteristica_23202,caracteristica_23203,caracteristica_23204,caracteristica_23205,caracteristica_23206,caracteristica_23207,caracteristica_23208,caracteristica_23209,caracteristica_23210,caracteristica_23211,caracteristica_23212,caracteristica_23213,caracteristica_23214,caracteristica_23215,caracteristica_23216,caracteristica_23217,caracteristica_23218,caracteristica_23219,caracteristica_23220,caracteristica_23221,caracteristica_23222,caracteristica_23223,caracteristica_23224,caracteristica_23225,caracteristica_23226,caracteristica_23227,caracteristica_23228,caracteristica_23229,caracteristica_23230,caracteristica_23231,caracteristica_23232,caracteristica_23233,caracteristica_23234,caracteristica_23235,caracteristica_23236,caracteristica_23237,caracteristica_23238,caracteristica_23239,caracteristica_23240,caracteristica_23241,caracteristica_23242,caracteristica_23243,caracteristica_23244,caracteristica_23245,caracteristica_23246,caracteristica_23247,caracteristica_23248,caracteristica_23249,caracteristica_23250,caracteristica_23251,caracteristica_23252,caracteristica_23253,caracteristica_23254,caracteristica_23255,caracteristica_23256,caracteristica_23257,caracteristica_23258,caracteristica_23259,caracteristica_23260,caracteristica_23261,caracteristica_23262,caracteristica_23263,caracteristica_23264,caracteristica_23265,caracteristica_23266,caracteristica_23267,caracteristica_23268,caracteristica_23269,caracteristica_23270,caracteristica_23271,caracteristica_23272,caracteristica_23273,caracteristica_23274,caracteristica_23275,caracteristica_23276,caracteristica_23277,caracteristica_23278,caracteristica_23279,caracteristica_23280,caracteristica_23281,caracteristica_23282,caracteristica_23283,caracteristica_23284,caracteristica_23285,caracteristica_23286,caracteristica_23287,caracteristica_23288,caracteristica_23289,caracteristica_23290,caracteristica_23291,caracteristica_23292,caracteristica_23293,caracteristica_23294,caracteristica_23295,caracteristica_23296,caracteristica_23297,caracteristica_23298,caracteristica_23299,caracteristica_23300,caracteristica_23301,caracteristica_23302,caracteristica_23303,caracteristica_23304,caracteristica_23305,caracteristica_23306,caracteristica_23307,caracteristica_23308,caracteristica_23309,caracteristica_23310,caracteristica_23311,caracteristica_23312,caracteristica_23313,caracteristica_23314,caracteristica_23315,caracteristica_23316,caracteristica_23317,caracteristica_23318,caracteristica_23319,caracteristica_23320,caracteristica_23321,caracteristica_23322,caracteristica_23323,caracteristica_23324,caracteristica_23325,caracteristica_23326,caracteristica_23327,caracteristica_23328,caracteristica_23329,caracteristica_23330,caracteristica_23331,caracteristica_23332,caracteristica_23333,caracteristica_23334,caracteristica_23335,caracteristica_23336,caracteristica_23337,caracteristica_23338,caracteristica_23339,caracteristica_23340,caracteristica_23341,caracteristica_23342,caracteristica_23343,caracteristica_23344,caracteristica_23345,caracteristica_23346,caracteristica_23347,caracteristica_23348,caracteristica_23349,caracteristica_23350,caracteristica_23351,caracteristica_23352,caracteristica_23353,caracteristica_23354,caracteristica_23355,caracteristica_23356,caracteristica_23357,caracteristica_23358,caracteristica_23359,caracteristica_23360,caracteristica_23361,caracteristica_23362,caracteristica_23363,caracteristica_23364,caracteristica_23365,caracteristica_23366,caracteristica_23367,caracteristica_23368,caracteristica_23369,caracteristica_23370,caracteristica_23371,caracteristica_23372,caracteristica_23373,caracteristica_23374,caracteristica_23375,caracteristica_23376,caracteristica_23377,caracteristica_23378,caracteristica_23379,caracteristica_23380,caracteristica_23381,caracteristica_23382,caracteristica_23383,caracteristica_23384,caracteristica_23385,caracteristica_23386,caracteristica_23387,caracteristica_23388,caracteristica_23389,caracteristica_23390,caracteristica_23391,caracteristica_23392,caracteristica_23393,caracteristica_23394,caracteristica_23395,caracteristica_23396,caracteristica_23397,caracteristica_23398,caracteristica_23399,caracteristica_23400,caracteristica_23401,caracteristica_23402,caracteristica_23403,caracteristica_23404,caracteristica_23405,caracteristica_23406,caracteristica_23407,caracteristica_23408,caracteristica_23409,caracteristica_23410,caracteristica_23411,caracteristica_23412,caracteristica_23413,caracteristica_23414,caracteristica_23415,caracteristica_23416,caracteristica_23417,caracteristica_23418,caracteristica_23419,caracteristica_23420,caracteristica_23421,caracteristica_23422,caracteristica_23423,caracteristica_23424,caracteristica_23425,caracteristica_23426,caracteristica_23427,caracteristica_23428,caracteristica_23429,caracteristica_23430,caracteristica_23431,caracteristica_23432,caracteristica_23433,caracteristica_23434,caracteristica_23435,caracteristica_23436,caracteristica_23437,caracteristica_23438,caracteristica_23439,caracteristica_23440,caracteristica_23441,caracteristica_23442,caracteristica_23443,caracteristica_23444,caracteristica_23445,caracteristica_23446,caracteristica_23447,caracteristica_23448,caracteristica_23449,caracteristica_23450,caracteristica_23451,caracteristica_23452,caracteristica_23453,caracteristica_23454,caracteristica_23455,caracteristica_23456,caracteristica_23457,caracteristica_23458,caracteristica_23459,caracteristica_23460,caracteristica_23461,caracteristica_23462,caracteristica_23463,caracteristica_23464,caracteristica_23465,caracteristica_23466,caracteristica_23467,caracteristica_23468,caracteristica_23469,caracteristica_23470,caracteristica_23471,caracteristica_23472,caracteristica_23473,caracteristica_23474,caracteristica_23475,caracteristica_23476,caracteristica_23477,caracteristica_23478,caracteristica_23479,caracteristica_23480,caracteristica_23481,caracteristica_23482,caracteristica_23483,caracteristica_23484,caracteristica_23485,caracteristica_23486,caracteristica_23487,caracteristica_23488,caracteristica_23489,caracteristica_23490,caracteristica_23491,caracteristica_23492,caracteristica_23493,caracteristica_23494,caracteristica_23495,caracteristica_23496,caracteristica_23497,caracteristica_23498,caracteristica_23499,caracteristica_23500,caracteristica_23501,caracteristica_23502,caracteristica_23503,caracteristica_23504,caracteristica_23505,caracteristica_23506,caracteristica_23507,caracteristica_23508,caracteristica_23509,caracteristica_23510,caracteristica_23511,caracteristica_23512,caracteristica_23513,caracteristica_23514,caracteristica_23515,caracteristica_23516,caracteristica_23517,caracteristica_23518,caracteristica_23519,caracteristica_23520,caracteristica_23521,caracteristica_23522,caracteristica_23523,caracteristica_23524,caracteristica_23525,caracteristica_23526,caracteristica_23527,caracteristica_23528,caracteristica_23529,caracteristica_23530,caracteristica_23531,caracteristica_23532,caracteristica_23533,caracteristica_23534,caracteristica_23535,caracteristica_23536,caracteristica_23537,caracteristica_23538,caracteristica_23539,caracteristica_23540,caracteristica_23541,caracteristica_23542,caracteristica_23543,caracteristica_23544,caracteristica_23545,caracteristica_23546,caracteristica_23547,caracteristica_23548,caracteristica_23549,caracteristica_23550,caracteristica_23551,caracteristica_23552,caracteristica_23553,caracteristica_23554,caracteristica_23555,caracteristica_23556,caracteristica_23557,caracteristica_23558,caracteristica_23559,caracteristica_23560,caracteristica_23561,caracteristica_23562,caracteristica_23563,caracteristica_23564,caracteristica_23565,caracteristica_23566,caracteristica_23567,caracteristica_23568,caracteristica_23569,caracteristica_23570,caracteristica_23571,caracteristica_23572,caracteristica_23573,caracteristica_23574,caracteristica_23575,caracteristica_23576,caracteristica_23577,caracteristica_23578,caracteristica_23579,caracteristica_23580,caracteristica_23581,caracteristica_23582,caracteristica_23583,caracteristica_23584,caracteristica_23585,caracteristica_23586,caracteristica_23587,caracteristica_23588,caracteristica_23589,caracteristica_23590,caracteristica_23591,caracteristica_23592,caracteristica_23593,caracteristica_23594,caracteristica_23595,caracteristica_23596,caracteristica_23597,caracteristica_23598,caracteristica_23599,caracteristica_23600,caracteristica_23601,caracteristica_23602,caracteristica_23603,caracteristica_23604,caracteristica_23605,caracteristica_23606,caracteristica_23607,caracteristica_23608,caracteristica_23609,caracteristica_23610,caracteristica_23611,caracteristica_23612,caracteristica_23613,caracteristica_23614,caracteristica_23615,caracteristica_23616,caracteristica_23617,caracteristica_23618,caracteristica_23619,caracteristica_23620,caracteristica_23621,caracteristica_23622,caracteristica_23623,caracteristica_23624,caracteristica_23625,caracteristica_23626,caracteristica_23627,caracteristica_23628,caracteristica_23629,caracteristica_23630,caracteristica_23631,caracteristica_23632,caracteristica_23633,caracteristica_23634,caracteristica_23635,caracteristica_23636,caracteristica_23637,caracteristica_23638,caracteristica_23639,caracteristica_23640,caracteristica_23641,caracteristica_23642,caracteristica_23643,caracteristica_23644,caracteristica_23645,caracteristica_23646,caracteristica_23647,caracteristica_23648,caracteristica_23649,caracteristica_23650,caracteristica_23651,caracteristica_23652,caracteristica_23653,caracteristica_23654,caracteristica_23655,caracteristica_23656,caracteristica_23657,caracteristica_23658,caracteristica_23659,caracteristica_23660,caracteristica_23661,caracteristica_23662,caracteristica_23663,caracteristica_23664,caracteristica_23665,caracteristica_23666,caracteristica_23667,caracteristica_23668,caracteristica_23669,caracteristica_23670,caracteristica_23671,caracteristica_23672,caracteristica_23673,caracteristica_23674,caracteristica_23675,caracteristica_23676,caracteristica_23677,caracteristica_23678,caracteristica_23679,caracteristica_23680,caracteristica_23681,caracteristica_23682,caracteristica_23683,caracteristica_23684,caracteristica_23685,caracteristica_23686,caracteristica_23687,caracteristica_23688,caracteristica_23689,caracteristica_23690,caracteristica_23691,caracteristica_23692,caracteristica_23693,caracteristica_23694,caracteristica_23695,caracteristica_23696,caracteristica_23697,caracteristica_23698,caracteristica_23699,caracteristica_23700,caracteristica_23701,caracteristica_23702,caracteristica_23703,caracteristica_23704,caracteristica_23705,caracteristica_23706,caracteristica_23707,caracteristica_23708,caracteristica_23709,caracteristica_23710,caracteristica_23711,caracteristica_23712,caracteristica_23713,caracteristica_23714,caracteristica_23715,caracteristica_23716,caracteristica_23717,caracteristica_23718,caracteristica_23719,caracteristica_23720,caracteristica_23721,caracteristica_23722,caracteristica_23723,caracteristica_23724,caracteristica_23725,caracteristica_23726,caracteristica_23727,caracteristica_23728,caracteristica_23729,caracteristica_23730,caracteristica_23731,caracteristica_23732,caracteristica_23733,caracteristica_23734,caracteristica_23735,caracteristica_23736,caracteristica_23737,caracteristica_23738,caracteristica_23739,caracteristica_23740,caracteristica_23741,caracteristica_23742,caracteristica_23743,caracteristica_23744,caracteristica_23745,caracteristica_23746,caracteristica_23747,caracteristica_23748,caracteristica_23749,caracteristica_23750,caracteristica_23751,caracteristica_23752,caracteristica_23753,caracteristica_23754,caracteristica_23755,caracteristica_23756,caracteristica_23757,caracteristica_23758,caracteristica_23759,caracteristica_23760,caracteristica_23761,caracteristica_23762,caracteristica_23763,caracteristica_23764,caracteristica_23765,caracteristica_23766,caracteristica_23767,caracteristica_23768,caracteristica_23769,caracteristica_23770,caracteristica_23771,caracteristica_23772,caracteristica_23773,caracteristica_23774,caracteristica_23775,caracteristica_23776,caracteristica_23777,caracteristica_23778,caracteristica_23779,caracteristica_23780,caracteristica_23781,caracteristica_23782,caracteristica_23783,caracteristica_23784,caracteristica_23785,caracteristica_23786,caracteristica_23787,caracteristica_23788,caracteristica_23789,caracteristica_23790,caracteristica_23791,caracteristica_23792,caracteristica_23793,caracteristica_23794,caracteristica_23795,caracteristica_23796,caracteristica_23797,caracteristica_23798,caracteristica_23799,caracteristica_23800,caracteristica_23801,caracteristica_23802,caracteristica_23803,caracteristica_23804,caracteristica_23805,caracteristica_23806,caracteristica_23807,caracteristica_23808,caracteristica_23809,caracteristica_23810,caracteristica_23811,caracteristica_23812,caracteristica_23813,caracteristica_23814,caracteristica_23815,caracteristica_23816,caracteristica_23817,caracteristica_23818,caracteristica_23819,caracteristica_23820,caracteristica_23821,caracteristica_23822,caracteristica_23823,caracteristica_23824,caracteristica_23825,caracteristica_23826,caracteristica_23827,caracteristica_23828,caracteristica_23829,caracteristica_23830,caracteristica_23831,caracteristica_23832,caracteristica_23833,caracteristica_23834,caracteristica_23835,caracteristica_23836,caracteristica_23837,caracteristica_23838,caracteristica_23839,caracteristica_23840,caracteristica_23841,caracteristica_23842,caracteristica_23843,caracteristica_23844,caracteristica_23845,caracteristica_23846,caracteristica_23847,caracteristica_23848,caracteristica_23849,caracteristica_23850,caracteristica_23851,caracteristica_23852,caracteristica_23853,caracteristica_23854,caracteristica_23855,caracteristica_23856,caracteristica_23857,caracteristica_23858,caracteristica_23859,caracteristica_23860,caracteristica_23861,caracteristica_23862,caracteristica_23863,caracteristica_23864,caracteristica_23865,caracteristica_23866,caracteristica_23867,caracteristica_23868,caracteristica_23869,caracteristica_23870,caracteristica_23871,caracteristica_23872,caracteristica_23873,caracteristica_23874,caracteristica_23875,caracteristica_23876,caracteristica_23877,caracteristica_23878,caracteristica_23879,caracteristica_23880,caracteristica_23881,caracteristica_23882,caracteristica_23883,caracteristica_23884,caracteristica_23885,caracteristica_23886,caracteristica_23887,caracteristica_23888,caracteristica_23889,caracteristica_23890,caracteristica_23891,caracteristica_23892,caracteristica_23893,caracteristica_23894,caracteristica_23895,caracteristica_23896,caracteristica_23897,caracteristica_23898,caracteristica_23899,caracteristica_23900,caracteristica_23901,caracteristica_23902,caracteristica_23903,caracteristica_23904,caracteristica_23905,caracteristica_23906,caracteristica_23907,caracteristica_23908,caracteristica_23909,caracteristica_23910,caracteristica_23911,caracteristica_23912,caracteristica_23913,caracteristica_23914,caracteristica_23915,caracteristica_23916,caracteristica_23917,caracteristica_23918,caracteristica_23919,caracteristica_23920,caracteristica_23921,caracteristica_23922,caracteristica_23923,caracteristica_23924,caracteristica_23925,caracteristica_23926,caracteristica_23927,caracteristica_23928,caracteristica_23929,caracteristica_23930,caracteristica_23931,caracteristica_23932,caracteristica_23933,caracteristica_23934,caracteristica_23935,caracteristica_23936,caracteristica_23937,caracteristica_23938,caracteristica_23939,caracteristica_23940,caracteristica_23941,caracteristica_23942,caracteristica_23943,caracteristica_23944,caracteristica_23945,caracteristica_23946,caracteristica_23947,caracteristica_23948,caracteristica_23949,caracteristica_23950,caracteristica_23951,caracteristica_23952,caracteristica_23953,caracteristica_23954,caracteristica_23955,caracteristica_23956,caracteristica_23957,caracteristica_23958,caracteristica_23959,caracteristica_23960,caracteristica_23961,caracteristica_23962,caracteristica_23963,caracteristica_23964,caracteristica_23965,caracteristica_23966,caracteristica_23967,caracteristica_23968,caracteristica_23969,caracteristica_23970,caracteristica_23971,caracteristica_23972,caracteristica_23973,caracteristica_23974,caracteristica_23975,caracteristica_23976,caracteristica_23977,caracteristica_23978,caracteristica_23979,caracteristica_23980,caracteristica_23981,caracteristica_23982,caracteristica_23983,caracteristica_23984,caracteristica_23985,caracteristica_23986,caracteristica_23987,caracteristica_23988,caracteristica_23989,caracteristica_23990,caracteristica_23991,caracteristica_23992,caracteristica_23993,caracteristica_23994,caracteristica_23995,caracteristica_23996,caracteristica_23997,caracteristica_23998,caracteristica_23999,caracteristica_24000,caracteristica_24001,caracteristica_24002,caracteristica_24003,caracteristica_24004,caracteristica_24005,caracteristica_24006,caracteristica_24007,caracteristica_24008,caracteristica_24009,caracteristica_24010,caracteristica_24011,caracteristica_24012,caracteristica_24013,caracteristica_24014,caracteristica_24015,caracteristica_24016,caracteristica_24017,caracteristica_24018,caracteristica_24019,caracteristica_24020,caracteristica_24021,caracteristica_24022,caracteristica_24023,caracteristica_24024,caracteristica_24025,caracteristica_24026,caracteristica_24027,caracteristica_24028,caracteristica_24029,caracteristica_24030,caracteristica_24031,caracteristica_24032,caracteristica_24033,caracteristica_24034,caracteristica_24035,caracteristica_24036,caracteristica_24037,caracteristica_24038,caracteristica_24039,caracteristica_24040,caracteristica_24041,caracteristica_24042,caracteristica_24043,caracteristica_24044,caracteristica_24045,caracteristica_24046,caracteristica_24047,caracteristica_24048,caracteristica_24049,caracteristica_24050,caracteristica_24051,caracteristica_24052,caracteristica_24053,caracteristica_24054,caracteristica_24055,caracteristica_24056,caracteristica_24057,caracteristica_24058,caracteristica_24059,caracteristica_24060,caracteristica_24061,caracteristica_24062,caracteristica_24063,caracteristica_24064,caracteristica_24065,caracteristica_24066,caracteristica_24067,caracteristica_24068,caracteristica_24069,caracteristica_24070,caracteristica_24071,caracteristica_24072,caracteristica_24073,caracteristica_24074,caracteristica_24075,caracteristica_24076,caracteristica_24077,caracteristica_24078,caracteristica_24079,caracteristica_24080,caracteristica_24081,caracteristica_24082,caracteristica_24083,caracteristica_24084,caracteristica_24085,caracteristica_24086,caracteristica_24087,caracteristica_24088,caracteristica_24089,caracteristica_24090,caracteristica_24091,caracteristica_24092,caracteristica_24093,caracteristica_24094,caracteristica_24095,caracteristica_24096,caracteristica_24097,caracteristica_24098,caracteristica_24099,caracteristica_24100,caracteristica_24101,caracteristica_24102,caracteristica_24103,caracteristica_24104,caracteristica_24105,caracteristica_24106,caracteristica_24107,caracteristica_24108,caracteristica_24109,caracteristica_24110,caracteristica_24111,caracteristica_24112,caracteristica_24113,caracteristica_24114,caracteristica_24115,caracteristica_24116,caracteristica_24117,caracteristica_24118,caracteristica_24119,caracteristica_24120,caracteristica_24121,caracteristica_24122,caracteristica_24123,caracteristica_24124,caracteristica_24125,caracteristica_24126,caracteristica_24127,caracteristica_24128,caracteristica_24129,caracteristica_24130,caracteristica_24131,caracteristica_24132,caracteristica_24133,caracteristica_24134,caracteristica_24135,caracteristica_24136,caracteristica_24137,caracteristica_24138,caracteristica_24139,caracteristica_24140,caracteristica_24141,caracteristica_24142,caracteristica_24143,caracteristica_24144,caracteristica_24145,caracteristica_24146,caracteristica_24147,caracteristica_24148,caracteristica_24149,caracteristica_24150,caracteristica_24151,caracteristica_24152,caracteristica_24153,caracteristica_24154,caracteristica_24155,caracteristica_24156,caracteristica_24157,caracteristica_24158,caracteristica_24159,caracteristica_24160,caracteristica_24161,caracteristica_24162,caracteristica_24163,caracteristica_24164,caracteristica_24165,caracteristica_24166,caracteristica_24167,caracteristica_24168,caracteristica_24169,caracteristica_24170,caracteristica_24171,caracteristica_24172,caracteristica_24173,caracteristica_24174,caracteristica_24175,caracteristica_24176,caracteristica_24177,caracteristica_24178,caracteristica_24179,caracteristica_24180,caracteristica_24181,caracteristica_24182,caracteristica_24183,caracteristica_24184,caracteristica_24185,caracteristica_24186,caracteristica_24187,caracteristica_24188,caracteristica_24189,caracteristica_24190,caracteristica_24191,caracteristica_24192,caracteristica_24193,caracteristica_24194,caracteristica_24195,caracteristica_24196,caracteristica_24197,caracteristica_24198,caracteristica_24199,caracteristica_24200,caracteristica_24201,caracteristica_24202,caracteristica_24203,caracteristica_24204,caracteristica_24205,caracteristica_24206,caracteristica_24207,caracteristica_24208,caracteristica_24209,caracteristica_24210,caracteristica_24211,caracteristica_24212,caracteristica_24213,caracteristica_24214,caracteristica_24215,caracteristica_24216,caracteristica_24217,caracteristica_24218,caracteristica_24219,caracteristica_24220,caracteristica_24221,caracteristica_24222,caracteristica_24223,caracteristica_24224,caracteristica_24225,caracteristica_24226,caracteristica_24227,caracteristica_24228,caracteristica_24229,caracteristica_24230,caracteristica_24231,caracteristica_24232,caracteristica_24233,caracteristica_24234,caracteristica_24235,caracteristica_24236,caracteristica_24237,caracteristica_24238,caracteristica_24239,caracteristica_24240,caracteristica_24241,caracteristica_24242,caracteristica_24243,caracteristica_24244,caracteristica_24245,caracteristica_24246,caracteristica_24247,caracteristica_24248,caracteristica_24249,caracteristica_24250,caracteristica_24251,caracteristica_24252,caracteristica_24253,caracteristica_24254,caracteristica_24255,caracteristica_24256,caracteristica_24257,caracteristica_24258,caracteristica_24259,caracteristica_24260,caracteristica_24261,caracteristica_24262,caracteristica_24263,caracteristica_24264,caracteristica_24265,caracteristica_24266,caracteristica_24267,caracteristica_24268,caracteristica_24269,caracteristica_24270,caracteristica_24271,caracteristica_24272,caracteristica_24273,caracteristica_24274,caracteristica_24275,caracteristica_24276,caracteristica_24277,caracteristica_24278,caracteristica_24279,caracteristica_24280,caracteristica_24281,caracteristica_24282,caracteristica_24283,caracteristica_24284,caracteristica_24285,caracteristica_24286,caracteristica_24287,caracteristica_24288,caracteristica_24289,caracteristica_24290,caracteristica_24291,caracteristica_24292,caracteristica_24293,caracteristica_24294,caracteristica_24295,caracteristica_24296,caracteristica_24297,caracteristica_24298,caracteristica_24299,caracteristica_24300,caracteristica_24301,caracteristica_24302,caracteristica_24303,caracteristica_24304,caracteristica_24305,caracteristica_24306,caracteristica_24307,caracteristica_24308,caracteristica_24309,caracteristica_24310,caracteristica_24311,caracteristica_24312,caracteristica_24313,caracteristica_24314,caracteristica_24315,caracteristica_24316,caracteristica_24317,caracteristica_24318,caracteristica_24319,caracteristica_24320,caracteristica_24321,caracteristica_24322,caracteristica_24323,caracteristica_24324,caracteristica_24325,caracteristica_24326,caracteristica_24327,caracteristica_24328,caracteristica_24329,caracteristica_24330,caracteristica_24331,caracteristica_24332,caracteristica_24333,caracteristica_24334,caracteristica_24335,caracteristica_24336,caracteristica_24337,caracteristica_24338,caracteristica_24339,caracteristica_24340,caracteristica_24341,caracteristica_24342,caracteristica_24343,caracteristica_24344,caracteristica_24345,caracteristica_24346,caracteristica_24347,caracteristica_24348,caracteristica_24349,caracteristica_24350,caracteristica_24351,caracteristica_24352,caracteristica_24353,caracteristica_24354,caracteristica_24355,caracteristica_24356,caracteristica_24357,caracteristica_24358,caracteristica_24359,caracteristica_24360,caracteristica_24361,caracteristica_24362,caracteristica_24363,caracteristica_24364,caracteristica_24365,caracteristica_24366,caracteristica_24367,caracteristica_24368,caracteristica_24369,caracteristica_24370,caracteristica_24371,caracteristica_24372,caracteristica_24373,caracteristica_24374,caracteristica_24375,caracteristica_24376,caracteristica_24377,caracteristica_24378,caracteristica_24379,caracteristica_24380,caracteristica_24381,caracteristica_24382,caracteristica_24383,caracteristica_24384,caracteristica_24385,caracteristica_24386,caracteristica_24387,caracteristica_24388,caracteristica_24389,caracteristica_24390,caracteristica_24391,caracteristica_24392,caracteristica_24393,caracteristica_24394,caracteristica_24395,caracteristica_24396,caracteristica_24397,caracteristica_24398,caracteristica_24399,caracteristica_24400,caracteristica_24401,caracteristica_24402,caracteristica_24403,caracteristica_24404,caracteristica_24405,caracteristica_24406,caracteristica_24407,caracteristica_24408,caracteristica_24409,caracteristica_24410,caracteristica_24411,caracteristica_24412,caracteristica_24413,caracteristica_24414,caracteristica_24415,caracteristica_24416,caracteristica_24417,caracteristica_24418,caracteristica_24419,caracteristica_24420,caracteristica_24421,caracteristica_24422,caracteristica_24423,caracteristica_24424,caracteristica_24425,caracteristica_24426,caracteristica_24427,caracteristica_24428,caracteristica_24429,caracteristica_24430,caracteristica_24431,caracteristica_24432,caracteristica_24433,caracteristica_24434,caracteristica_24435,caracteristica_24436,caracteristica_24437,caracteristica_24438,caracteristica_24439,caracteristica_24440,caracteristica_24441,caracteristica_24442,caracteristica_24443,caracteristica_24444,caracteristica_24445,caracteristica_24446,caracteristica_24447,caracteristica_24448,caracteristica_24449,caracteristica_24450,caracteristica_24451,caracteristica_24452,caracteristica_24453,caracteristica_24454,caracteristica_24455,caracteristica_24456,caracteristica_24457,caracteristica_24458,caracteristica_24459,caracteristica_24460,caracteristica_24461,caracteristica_24462,caracteristica_24463,caracteristica_24464,caracteristica_24465,caracteristica_24466,caracteristica_24467,caracteristica_24468,caracteristica_24469,caracteristica_24470,caracteristica_24471,caracteristica_24472,caracteristica_24473,caracteristica_24474,caracteristica_24475,caracteristica_24476,caracteristica_24477,caracteristica_24478,caracteristica_24479,caracteristica_24480,caracteristica_24481,caracteristica_24482,caracteristica_24483,caracteristica_24484,caracteristica_24485,caracteristica_24486,caracteristica_24487,caracteristica_24488,caracteristica_24489,caracteristica_24490,caracteristica_24491,caracteristica_24492,caracteristica_24493,caracteristica_24494,caracteristica_24495,caracteristica_24496,caracteristica_24497,caracteristica_24498,caracteristica_24499,caracteristica_24500,caracteristica_24501,caracteristica_24502,caracteristica_24503,caracteristica_24504,caracteristica_24505,caracteristica_24506,caracteristica_24507,caracteristica_24508,caracteristica_24509,caracteristica_24510,caracteristica_24511,caracteristica_24512,caracteristica_24513,caracteristica_24514,caracteristica_24515,caracteristica_24516,caracteristica_24517,caracteristica_24518,caracteristica_24519,caracteristica_24520,caracteristica_24521,caracteristica_24522,caracteristica_24523,caracteristica_24524,caracteristica_24525,caracteristica_24526,caracteristica_24527,caracteristica_24528,caracteristica_24529,caracteristica_24530,caracteristica_24531,caracteristica_24532,caracteristica_24533,caracteristica_24534,caracteristica_24535,caracteristica_24536,caracteristica_24537,caracteristica_24538,caracteristica_24539,caracteristica_24540,caracteristica_24541,caracteristica_24542,caracteristica_24543,caracteristica_24544,caracteristica_24545,caracteristica_24546,caracteristica_24547,caracteristica_24548,caracteristica_24549,caracteristica_24550,caracteristica_24551,caracteristica_24552,caracteristica_24553,caracteristica_24554,caracteristica_24555,caracteristica_24556,caracteristica_24557,caracteristica_24558,caracteristica_24559,caracteristica_24560,caracteristica_24561,caracteristica_24562,caracteristica_24563,caracteristica_24564,caracteristica_24565,caracteristica_24566,caracteristica_24567,caracteristica_24568,caracteristica_24569,caracteristica_24570,caracteristica_24571,caracteristica_24572,caracteristica_24573,caracteristica_24574,caracteristica_24575,caracteristica_24576,caracteristica_24577,caracteristica_24578,caracteristica_24579,caracteristica_24580,caracteristica_24581,caracteristica_24582,caracteristica_24583,caracteristica_24584,caracteristica_24585,caracteristica_24586,caracteristica_24587,caracteristica_24588,caracteristica_24589,caracteristica_24590,caracteristica_24591,caracteristica_24592,caracteristica_24593,caracteristica_24594,caracteristica_24595,caracteristica_24596,caracteristica_24597,caracteristica_24598,caracteristica_24599,caracteristica_24600,caracteristica_24601,caracteristica_24602,caracteristica_24603,caracteristica_24604,caracteristica_24605,caracteristica_24606,caracteristica_24607,caracteristica_24608,caracteristica_24609,caracteristica_24610,caracteristica_24611,caracteristica_24612,caracteristica_24613,caracteristica_24614,caracteristica_24615,caracteristica_24616,caracteristica_24617,caracteristica_24618,caracteristica_24619,caracteristica_24620,caracteristica_24621,caracteristica_24622,caracteristica_24623,caracteristica_24624,caracteristica_24625,caracteristica_24626,caracteristica_24627,caracteristica_24628,caracteristica_24629,caracteristica_24630,caracteristica_24631,caracteristica_24632,caracteristica_24633,caracteristica_24634,caracteristica_24635,caracteristica_24636,caracteristica_24637,caracteristica_24638,caracteristica_24639,caracteristica_24640,caracteristica_24641,caracteristica_24642,caracteristica_24643,caracteristica_24644,caracteristica_24645,caracteristica_24646,caracteristica_24647,caracteristica_24648,caracteristica_24649,caracteristica_24650,caracteristica_24651,caracteristica_24652,caracteristica_24653,caracteristica_24654,caracteristica_24655,caracteristica_24656,caracteristica_24657,caracteristica_24658,caracteristica_24659,caracteristica_24660,caracteristica_24661,caracteristica_24662,caracteristica_24663,caracteristica_24664,caracteristica_24665,caracteristica_24666,caracteristica_24667,caracteristica_24668,caracteristica_24669,caracteristica_24670,caracteristica_24671,caracteristica_24672,caracteristica_24673,caracteristica_24674,caracteristica_24675,caracteristica_24676,caracteristica_24677,caracteristica_24678,caracteristica_24679,caracteristica_24680,caracteristica_24681,caracteristica_24682,caracteristica_24683,caracteristica_24684,caracteristica_24685,caracteristica_24686,caracteristica_24687,caracteristica_24688,caracteristica_24689,caracteristica_24690,caracteristica_24691,caracteristica_24692,caracteristica_24693,caracteristica_24694,caracteristica_24695,caracteristica_24696,caracteristica_24697,caracteristica_24698,caracteristica_24699,caracteristica_24700,caracteristica_24701,caracteristica_24702,caracteristica_24703,caracteristica_24704,caracteristica_24705,caracteristica_24706,caracteristica_24707,caracteristica_24708,caracteristica_24709,caracteristica_24710,caracteristica_24711,caracteristica_24712,caracteristica_24713,caracteristica_24714,caracteristica_24715,caracteristica_24716,caracteristica_24717,caracteristica_24718,caracteristica_24719,caracteristica_24720,caracteristica_24721,caracteristica_24722,caracteristica_24723,caracteristica_24724,caracteristica_24725,caracteristica_24726,caracteristica_24727,caracteristica_24728,caracteristica_24729,caracteristica_24730,caracteristica_24731,caracteristica_24732,caracteristica_24733,caracteristica_24734,caracteristica_24735,caracteristica_24736,caracteristica_24737,caracteristica_24738,caracteristica_24739,caracteristica_24740,caracteristica_24741,caracteristica_24742,caracteristica_24743,caracteristica_24744,caracteristica_24745,caracteristica_24746,caracteristica_24747,caracteristica_24748,caracteristica_24749,caracteristica_24750,caracteristica_24751,caracteristica_24752,caracteristica_24753,caracteristica_24754,caracteristica_24755,caracteristica_24756,caracteristica_24757,caracteristica_24758,caracteristica_24759,caracteristica_24760,caracteristica_24761,caracteristica_24762,caracteristica_24763,caracteristica_24764,caracteristica_24765,caracteristica_24766,caracteristica_24767,caracteristica_24768,caracteristica_24769,caracteristica_24770,caracteristica_24771,caracteristica_24772,caracteristica_24773,caracteristica_24774,caracteristica_24775,caracteristica_24776,caracteristica_24777,caracteristica_24778,caracteristica_24779,caracteristica_24780,caracteristica_24781,caracteristica_24782,caracteristica_24783,caracteristica_24784,caracteristica_24785,caracteristica_24786,caracteristica_24787,caracteristica_24788,caracteristica_24789,caracteristica_24790,caracteristica_24791,caracteristica_24792,caracteristica_24793,caracteristica_24794,caracteristica_24795,caracteristica_24796,caracteristica_24797,caracteristica_24798,caracteristica_24799,caracteristica_24800,caracteristica_24801,caracteristica_24802,caracteristica_24803,caracteristica_24804,caracteristica_24805,caracteristica_24806,caracteristica_24807,caracteristica_24808,caracteristica_24809,caracteristica_24810,caracteristica_24811,caracteristica_24812,caracteristica_24813,caracteristica_24814,caracteristica_24815,caracteristica_24816,caracteristica_24817,caracteristica_24818,caracteristica_24819,caracteristica_24820,caracteristica_24821,caracteristica_24822,caracteristica_24823,caracteristica_24824,caracteristica_24825,caracteristica_24826,caracteristica_24827,caracteristica_24828,caracteristica_24829,caracteristica_24830,caracteristica_24831,caracteristica_24832,caracteristica_24833,caracteristica_24834,caracteristica_24835,caracteristica_24836,caracteristica_24837,caracteristica_24838,caracteristica_24839,caracteristica_24840,caracteristica_24841,caracteristica_24842,caracteristica_24843,caracteristica_24844,caracteristica_24845,caracteristica_24846,caracteristica_24847,caracteristica_24848,caracteristica_24849,caracteristica_24850,caracteristica_24851,caracteristica_24852,caracteristica_24853,caracteristica_24854,caracteristica_24855,caracteristica_24856,caracteristica_24857,caracteristica_24858,caracteristica_24859,caracteristica_24860,caracteristica_24861,caracteristica_24862,caracteristica_24863,caracteristica_24864,caracteristica_24865,caracteristica_24866,caracteristica_24867,caracteristica_24868,caracteristica_24869,caracteristica_24870,caracteristica_24871,caracteristica_24872,caracteristica_24873,caracteristica_24874,caracteristica_24875,caracteristica_24876,caracteristica_24877,caracteristica_24878,caracteristica_24879,caracteristica_24880,caracteristica_24881,caracteristica_24882,caracteristica_24883,caracteristica_24884,caracteristica_24885,caracteristica_24886,caracteristica_24887,caracteristica_24888,caracteristica_24889,caracteristica_24890,caracteristica_24891,caracteristica_24892,caracteristica_24893,caracteristica_24894,caracteristica_24895,caracteristica_24896,caracteristica_24897,caracteristica_24898,caracteristica_24899,caracteristica_24900,caracteristica_24901,caracteristica_24902,caracteristica_24903,caracteristica_24904,caracteristica_24905,caracteristica_24906,caracteristica_24907,caracteristica_24908,caracteristica_24909,caracteristica_24910,caracteristica_24911,caracteristica_24912,caracteristica_24913,caracteristica_24914,caracteristica_24915,caracteristica_24916,caracteristica_24917,caracteristica_24918,caracteristica_24919,caracteristica_24920,caracteristica_24921,caracteristica_24922,caracteristica_24923,caracteristica_24924,caracteristica_24925,caracteristica_24926,caracteristica_24927,caracteristica_24928,caracteristica_24929,caracteristica_24930,caracteristica_24931,caracteristica_24932,caracteristica_24933,caracteristica_24934,caracteristica_24935,caracteristica_24936,caracteristica_24937,caracteristica_24938,caracteristica_24939,caracteristica_24940,caracteristica_24941,caracteristica_24942,caracteristica_24943,caracteristica_24944,caracteristica_24945,caracteristica_24946,caracteristica_24947,caracteristica_24948,caracteristica_24949,caracteristica_24950,caracteristica_24951,caracteristica_24952,caracteristica_24953,caracteristica_24954,caracteristica_24955,caracteristica_24956,caracteristica_24957,caracteristica_24958,caracteristica_24959,caracteristica_24960,caracteristica_24961,caracteristica_24962,caracteristica_24963,caracteristica_24964,caracteristica_24965,caracteristica_24966,caracteristica_24967,caracteristica_24968,caracteristica_24969,caracteristica_24970,caracteristica_24971,caracteristica_24972,caracteristica_24973,caracteristica_24974,caracteristica_24975,caracteristica_24976,caracteristica_24977,caracteristica_24978,caracteristica_24979,caracteristica_24980,caracteristica_24981,caracteristica_24982,caracteristica_24983,caracteristica_24984,caracteristica_24985,caracteristica_24986,caracteristica_24987,caracteristica_24988,caracteristica_24989,caracteristica_24990,caracteristica_24991,caracteristica_24992,caracteristica_24993,caracteristica_24994,caracteristica_24995,caracteristica_24996,caracteristica_24997,caracteristica_24998,caracteristica_24999,caracteristica_25000,caracteristica_25001,caracteristica_25002,caracteristica_25003,caracteristica_25004,caracteristica_25005,caracteristica_25006,caracteristica_25007,caracteristica_25008,caracteristica_25009,caracteristica_25010,caracteristica_25011,caracteristica_25012,caracteristica_25013,caracteristica_25014,caracteristica_25015,caracteristica_25016,caracteristica_25017,caracteristica_25018,caracteristica_25019,caracteristica_25020,caracteristica_25021,caracteristica_25022,caracteristica_25023,caracteristica_25024,caracteristica_25025,caracteristica_25026,caracteristica_25027,caracteristica_25028,caracteristica_25029,caracteristica_25030,caracteristica_25031,caracteristica_25032,caracteristica_25033,caracteristica_25034,caracteristica_25035,caracteristica_25036,caracteristica_25037,caracteristica_25038,caracteristica_25039,caracteristica_25040,caracteristica_25041,caracteristica_25042,caracteristica_25043,caracteristica_25044,caracteristica_25045,caracteristica_25046,caracteristica_25047,caracteristica_25048,caracteristica_25049,caracteristica_25050,caracteristica_25051,caracteristica_25052,caracteristica_25053,caracteristica_25054,caracteristica_25055,caracteristica_25056,caracteristica_25057,caracteristica_25058,caracteristica_25059,caracteristica_25060,caracteristica_25061,caracteristica_25062,caracteristica_25063,caracteristica_25064,caracteristica_25065,caracteristica_25066,caracteristica_25067,caracteristica_25068,caracteristica_25069,caracteristica_25070,caracteristica_25071,caracteristica_25072,caracteristica_25073,caracteristica_25074,caracteristica_25075,caracteristica_25076,caracteristica_25077,caracteristica_25078,caracteristica_25079,caracteristica_25080,caracteristica_25081,caracteristica_25082,caracteristica_25083,caracteristica_25084,caracteristica_25085,caracteristica_25086,caracteristica_25087,caracteristica_25088,caracteristica_25089,caracteristica_25090,caracteristica_25091,caracteristica_25092,caracteristica_25093,caracteristica_25094,caracteristica_25095,caracteristica_25096,caracteristica_25097,caracteristica_25098,caracteristica_25099,caracteristica_25100,caracteristica_25101,caracteristica_25102,caracteristica_25103,caracteristica_25104,caracteristica_25105,caracteristica_25106,caracteristica_25107,caracteristica_25108,caracteristica_25109,caracteristica_25110,caracteristica_25111,caracteristica_25112,caracteristica_25113,caracteristica_25114,caracteristica_25115,caracteristica_25116,caracteristica_25117,caracteristica_25118,caracteristica_25119,caracteristica_25120,caracteristica_25121,caracteristica_25122,caracteristica_25123,caracteristica_25124,caracteristica_25125,caracteristica_25126,caracteristica_25127,caracteristica_25128,caracteristica_25129,caracteristica_25130,caracteristica_25131,caracteristica_25132,caracteristica_25133,caracteristica_25134,caracteristica_25135,caracteristica_25136,caracteristica_25137,caracteristica_25138,caracteristica_25139,caracteristica_25140,caracteristica_25141,caracteristica_25142,caracteristica_25143,caracteristica_25144,caracteristica_25145,caracteristica_25146,caracteristica_25147,caracteristica_25148,caracteristica_25149,caracteristica_25150,caracteristica_25151,caracteristica_25152,caracteristica_25153,caracteristica_25154,caracteristica_25155,caracteristica_25156,caracteristica_25157,caracteristica_25158,caracteristica_25159,caracteristica_25160,caracteristica_25161,caracteristica_25162,caracteristica_25163,caracteristica_25164,caracteristica_25165,caracteristica_25166,caracteristica_25167,caracteristica_25168,caracteristica_25169,caracteristica_25170,caracteristica_25171,caracteristica_25172,caracteristica_25173,caracteristica_25174,caracteristica_25175,caracteristica_25176,caracteristica_25177,caracteristica_25178,caracteristica_25179,caracteristica_25180,caracteristica_25181,caracteristica_25182,caracteristica_25183,caracteristica_25184,caracteristica_25185,caracteristica_25186,caracteristica_25187,caracteristica_25188,caracteristica_25189,caracteristica_25190,caracteristica_25191,caracteristica_25192,caracteristica_25193,caracteristica_25194,caracteristica_25195,caracteristica_25196,caracteristica_25197,caracteristica_25198,caracteristica_25199,caracteristica_25200,caracteristica_25201,caracteristica_25202,caracteristica_25203,caracteristica_25204,caracteristica_25205,caracteristica_25206,caracteristica_25207,caracteristica_25208,caracteristica_25209,caracteristica_25210,caracteristica_25211,caracteristica_25212,caracteristica_25213,caracteristica_25214,caracteristica_25215,caracteristica_25216,caracteristica_25217,caracteristica_25218,caracteristica_25219,caracteristica_25220,caracteristica_25221,caracteristica_25222,caracteristica_25223,caracteristica_25224,caracteristica_25225,caracteristica_25226,caracteristica_25227,caracteristica_25228,caracteristica_25229,caracteristica_25230,caracteristica_25231,caracteristica_25232,caracteristica_25233,caracteristica_25234,caracteristica_25235,caracteristica_25236,caracteristica_25237,caracteristica_25238,caracteristica_25239,caracteristica_25240,caracteristica_25241,caracteristica_25242,caracteristica_25243,caracteristica_25244,caracteristica_25245,caracteristica_25246,caracteristica_25247,caracteristica_25248,caracteristica_25249,caracteristica_25250,caracteristica_25251,caracteristica_25252,caracteristica_25253,caracteristica_25254,caracteristica_25255,caracteristica_25256,caracteristica_25257,caracteristica_25258,caracteristica_25259,caracteristica_25260,caracteristica_25261,caracteristica_25262,caracteristica_25263,caracteristica_25264,caracteristica_25265,caracteristica_25266,caracteristica_25267,caracteristica_25268,caracteristica_25269,caracteristica_25270,caracteristica_25271,caracteristica_25272,caracteristica_25273,caracteristica_25274,caracteristica_25275,caracteristica_25276,caracteristica_25277,caracteristica_25278,caracteristica_25279,caracteristica_25280,caracteristica_25281,caracteristica_25282,caracteristica_25283,caracteristica_25284,caracteristica_25285,caracteristica_25286,caracteristica_25287,caracteristica_25288,caracteristica_25289,caracteristica_25290,caracteristica_25291,caracteristica_25292,caracteristica_25293,caracteristica_25294,caracteristica_25295,caracteristica_25296,caracteristica_25297,caracteristica_25298,caracteristica_25299,caracteristica_25300,caracteristica_25301,caracteristica_25302,caracteristica_25303,caracteristica_25304,caracteristica_25305,caracteristica_25306,caracteristica_25307,caracteristica_25308,caracteristica_25309,caracteristica_25310,caracteristica_25311,caracteristica_25312,caracteristica_25313,caracteristica_25314,caracteristica_25315,caracteristica_25316,caracteristica_25317,caracteristica_25318,caracteristica_25319,caracteristica_25320,caracteristica_25321,caracteristica_25322,caracteristica_25323,caracteristica_25324,caracteristica_25325,caracteristica_25326,caracteristica_25327,caracteristica_25328,caracteristica_25329,caracteristica_25330,caracteristica_25331,caracteristica_25332,caracteristica_25333,caracteristica_25334,caracteristica_25335,caracteristica_25336,caracteristica_25337,caracteristica_25338,caracteristica_25339,caracteristica_25340,caracteristica_25341,caracteristica_25342,caracteristica_25343,caracteristica_25344,caracteristica_25345,caracteristica_25346,caracteristica_25347,caracteristica_25348,caracteristica_25349,caracteristica_25350,caracteristica_25351,caracteristica_25352,caracteristica_25353,caracteristica_25354,caracteristica_25355,caracteristica_25356,caracteristica_25357,caracteristica_25358,caracteristica_25359,caracteristica_25360,caracteristica_25361,caracteristica_25362,caracteristica_25363,caracteristica_25364,caracteristica_25365,caracteristica_25366,caracteristica_25367,caracteristica_25368,caracteristica_25369,caracteristica_25370,caracteristica_25371,caracteristica_25372,caracteristica_25373,caracteristica_25374,caracteristica_25375,caracteristica_25376,caracteristica_25377,caracteristica_25378,caracteristica_25379,caracteristica_25380,caracteristica_25381,caracteristica_25382,caracteristica_25383,caracteristica_25384,caracteristica_25385,caracteristica_25386,caracteristica_25387,caracteristica_25388,caracteristica_25389,caracteristica_25390,caracteristica_25391,caracteristica_25392,caracteristica_25393,caracteristica_25394,caracteristica_25395,caracteristica_25396,caracteristica_25397,caracteristica_25398,caracteristica_25399,caracteristica_25400,caracteristica_25401,caracteristica_25402,caracteristica_25403,caracteristica_25404,caracteristica_25405,caracteristica_25406,caracteristica_25407,caracteristica_25408,caracteristica_25409,caracteristica_25410,caracteristica_25411,caracteristica_25412,caracteristica_25413,caracteristica_25414,caracteristica_25415,caracteristica_25416,caracteristica_25417,caracteristica_25418,caracteristica_25419,caracteristica_25420,caracteristica_25421,caracteristica_25422,caracteristica_25423,caracteristica_25424,caracteristica_25425,caracteristica_25426,caracteristica_25427,caracteristica_25428,caracteristica_25429,caracteristica_25430,caracteristica_25431,caracteristica_25432,caracteristica_25433,caracteristica_25434,caracteristica_25435,caracteristica_25436,caracteristica_25437,caracteristica_25438,caracteristica_25439,caracteristica_25440,caracteristica_25441,caracteristica_25442,caracteristica_25443,caracteristica_25444,caracteristica_25445,caracteristica_25446,caracteristica_25447,caracteristica_25448,caracteristica_25449,caracteristica_25450,caracteristica_25451,caracteristica_25452,caracteristica_25453,caracteristica_25454,caracteristica_25455,caracteristica_25456,caracteristica_25457,caracteristica_25458,caracteristica_25459,caracteristica_25460,caracteristica_25461,caracteristica_25462,caracteristica_25463,caracteristica_25464,caracteristica_25465,caracteristica_25466,caracteristica_25467,caracteristica_25468,caracteristica_25469,caracteristica_25470,caracteristica_25471,caracteristica_25472,caracteristica_25473,caracteristica_25474,caracteristica_25475,caracteristica_25476,caracteristica_25477,caracteristica_25478,caracteristica_25479,caracteristica_25480,caracteristica_25481,caracteristica_25482,caracteristica_25483,caracteristica_25484,caracteristica_25485,caracteristica_25486,caracteristica_25487,caracteristica_25488,caracteristica_25489,caracteristica_25490,caracteristica_25491,caracteristica_25492,caracteristica_25493,caracteristica_25494,caracteristica_25495,caracteristica_25496,caracteristica_25497,caracteristica_25498,caracteristica_25499,caracteristica_25500,caracteristica_25501,caracteristica_25502,caracteristica_25503,caracteristica_25504,caracteristica_25505,caracteristica_25506,caracteristica_25507,caracteristica_25508,caracteristica_25509,caracteristica_25510,caracteristica_25511,caracteristica_25512,caracteristica_25513,caracteristica_25514,caracteristica_25515,caracteristica_25516,caracteristica_25517,caracteristica_25518,caracteristica_25519,caracteristica_25520,caracteristica_25521,caracteristica_25522,caracteristica_25523,caracteristica_25524,caracteristica_25525,caracteristica_25526,caracteristica_25527,caracteristica_25528,caracteristica_25529,caracteristica_25530,caracteristica_25531,caracteristica_25532,caracteristica_25533,caracteristica_25534,caracteristica_25535,caracteristica_25536,caracteristica_25537,caracteristica_25538,caracteristica_25539,caracteristica_25540,caracteristica_25541,caracteristica_25542,caracteristica_25543,caracteristica_25544,caracteristica_25545,caracteristica_25546,caracteristica_25547,caracteristica_25548,caracteristica_25549,caracteristica_25550,caracteristica_25551,caracteristica_25552,caracteristica_25553,caracteristica_25554,caracteristica_25555,caracteristica_25556,caracteristica_25557,caracteristica_25558,caracteristica_25559,caracteristica_25560,caracteristica_25561,caracteristica_25562,caracteristica_25563,caracteristica_25564,caracteristica_25565,caracteristica_25566,caracteristica_25567,caracteristica_25568,caracteristica_25569,caracteristica_25570,caracteristica_25571,caracteristica_25572,caracteristica_25573,caracteristica_25574,caracteristica_25575,caracteristica_25576,caracteristica_25577,caracteristica_25578,caracteristica_25579,caracteristica_25580,caracteristica_25581,caracteristica_25582,caracteristica_25583,caracteristica_25584,caracteristica_25585,caracteristica_25586,caracteristica_25587,caracteristica_25588,caracteristica_25589,caracteristica_25590,caracteristica_25591,caracteristica_25592,caracteristica_25593,caracteristica_25594,caracteristica_25595,caracteristica_25596,caracteristica_25597,caracteristica_25598,caracteristica_25599,caracteristica_25600,caracteristica_25601,caracteristica_25602,caracteristica_25603,caracteristica_25604,caracteristica_25605,caracteristica_25606,caracteristica_25607,caracteristica_25608,caracteristica_25609,caracteristica_25610,caracteristica_25611,caracteristica_25612,caracteristica_25613,caracteristica_25614,caracteristica_25615,caracteristica_25616,caracteristica_25617,caracteristica_25618,caracteristica_25619,caracteristica_25620,caracteristica_25621,caracteristica_25622,caracteristica_25623,caracteristica_25624,caracteristica_25625,caracteristica_25626,caracteristica_25627,caracteristica_25628,caracteristica_25629,caracteristica_25630,caracteristica_25631,caracteristica_25632,caracteristica_25633,caracteristica_25634,caracteristica_25635,caracteristica_25636,caracteristica_25637,caracteristica_25638,caracteristica_25639,caracteristica_25640,caracteristica_25641,caracteristica_25642,caracteristica_25643,caracteristica_25644,caracteristica_25645,caracteristica_25646,caracteristica_25647,caracteristica_25648,caracteristica_25649,caracteristica_25650,caracteristica_25651,caracteristica_25652,caracteristica_25653,caracteristica_25654,caracteristica_25655,caracteristica_25656,caracteristica_25657,caracteristica_25658,caracteristica_25659,caracteristica_25660,caracteristica_25661,caracteristica_25662,caracteristica_25663,caracteristica_25664,caracteristica_25665,caracteristica_25666,caracteristica_25667,caracteristica_25668,caracteristica_25669,caracteristica_25670,caracteristica_25671,caracteristica_25672,caracteristica_25673,caracteristica_25674,caracteristica_25675,caracteristica_25676,caracteristica_25677,caracteristica_25678,caracteristica_25679,caracteristica_25680,caracteristica_25681,caracteristica_25682,caracteristica_25683,caracteristica_25684,caracteristica_25685,caracteristica_25686,caracteristica_25687,caracteristica_25688,caracteristica_25689,caracteristica_25690,caracteristica_25691,caracteristica_25692,caracteristica_25693,caracteristica_25694,caracteristica_25695,caracteristica_25696,caracteristica_25697,caracteristica_25698,caracteristica_25699,caracteristica_25700,caracteristica_25701,caracteristica_25702,caracteristica_25703,caracteristica_25704,caracteristica_25705,caracteristica_25706,caracteristica_25707,caracteristica_25708,caracteristica_25709,caracteristica_25710,caracteristica_25711,caracteristica_25712,caracteristica_25713,caracteristica_25714,caracteristica_25715,caracteristica_25716,caracteristica_25717,caracteristica_25718,caracteristica_25719,caracteristica_25720,caracteristica_25721,caracteristica_25722,caracteristica_25723,caracteristica_25724,caracteristica_25725,caracteristica_25726,caracteristica_25727,caracteristica_25728,caracteristica_25729,caracteristica_25730,caracteristica_25731,caracteristica_25732,caracteristica_25733,caracteristica_25734,caracteristica_25735,caracteristica_25736,caracteristica_25737,caracteristica_25738,caracteristica_25739,caracteristica_25740,caracteristica_25741,caracteristica_25742,caracteristica_25743,caracteristica_25744,caracteristica_25745,caracteristica_25746,caracteristica_25747,caracteristica_25748,caracteristica_25749,caracteristica_25750,caracteristica_25751,caracteristica_25752,caracteristica_25753,caracteristica_25754,caracteristica_25755,caracteristica_25756,caracteristica_25757,caracteristica_25758,caracteristica_25759,caracteristica_25760,caracteristica_25761,caracteristica_25762,caracteristica_25763,caracteristica_25764,caracteristica_25765,caracteristica_25766,caracteristica_25767,caracteristica_25768,caracteristica_25769,caracteristica_25770,caracteristica_25771,caracteristica_25772,caracteristica_25773,caracteristica_25774,caracteristica_25775,caracteristica_25776,caracteristica_25777,caracteristica_25778,caracteristica_25779,caracteristica_25780,caracteristica_25781,caracteristica_25782,caracteristica_25783,caracteristica_25784,caracteristica_25785,caracteristica_25786,caracteristica_25787,caracteristica_25788,caracteristica_25789,caracteristica_25790,caracteristica_25791,caracteristica_25792,caracteristica_25793,caracteristica_25794,caracteristica_25795,caracteristica_25796,caracteristica_25797,caracteristica_25798,caracteristica_25799,caracteristica_25800,caracteristica_25801,caracteristica_25802,caracteristica_25803,caracteristica_25804,caracteristica_25805,caracteristica_25806,caracteristica_25807,caracteristica_25808,caracteristica_25809,caracteristica_25810,caracteristica_25811,caracteristica_25812,caracteristica_25813,caracteristica_25814,caracteristica_25815,caracteristica_25816,caracteristica_25817,caracteristica_25818,caracteristica_25819,caracteristica_25820,caracteristica_25821,caracteristica_25822,caracteristica_25823,caracteristica_25824,caracteristica_25825,caracteristica_25826,caracteristica_25827,caracteristica_25828,caracteristica_25829,caracteristica_25830,caracteristica_25831,caracteristica_25832,caracteristica_25833,caracteristica_25834,caracteristica_25835,caracteristica_25836,caracteristica_25837,caracteristica_25838,caracteristica_25839,caracteristica_25840,caracteristica_25841,caracteristica_25842,caracteristica_25843,caracteristica_25844,caracteristica_25845,caracteristica_25846,caracteristica_25847,caracteristica_25848,caracteristica_25849,caracteristica_25850,caracteristica_25851,caracteristica_25852,caracteristica_25853,caracteristica_25854,caracteristica_25855,caracteristica_25856,caracteristica_25857,caracteristica_25858,caracteristica_25859,caracteristica_25860,caracteristica_25861,caracteristica_25862,caracteristica_25863,caracteristica_25864,caracteristica_25865,caracteristica_25866,caracteristica_25867,caracteristica_25868,caracteristica_25869,caracteristica_25870,caracteristica_25871,caracteristica_25872,caracteristica_25873,caracteristica_25874,caracteristica_25875,caracteristica_25876,caracteristica_25877,caracteristica_25878,caracteristica_25879,caracteristica_25880,caracteristica_25881,caracteristica_25882,caracteristica_25883,caracteristica_25884,caracteristica_25885,caracteristica_25886,caracteristica_25887,caracteristica_25888,caracteristica_25889,caracteristica_25890,caracteristica_25891,caracteristica_25892,caracteristica_25893,caracteristica_25894,caracteristica_25895,caracteristica_25896,caracteristica_25897,caracteristica_25898,caracteristica_25899,caracteristica_25900,caracteristica_25901,caracteristica_25902,caracteristica_25903,caracteristica_25904,caracteristica_25905,caracteristica_25906,caracteristica_25907,caracteristica_25908,caracteristica_25909,caracteristica_25910,caracteristica_25911,caracteristica_25912,caracteristica_25913,caracteristica_25914,caracteristica_25915,caracteristica_25916,caracteristica_25917,caracteristica_25918,caracteristica_25919,caracteristica_25920,caracteristica_25921,caracteristica_25922,caracteristica_25923,caracteristica_25924,caracteristica_25925,caracteristica_25926,caracteristica_25927,caracteristica_25928,caracteristica_25929,caracteristica_25930,caracteristica_25931,caracteristica_25932,caracteristica_25933,caracteristica_25934,caracteristica_25935,caracteristica_25936,caracteristica_25937,caracteristica_25938,caracteristica_25939,caracteristica_25940,caracteristica_25941,caracteristica_25942,caracteristica_25943,caracteristica_25944,caracteristica_25945,caracteristica_25946,caracteristica_25947,caracteristica_25948,caracteristica_25949,caracteristica_25950,caracteristica_25951,caracteristica_25952,caracteristica_25953,caracteristica_25954,caracteristica_25955,caracteristica_25956,caracteristica_25957,caracteristica_25958,caracteristica_25959,caracteristica_25960,caracteristica_25961,caracteristica_25962,caracteristica_25963,caracteristica_25964,caracteristica_25965,caracteristica_25966,caracteristica_25967,caracteristica_25968,caracteristica_25969,caracteristica_25970,caracteristica_25971,caracteristica_25972,caracteristica_25973,caracteristica_25974,caracteristica_25975,caracteristica_25976,caracteristica_25977,caracteristica_25978,caracteristica_25979,caracteristica_25980,caracteristica_25981,caracteristica_25982,caracteristica_25983,caracteristica_25984,caracteristica_25985,caracteristica_25986,caracteristica_25987,caracteristica_25988,caracteristica_25989,caracteristica_25990,caracteristica_25991,caracteristica_25992,caracteristica_25993,caracteristica_25994,caracteristica_25995,caracteristica_25996,caracteristica_25997,caracteristica_25998,caracteristica_25999,caracteristica_26000,caracteristica_26001,caracteristica_26002,caracteristica_26003,caracteristica_26004,caracteristica_26005,caracteristica_26006,caracteristica_26007,caracteristica_26008,caracteristica_26009,caracteristica_26010,caracteristica_26011,caracteristica_26012,caracteristica_26013,caracteristica_26014,caracteristica_26015,caracteristica_26016,caracteristica_26017,caracteristica_26018,caracteristica_26019,caracteristica_26020,caracteristica_26021,caracteristica_26022,caracteristica_26023,caracteristica_26024,caracteristica_26025,caracteristica_26026,caracteristica_26027,caracteristica_26028,caracteristica_26029,caracteristica_26030,caracteristica_26031,caracteristica_26032,caracteristica_26033,caracteristica_26034,caracteristica_26035,caracteristica_26036,caracteristica_26037,caracteristica_26038,caracteristica_26039,caracteristica_26040,caracteristica_26041,caracteristica_26042,caracteristica_26043,caracteristica_26044,caracteristica_26045,caracteristica_26046,caracteristica_26047,caracteristica_26048,caracteristica_26049,caracteristica_26050,caracteristica_26051,caracteristica_26052,caracteristica_26053,caracteristica_26054,caracteristica_26055,caracteristica_26056,caracteristica_26057,caracteristica_26058,caracteristica_26059,caracteristica_26060,caracteristica_26061,caracteristica_26062,caracteristica_26063,caracteristica_26064,caracteristica_26065,caracteristica_26066,caracteristica_26067,caracteristica_26068,caracteristica_26069,caracteristica_26070,caracteristica_26071,caracteristica_26072,caracteristica_26073,caracteristica_26074,caracteristica_26075,caracteristica_26076,caracteristica_26077,caracteristica_26078,caracteristica_26079,caracteristica_26080,caracteristica_26081,caracteristica_26082,caracteristica_26083,caracteristica_26084,caracteristica_26085,caracteristica_26086,caracteristica_26087,caracteristica_26088,caracteristica_26089,caracteristica_26090,caracteristica_26091,caracteristica_26092,caracteristica_26093,caracteristica_26094,caracteristica_26095,caracteristica_26096,caracteristica_26097,caracteristica_26098,caracteristica_26099,caracteristica_26100,caracteristica_26101,caracteristica_26102,caracteristica_26103,caracteristica_26104,caracteristica_26105,caracteristica_26106,caracteristica_26107,caracteristica_26108,caracteristica_26109,caracteristica_26110,caracteristica_26111,caracteristica_26112,caracteristica_26113,caracteristica_26114,caracteristica_26115,caracteristica_26116,caracteristica_26117,caracteristica_26118,caracteristica_26119,caracteristica_26120,caracteristica_26121,caracteristica_26122,caracteristica_26123,caracteristica_26124,caracteristica_26125,caracteristica_26126,caracteristica_26127,caracteristica_26128,caracteristica_26129,caracteristica_26130,caracteristica_26131,caracteristica_26132,caracteristica_26133,caracteristica_26134,caracteristica_26135,caracteristica_26136,caracteristica_26137,caracteristica_26138,caracteristica_26139,caracteristica_26140,caracteristica_26141,caracteristica_26142,caracteristica_26143,caracteristica_26144,caracteristica_26145,caracteristica_26146,caracteristica_26147,caracteristica_26148,caracteristica_26149,caracteristica_26150,caracteristica_26151,caracteristica_26152,caracteristica_26153,caracteristica_26154,caracteristica_26155,caracteristica_26156,caracteristica_26157,caracteristica_26158,caracteristica_26159,caracteristica_26160,caracteristica_26161,caracteristica_26162,caracteristica_26163,caracteristica_26164,caracteristica_26165,caracteristica_26166,caracteristica_26167,caracteristica_26168,caracteristica_26169,caracteristica_26170,caracteristica_26171,caracteristica_26172,caracteristica_26173,caracteristica_26174,caracteristica_26175,caracteristica_26176,caracteristica_26177,caracteristica_26178,caracteristica_26179,caracteristica_26180,caracteristica_26181,caracteristica_26182,caracteristica_26183,caracteristica_26184,caracteristica_26185,caracteristica_26186,caracteristica_26187,caracteristica_26188,caracteristica_26189,caracteristica_26190,caracteristica_26191,caracteristica_26192,caracteristica_26193,caracteristica_26194,caracteristica_26195,caracteristica_26196,caracteristica_26197,caracteristica_26198,caracteristica_26199,caracteristica_26200,caracteristica_26201,caracteristica_26202,caracteristica_26203,caracteristica_26204,caracteristica_26205,caracteristica_26206,caracteristica_26207,caracteristica_26208,caracteristica_26209,caracteristica_26210,caracteristica_26211,caracteristica_26212,caracteristica_26213,caracteristica_26214,caracteristica_26215,caracteristica_26216,caracteristica_26217,caracteristica_26218,caracteristica_26219,caracteristica_26220,caracteristica_26221,caracteristica_26222,caracteristica_26223,caracteristica_26224,caracteristica_26225,caracteristica_26226,caracteristica_26227,caracteristica_26228,caracteristica_26229,caracteristica_26230,caracteristica_26231,caracteristica_26232,caracteristica_26233,caracteristica_26234,caracteristica_26235,caracteristica_26236,caracteristica_26237,caracteristica_26238,caracteristica_26239,caracteristica_26240,caracteristica_26241,caracteristica_26242,caracteristica_26243,caracteristica_26244
n000455_1.jpg,0.0,0.0,0.0,7.702840805053711,0.0,0.0,0.0,0.0,0.0,14.011690139770508,3.589728832244873,0.0,8.36410140991211,18.035663604736328,0.0,0.0,0.0,12.919297218322754,0.0,0.0,0.0,0.0,0.0,0.0,0.0,0.0,0.0,8.897634506225586,0.0,0.0,0.0,0.0,0.0,0.0,0.0,23.12968635559082,0.0,0.0,0.0,0.0,0.0,0.0,0.0,0.0,0.0,0.0,0.0,0.0,0.0,0.0,0.0,0.0,0.0,0.0,2.627040386199951,14.463674545288086,26.573732376098633,0.0,0.0,5.054659366607666,0.0,0.0,0.0,16.100627899169922,1.9688615798950195,0.0,0.0,0.0,0.0,0.0,0.0,0.0,0.0,0.0,0.0,0.0,0.0,9.739770889282227,0.0,0.0,20.048315048217773,7.595577239990234,0.0,0.0,8.081972122192383,0.0,0.0,0.0,0.0,0.0,17.373720169067383,0.0,0.0,0.0,0.0,0.0,0.0,0.0,0.0,0.0,14.655070304870605,0.0,0.0,0.0,0.0,0.0,13.846368789672852,0.0,0.0,0.0,0.0,37.59634780883789,10.048895835876465,0.0,0.0,0.0,0.0,0.0,0.0,0.0,0.0,0.0,2.7617101669311523,0.0,0.0,0.0,0.0,0.11493054032325745,12.544584274291992,0.0,0.0,0.0,0.3487359881401062,0.0,0.0,0.0,0.0,6.248628616333008,0.0,0.0,0.0,8.736133575439453,0.0,0.0,0.0,7.624001979827881,0.0,0.0,0.0,0.0,6.726511001586914,2.226355791091919,0.0,0.0,0.0,10.32619571685791,0.0,5.477146625518799,0.0,2.472921133041382,0.0,0.0,0.0,0.0,4.4615020751953125,4.315875053405762,0.0,0.0,0.0,0.0,0.0,0.0,0.0,0.0,0.0,0.0,0.0,0.0,5.812017917633057,7.734241008758545,0.0,0.0,0.0,0.0,0.0,0.0,0.0,0.0,0.0,17.688007354736328,0.0,0.0,0.0,0.0,27.89374351501465,13.854246139526367,0.6586448550224304,0.0,0.0,0.0,1.1573238372802734,0.0,0.0,0.0,0.0,0.0,0.0,0.0,0.0,0.8720592260360718,0.0,14.095077514648438,0.0,0.0,0.0,0.0,0.0,0.0,7.429690837860107,0.0,0.0,0.0,0.0,0.0,0.0,0.0,0.0,0.0,0.0,0.0,0.0,0.0,0.0,1.9540045261383057,0.0,14.316421508789062,0.0,0.0,0.0,3.175318717956543,0.0,0.0,0.0,0.0,0.0,0.0,0.0,0.0,0.0,17.939313888549805,0.0,0.0,0.0,0.0,44.07691955566406,0.0,0.0,0.0,0.0,0.0,0.0,0.0,0.9745600819587708,0.0,0.2780283987522125,0.0,0.0,0.0,0.0,0.0,0.0,0.0,0.0,11.975384712219238,0.0,0.0,0.0,0.0,0.0,0.32115426659584045,0.0,0.0,0.0,0.0,0.0,0.0,0.0,0.0,0.0,0.0,0.0,0.0,0.0,0.0,7.2073798179626465,0.0,0.0,7.138969898223877,0.8147711157798767,0.0,0.0,0.0,0.0,0.0,0.0,0.0,23.653491973876953,0.0,0.0,0.0,0.0,0.0,0.0,38.914642333984375,0.0,20.99509620666504,0.0,0.0,0.0,0.0,0.0,19.57771873474121,0.0,43.78521728515625,0.0,0.0,0.0,0.0,0.0,6.4132184982299805,0.0,0.0,0.0,0.0,9.215937614440918,0.0,0.0,0.0,0.0,0.0,0.0,0.0,0.0,0.0,0.0,8.987930297851562,31.243131637573242,0.0,0.0,0.0,0.0,0.0,0.0,0.0,0.5810233354568481,0.0,0.0,0.0,0.0,0.0,0.0,0.0,0.0,0.0,50.02716827392578,21.454376220703125,0.0,0.0,0.0,0.0,0.0,17.65622901916504,0.0,0.0,2.6127214431762695,0.0,0.0,0.0,37.17788314819336,0.0,0.0,1.1833696365356445,0.0,0.0,0.0,0.0,0.0,0.0,0.0,0.0,10.556419372558594,0.0,0.0,0.0,1.2064423561096191,0.0,0.0,0.0,0.0,0.0,29.18400764465332,12.426694869995117,9.812593460083008,0.0,0.0,0.0,0.0,0.0,0.0,11.121517181396484,0.0,0.0,0.0,9.764240264892578,0.7666041254997253,0.0,0.0,0.0,0.0,0.0,0.0,0.0,0.0,0.0,0.0,0.0,18.73222541809082,0.0,0.0,0.0,0.0,0.0,0.0,0.0,0.0,0.0,9.552677154541016,27.646709442138672,0.0,0.0,0.0,0.0,0.0,0.0,0.0,0.0,3.2975687980651855,2.682739019393921,0.0,0.0,0.0,0.0,0.0,0.0,0.0,0.0,8.693086624145508,0.030243679881095886,0.0,0.0,0.0,0.0,0.0,0.0,5.243646621704102,0.0,0.0,0.0,0.0,2.9372429847717285,0.0,0.0,0.0,0.0,0.0,0.0,0.0,0.0,0.0,0.0,0.0,0.0,0.0,0.0,0.0,0.0,0.0,0.0,0.0,0.0,0.0,0.0,0.0,0.0,0.0,0.0,0.0,0.0,0.0,0.0,0.0,0.0,0.0,0.0,0.0,0.0,0.0,0.0,0.0,10.29734992980957,4.454158782958984,0.0,0.0,0.0,0.0,0.0,0.0,0.0,0.0,0.0,26.655242919921875,6.243452072143555,0.172755628824234,0.0,0.0,22.772178649902344,0.0,0.0,0.0,3.778252124786377,0.0,0.0,0.0,0.0,0.0,0.0,0.0,0.0,0.0,6.08045768737793,0.0,0.0,0.0,0.0,6.069134712219238,0.0,0.0,18.524946212768555,0.0,4.1382646560668945,0.0,0.0,0.0,0.0,0.0,0.0,0.0,0.0,0.0,0.0,0.0,0.0,0.0,0.0,0.0,0.0,0.0,9.24008846282959,0.0,0.0,0.0,0.0,0.0,0.0,0.0,5.697082996368408,12.143980979919434,0.440120130777359,4.163263320922852,0.0,0.0,0.0,0.0,6.687197685241699,0.0,0.0,0.0,0.0,0.0,4.188276767730713,0.0,0.0,49.261512756347656,0.0,0.0,0.0,19.821495056152344,0.0,0.0,0.0,0.0,0.0,30.798320770263672,0.0,0.0,0.0,0.0,0.0,0.0,0.0,0.0,0.0,28.025863647460938,0.0,0.0,0.0,1.679579734802246,18.17592430114746,49.12186813354492,0.0,0.0,0.0,0.0,33.754493713378906,15.645096778869629,17.158523559570312,0.0,9.75925350189209,0.0,0.0,0.0,0.0,0.0,1.1562395095825195,11.22425651550293,0.0,0.0,0.0,0.0,5.427378177642822,20.184593200683594,0.0,0.0,0.0,0.0,0.0,0.0,0.0,0.0,0.0,0.0,0.0,0.0,0.2872132360935211,0.0,0.0,0.0,0.0,0.0,0.0,0.0,0.0,9.140092849731445,30.524049758911133,0.0,0.0,0.0,8.887293815612793,0.0,2.8558549880981445,1.3134064674377441,0.0,0.0,0.0,0.0,0.0,0.0,8.481013298034668,0.0,0.0,0.0,0.0,0.0,0.0,0.0,0.0,0.0,0.0,0.0,0.0,0.0,0.0,0.0,0.0,0.0,0.0,0.0,0.0,0.0,0.0,0.0,14.953428268432617,0.0,0.0,0.0,0.0,31.007244110107422,14.95733642578125,0.33462709188461304,0.0,0.0,11.809006690979004,0.0,0.0,1.2120590209960938,0.0,5.167936325073242,0.0,0.0,0.0,0.0,0.0,0.0,14.568317413330078,0.0,0.0,0.42960596084594727,0.0,0.0,0.0,0.0,0.0,0.0,0.0,5.310604572296143,0.0,0.0,0.0,0.0,0.0,0.0,0.0,0.0,0.0,0.0,19.791501998901367,0.0,0.0,0.0,0.0,15.82199478149414,0.0,0.0,8.363895416259766,0.0,0.0,0.0,0.0,0.0,0.0,0.0,22.53896713256836,0.0,0.0,0.0,0.0,25.05712127685547,0.0,0.0,0.0,0.0,0.0,0.0,0.0,3.3404126167297363,0.0,0.0,0.0,0.0,0.0,0.0,0.0,0.0,0.0,0.0,11.995506286621094,8.605035781860352,0.0,0.0,0.0,0.0,0.0,0.0,3.420884370803833,0.0,0.0,0.0,0.0,0.0,0.0,0.0,0.0,0.0,14.98157787322998,0.0,0.0,6.72001838684082,0.0,0.0,10.739598274230957,0.0,0.0,0.0,0.0,0.0,0.0,0.0,0.0,59.91838836669922,0.0,0.0,2.793595790863037,0.0,17.652488708496094,0.0,41.61241149902344,0.0,14.950742721557617,0.0,0.0,0.0,0.0,0.0,0.0,0.0,31.858020782470703,0.0,0.0,0.0,0.0,0.0,6.90761661529541,0.0,0.0,0.0,0.0,0.0,0.0,0.0,0.0,0.0,0.0,0.0,0.0,0.0,0.0,0.0,23.375476837158203,26.878673553466797,0.0,0.0,9.842467308044434,0.0,0.0,0.0,0.0,13.343935012817383,0.0,0.49312081933021545,0.0,0.0,0.0,8.479166030883789,0.0,0.0,0.0,73.59516906738281,7.05228853225708,0.0,0.0,0.0,0.0,0.0,32.15493392944336,0.0,7.162933826446533,1.2148096561431885,18.787492752075195,0.0,0.0,45.801151275634766,0.0,0.0,10.76321029663086,0.0,0.0,0.0,0.0,0.0,0.0,0.0,0.0,0.0,0.0,0.0,0.0,14.544137954711914,0.0,0.0,0.0,0.0,0.0,31.201013565063477,20.869346618652344,3.0611343383789062,0.0,0.0,0.0,0.0,0.0,0.0,17.901479721069336,0.0,0.0,0.0,24.651819229125977,0.0,0.0,0.0,0.0,0.0,0.0,0.0,0.0,0.0,0.0,0.0,0.0,13.171365737915039,0.0,0.0,0.0,0.0,0.0,0.0,0.0,0.0,0.0,17.545557022094727,18.56858253479004,0.0,0.0,0.0,0.0,0.0,0.0,0.0,0.0,4.9483489990234375,0.0,0.0,0.0,0.0,0.0,0.0,0.0,2.971534252166748,0.0,4.320207118988037,1.0282821655273438,0.0,0.0,0.0,0.0,10.577866554260254,0.7406104803085327,0.0,0.0,0.0,0.0,0.0,0.0,0.0,0.0,0.0,0.0,0.0,0.0,0.0,0.0,0.0,0.0,0.0,0.0,0.0,0.0,0.0,0.0,0.0,0.0,0.0,0.0,4.055093288421631,0.0,0.0,0.0,0.0,0.0,0.0,0.0,0.0,0.0,0.0,0.0,13.29191780090332,0.0,0.898112416267395,0.0,0.0,0.0,0.0,5.727071762084961,0.2864033877849579,0.0,0.0,0.0,0.0,4.266881942749023,3.769111394882202,0.0,0.0,0.0,44.115604400634766,0.0,0.0,0.0,0.0,0.0,0.0,0.0,0.6544155478477478,0.0,0.0,0.0,0.0,0.0,0.0,0.0,0.0,0.0,0.0,0.0,0.0,0.0,0.0,0.0,1.8011291027069092,0.599307656288147,0.0,0.0,0.0,20.426597595214844,5.473425388336182,0.0,0.0,0.0,0.0,0.0,0.0,0.0,0.0,0.0,0.0,1.7961009740829468,0.0,0.0,0.0,0.0,0.0,5.601574420928955,2.5903749465942383,1.4668329954147339,0.0,0.0,0.0,0.0,8.737215995788574,5.573784828186035,0.0,0.8132244348526001,13.623235702514648,0.0,0.0,0.0,0.05450141429901123,0.0,0.0,0.0,0.0,0.0,0.0,0.0,0.0,0.0,55.35187530517578,0.0,0.0,0.0,8.532950401306152,0.0,0.0,2.039482831954956,0.0,6.576193809509277,14.373872756958008,0.0,0.0,2.8490383625030518,0.0,0.0,0.0,0.0,0.0,0.0,17.154048919677734,0.0,0.0,0.0,10.719645500183105,13.909355163574219,36.53324508666992,0.0,0.0,0.0,0.0,50.185386657714844,17.397274017333984,22.24888038635254,0.0,0.0,1.9311678409576416,0.0,0.0,0.0,0.0,0.0,6.197005748748779,0.0,0.0,0.0,0.0,17.64103889465332,3.205005645751953,0.0,0.0,0.0,0.0,0.0,0.0,4.3035759925842285,0.0,0.0,0.0,0.0,0.0,0.0,0.0,0.0,0.0,0.0,0.0,0.0,0.0,0.27732905745506287,11.635845184326172,25.659481048583984,0.0,0.0,1.1107898950576782,10.98665714263916,0.0,0.0,5.046358585357666,0.0,0.0,0.0,0.0,0.0,0.0,0.0,0.0,0.0,0.0,0.0,0.0,0.0,0.0,0.0,0.0,0.0,0.0,0.0,0.0,0.0,0.23736295104026794,0.0,0.0,0.0,0.0,0.0,0.0,11.340668678283691,0.0,0.0,0.0,0.0,0.0,0.0,16.107929229736328,0.0,0.0,0.0,0.0,24.396137237548828,0.0,0.0,0.0,0.0,15.337971687316895,17.577312469482422,0.0,0.0,0.0,0.0,0.0,26.5603084564209,0.0,0.0,5.828490257263184,0.0,0.0,0.0,0.024325281381607056,0.0,0.0,0.0,10.111934661865234,0.0,0.0,0.0,0.0,0.0,0.0,0.0,0.0,0.0,0.0,18.02365493774414,0.0,0.0,0.0,0.0,13.53773021697998,0.0,0.0,8.564523696899414,0.0,0.0,0.0,0.0,0.0,0.0,0.0,4.389869213104248,0.0,0.0,0.0,0.0,33.762752532958984,0.0,0.0,0.0,0.0,0.0,0.0,0.0,4.834927558898926,0.0,0.0,0.0,0.0,0.0,0.0,0.0,0.0,0.0,0.0,11.175472259521484,26.93821144104004,0.0,0.0,0.0,0.0,0.0,0.0,6.846898078918457,0.0,0.0,0.0,0.0,0.0,0.0,0.0,6.857407093048096,4.456256866455078,20.960912704467773,0.0,0.0,0.0,0.0,0.0,2.197957992553711,0.0,0.0,0.0,0.0,0.0,0.0,0.0,0.0,39.6163330078125,0.0,0.0,6.528763771057129,0.0,18.492082595825195,0.0,25.742937088012695,0.0,14.626983642578125,0.0,0.0,0.0,0.0,0.0,29.13431167602539,0.0,13.169708251953125,0.0,0.0,0.0,0.0,0.0,0.0,0.0,0.0,0.0,0.0,0.0,0.0,0.0,0.0,0.0,0.0,0.0,0.0,0.0,0.0,0.0,22.886005401611328,7.188559532165527,0.0,9.350081443786621,22.45423126220703,0.0,0.0,0.0,4.981773853302002,9.974957466125488,0.0,0.0,0.0,0.0,0.0,0.0,0.0,7.592365741729736,0.0,34.313541412353516,0.9853965044021606,5.191059589385986,6.071816921234131,0.0,0.0,0.0,39.33847427368164,0.0,0.0,0.0,24.614065170288086,0.0,0.0,28.21381950378418,0.0,0.0,0.0,0.0,0.0,0.0,0.0,0.0,0.0,0.0,0.0,0.0,0.0,0.0,7.328348159790039,7.945120334625244,1.7573473453521729,0.0,0.0,5.597487926483154,0.0,20.639101028442383,19.285310745239258,1.2927390336990356,0.3462865352630615,0.0,0.0,0.0,0.0,0.0,0.0,0.0,0.0,5.312065601348877,17.518674850463867,10.183815002441406,2.1747031211853027,0.0,0.0,0.0,0.0,0.0,20.07784080505371,0.0,0.0,0.0,0.0,0.0,11.067366600036621,0.0,0.0,0.0,0.0,0.0,0.0,0.0,0.0,17.568233489990234,4.1615142822265625,0.0,0.0,0.0,0.0,0.0,0.0,0.0,0.0,0.0,0.0,0.0,0.0,0.0,9.36162281036377,0.0,0.0,3.510946273803711,0.0,12.828264236450195,0.0,0.0,0.0,0.0,0.0,8.700787544250488,0.0,0.3763485252857208,0.0,0.0,0.0,0.0,10.4097261428833,0.0,0.0,0.0,0.0,0.0,0.0,0.0,0.0,0.0,0.0,0.0,0.0,0.0,0.0,0.0,0.0,0.0,0.0,0.0,0.0,0.0,0.0,0.0,3.510066270828247,0.0,0.0,0.0,0.0,0.0,0.0,0.0,0.0,12.507528305053711,0.0,1.170395016670227,0.0,0.0,0.0,0.0,0.0,0.0,0.0,0.0,0.0,0.0,13.822640419006348,0.0,0.0,0.0,0.8816143274307251,28.58078956604004,10.796905517578125,4.248554706573486,0.0,0.0,0.0,0.0,0.0,15.677879333496094,0.0,0.0,0.0,9.688637733459473,0.0,9.728360176086426,0.0,0.0,0.0,0.0,0.0,0.0,0.0,0.0,0.0,0.0,3.023617744445801,0.0,0.0,0.0,9.158935546875,10.177467346191406,0.0,0.0,0.0,0.0,0.0,0.0,0.0,0.0,0.36803802847862244,5.5171217918396,4.265298843383789,0.0,0.0,0.0,0.0,0.0,0.0,0.0,9.667113304138184,0.0,0.0,0.0,0.0,12.158733367919922,1.9755421876907349,0.0,0.0,15.797889709472656,0.0,0.0,0.0,4.6845221519470215,0.0,0.0,0.0,0.0,0.0,0.0,0.0,0.0,0.0,28.30530548095703,9.377071380615234,0.0,0.0,0.0,0.0,0.0,7.502010822296143,0.0,3.118595838546753,0.0,0.0,0.0,2.182828664779663,5.530134677886963,0.0,0.0,0.0,0.0,0.0,9.781675338745117,0.0,0.0,0.6545361280441284,11.62474536895752,0.0,0.0,0.0,0.0,0.0,0.0,40.29008102416992,19.23587989807129,8.067582130432129,0.0,0.0,0.0,0.0,0.0,0.0,0.0,11.427249908447266,0.0,0.0,0.0,0.0,0.0,12.55705451965332,0.0,0.0,0.0,0.0,0.0,0.0,0.0,0.0,0.0,0.0,0.0,0.0,0.0,0.0,0.0,0.0,32.824302673339844,0.0,0.0,0.0,0.0,0.0,0.0,12.293997764587402,0.0,0.0,0.0,12.270718574523926,0.0,0.0,0.0,0.0,0.0,0.0,0.0,1.366045355796814,0.0,0.0,0.0,0.0,0.0,1.5029690265655518,0.0,0.0,0.0,0.0,0.0,0.0,0.0,0.0,0.0,0.0,39.992103576660156,5.616220474243164,0.0,0.0,0.0,0.0,0.0,23.717239379882812,0.0,1.1802054643630981,0.0,0.0,0.0,0.0,2.6949143409729004,0.0,0.0,0.0,0.5394713282585144,18.794816970825195,0.0,0.0,0.0,0.0,17.697418212890625,19.684518814086914,0.0,0.0,30.6638126373291,0.0,0.0,18.432323455810547,0.0,0.0,0.0,0.0,24.587385177612305,0.0,3.037457227706909,0.0,0.0,4.174965858459473,0.0,3.9838807582855225,0.0,0.0,0.0,0.0,0.0,0.0,0.0,0.0,0.0,8.578886032104492,0.0,0.0,0.0,0.0,0.0,0.0,0.0,0.0,0.0,7.357422351837158,0.0,0.0,0.0,0.0,0.0,7.100474834442139,0.0,0.0,0.0,0.0,26.637941360473633,0.0,0.0,0.0,0.0,0.0,0.0,0.0,0.0,0.0,0.0,7.63102388381958,0.0,0.20192426443099976,12.316160202026367,0.0,0.0,0.0,0.0,23.08334732055664,27.389663696289062,0.0,0.0,0.0,2.013068914413452,0.0,0.0,7.87962532043457,0.0,0.0,0.6422544121742249,0.0,0.0,4.897455215454102,0.0,9.610395431518555,0.0,9.954450607299805,0.0,3.628837823867798,0.0,11.253828048706055,0.0,10.037808418273926,0.0,0.0,0.0,0.0,0.0,0.0,0.0,0.0,0.0,0.0,0.0,0.2422710657119751,0.0,6.155145168304443,0.0,12.081287384033203,0.0,1.2805283069610596,0.0,0.0,0.0,0.0,13.263933181762695,27.534360885620117,0.0,4.824244976043701,0.0,0.0,0.0,0.0,0.0,0.0,0.0,0.0,0.0,0.0,0.0,0.0,0.0,0.0,0.0,0.0,6.965671062469482,0.0,0.0,0.0,0.0,0.0,0.0,0.0,11.254731178283691,7.906644821166992,0.0,0.0,0.0,6.567440986633301,5.424010753631592,0.0,0.03048720210790634,0.0,0.0,0.0,0.0,0.0,25.670270919799805,0.0,5.737035274505615,0.0,7.272205352783203,14.996681213378906,0.0,0.0,0.0,33.68667984008789,0.0,0.0,0.0,16.575925827026367,0.0,0.0,15.364052772521973,0.0,0.0,0.0,0.0,0.0,0.0,0.0,0.0,0.0,0.0,20.1568603515625,0.0,0.0,0.0,0.0,0.0,7.067253112792969,0.0,0.0,7.154172897338867,0.0,11.819321632385254,2.901431083679199,0.0,18.153057098388672,0.0,0.0,8.589455604553223,0.0,0.0,0.0,0.0,0.0,4.776769161224365,0.0,6.211494445800781,0.0,0.0,0.0,0.0,0.0,0.0,23.505626678466797,4.132163047790527,0.0,0.0,0.0,0.0,12.920516967773438,0.0,0.0,0.0,0.0,0.0,0.0,0.0,0.0,13.595891952514648,0.0,0.0,0.0,0.0,0.0,0.0,0.0,0.0,0.0,0.0,0.0,0.0,0.0,0.0,8.697699546813965,1.3068244457244873,0.0,3.312957286834717,0.0,4.0253167152404785,0.0,0.0,0.0,0.0,0.0,0.0,0.0,0.0,0.0,0.0,0.0,0.0,8.170589447021484,0.0,0.0,0.0,0.0,0.0,0.0,0.0,0.0,0.0,0.0,0.0,0.0,0.0,0.0,15.140434265136719,4.141546249389648,0.0,0.0,0.0,0.0,0.0,0.0,0.0,10.171381950378418,0.0,3.9822301864624023,0.0,0.0,0.0,0.0,0.0,0.0,8.223306655883789,0.0,0.0,0.0,3.589874029159546,0.0,0.0,0.0,0.0,0.0,0.0,0.0,0.0,0.0,0.0,0.0,0.0,9.745491981506348,0.0,0.0,0.0,0.0,0.0,0.0,0.0,0.0,6.787256240844727,0.0,0.0,0.0,0.0,0.0,0.0,0.0,0.0,0.0,0.0,0.0,0.0,0.0,0.0,0.0,0.0,10.794872283935547,0.0,0.0,0.0,0.0,0.0,0.0,0.0,0.0,0.0,0.0,12.830100059509277,0.0,0.0,0.0,0.0,0.0,0.0,0.0,0.0,0.0,0.0,0.0,1.9512815475463867,0.0,0.0,0.0,0.0,0.0,0.0,0.0,0.0,0.0,5.281208038330078,0.0,0.0,0.0,0.0,0.0,0.0,0.0,0.0,0.0,0.0,3.322383403778076,0.0,0.0,0.0,0.0,0.0,0.0,0.0,0.0,0.0,0.0,0.0,0.0,0.0,0.0,0.0,0.0,1.8253201246261597,0.0,0.0,7.692419528961182,0.0,0.0,0.0,0.0,0.0,0.0,0.0,0.0,0.0,0.0,0.0,0.0,0.0,0.0,0.0,0.0,0.0,0.0,0.0,0.0,0.0,0.0,0.0,0.0,0.0,0.0,0.0,0.0,0.0,0.0,0.0,0.0,0.0,0.0,0.0,0.0,0.0,0.0,0.0,0.0,0.0,0.0,0.0,0.0,0.0,0.0,23.838930130004883,0.0,0.0,0.0,0.0,0.0,0.0,0.0,0.0,0.0,0.0,7.053467273712158,0.0,0.0,0.0,0.0,0.0,0.0,0.0,0.0,0.0,0.0,0.0,0.0,0.0,0.0,0.0,0.0,0.0,0.0,0.0,0.0,0.0,0.0,0.0,0.0,28.20037841796875,0.0,0.0,0.0,0.0,0.0,0.0,0.0,5.262385368347168,0.0,0.0,0.0,0.0,0.0,0.0,0.0,0.0,0.0,0.0,0.0,0.0,0.0,0.0,0.0,0.0,0.0,0.0,0.0,15.056791305541992,0.0,0.0,0.0,0.0,0.0,0.0,0.0,29.449308395385742,0.0,0.0,0.0,0.45803794264793396,0.0,0.0,0.0,0.0,0.0,0.0,0.0,0.0,0.0,0.0,0.0,0.0,0.0,0.0,0.0,0.0,0.0,0.0,0.0,0.0,0.0,0.0,0.0,0.0,0.0,0.0,0.0,0.0,0.0,0.0,0.0,0.0,0.0,22.263490676879883,0.0,0.0,0.0,0.0,0.0,0.0,0.0,0.0,0.0,0.0,24.42168617248535,0.0,0.380872905254364,7.380361080169678,0.0,0.0,0.0,0.0,0.0,0.0,0.0,0.0,0.0,0.0,0.0,0.0,0.0,0.0,0.0,0.0,0.0,0.0,0.0,0.0,0.0,0.0,0.0,0.0,0.0,0.0,0.0,0.0,0.0,8.274495124816895,0.0,0.0,0.0,0.0,0.0,0.0,0.0,0.0,0.0,0.0,0.0,0.0,0.0,0.0,0.0,0.0,0.0,0.0,3.064980983734131,0.0,0.0,0.859211802482605,5.360172748565674,0.0,0.0,0.0,0.0,0.0,0.0,0.0,0.0,0.0,0.0,0.0,0.0,0.0,0.0,0.0,0.0,0.0,0.0,0.0,0.0,0.0,0.0,0.0,0.0,0.0,0.0,0.0,0.0,0.0,0.0,0.0,0.0,0.0,0.0,0.0,0.0,0.0,0.0,0.0,0.0,7.1222825050354,0.0,0.0,0.0,0.0,9.40999984741211,0.0,0.0,0.0,20.724123001098633,0.0,0.0,0.0,7.872181415557861,0.0,0.0,0.0,0.0,0.0,0.0,0.0,0.0,0.0,0.0,0.0,0.0,0.0,13.905170440673828,0.0,0.0,0.0,0.0,0.0,0.9436216354370117,0.0,0.0,0.0,0.0,0.0,0.0,0.0,15.160985946655273,0.0,0.0,0.0,0.0,0.5337365865707397,0.0,0.0,1.0315477848052979,0.0,0.0,0.0,0.0,0.0,0.0,0.0,0.0,0.0,6.623968601226807,0.0,0.0,0.0,0.0,0.0,0.0,0.0,0.0,0.0,0.0,0.0,2.972346782684326,0.0,0.0,38.3099365234375,0.0,0.0,0.0,0.0,0.0,0.0,0.0,0.0,0.0,0.0,0.0,0.0,0.0,0.0,0.0,5.0291290283203125,0.0,0.0,0.0,0.0,0.0,0.0,0.0,0.0,0.0,0.0,0.0,0.0,0.0,0.0,0.0,0.0,0.0,0.0,0.0,0.0,0.0,0.0,0.0,0.0,0.0,0.0,0.0,0.0,0.0,0.0,0.0,10.796235084533691,3.007031202316284,0.0,0.0,0.0,0.0,0.0,0.0,0.0,0.0,0.0,6.496213912963867,0.0,0.0,0.0,0.0,0.0,0.0,10.429110527038574,0.0,0.0,0.0,0.0,0.0,0.0,0.0,0.0,0.0,0.0,0.0,0.0,0.0,0.0,0.0,0.0,9.957138061523438,0.0,0.0,0.0,0.0,0.0,0.0,0.0,0.0,0.0,0.0,0.0,0.0,0.0,0.0,0.0,0.0,0.0,0.0,0.0,0.0,0.0,0.0,0.0,0.0,0.0,20.40267562866211,0.0,0.0,0.0,0.0,0.0,0.0,0.0,0.0,0.0,0.0,14.888612747192383,0.0,0.0,0.0,0.0,0.0,0.0,0.0,0.0,0.0,0.0,0.0,0.604356050491333,0.0,0.0,0.0,0.0,0.0,0.0,0.0,0.0,0.0,0.0,0.0,0.0,0.0,0.0,0.0,0.0,0.0,0.0,0.0,0.0,0.0,0.0,0.0,0.0,0.0,0.9631439447402954,0.0,0.0,0.0,0.0,0.0,0.0,0.0,0.0,0.0,0.0,0.0,0.0,0.0,0.0,13.623013496398926,0.0,0.0,0.0,0.0,0.0,0.0,0.0,0.0,0.0,0.0,0.0,0.0,26.249143600463867,0.0,0.0,0.0,0.0,0.0,0.0,0.0,0.0,0.0,0.0,0.0,0.0,0.0,0.0,0.0,0.0,0.0,0.0,0.0,0.0,0.0,0.0,0.0,0.0,0.0,0.0,0.0,0.0,0.0,0.0,0.0,0.0,0.0,0.0,0.0,0.0,0.0,0.0,0.0,0.0,0.0,0.0,0.0,0.0,5.649811267852783,0.0,0.0,0.0,0.0,0.0,0.0,0.0,0.0,0.0,0.0,0.0,0.0,0.0,0.0,0.0,0.0,0.0,0.0,0.0,0.0,0.0,0.0,0.0,0.0,0.0,0.0,0.0,0.0,0.0,0.0,0.0,0.0,11.5157470703125,0.0,0.0,0.0,0.0,0.0,0.0,0.0,0.0,0.0,0.0,0.0,0.0,0.0,0.0,0.0,0.0,0.0,0.0,0.0,0.0,0.0,0.0,0.0,0.0,0.0,0.0,0.0,0.0,0.0,0.0,0.0,13.98440170288086,0.0,0.0,0.0,0.0,0.0,0.0,0.9534022808074951,18.811601638793945,0.0,0.0,0.0,0.0,0.0,0.0,0.0,0.0,0.0,0.0,0.0,0.0,0.0,0.0,0.0,0.0,0.0,0.0,0.0,0.0,0.0,0.0,0.0,0.0,0.0,24.209381103515625,0.0,0.0,0.0,0.0,0.0,0.0,0.0,0.0,0.0,0.0,21.431665420532227,0.0,0.0,0.0,0.0,0.0,0.0,0.0,0.0,0.0,0.0,0.0,0.0,0.0,0.0,0.0,0.0,0.0,0.0,0.0,2.328977584838867,0.0,0.0,0.0,0.0,0.0,0.0,0.0,0.0,0.0,0.0,0.0,0.0,2.9800872802734375,0.0,0.0,0.0,0.0,0.0,0.0,0.0,0.0,0.0,0.0,0.0,0.0,0.0,0.0,0.0,0.0,0.0,0.0,0.0,0.0,0.0,0.0,6.544092178344727,0.0,0.0,0.0,0.0,0.0,0.0,0.0,0.0,0.0,0.0,0.0,0.0,0.0,0.0,0.0,0.0,0.0,0.0,0.0,0.0,0.0,0.0,0.0,0.0,0.0,0.0,0.0,0.0,0.0,0.0,0.0,0.0,0.0,0.0,0.0,0.0,0.0,0.0,0.0,0.0,0.0,0.0,0.0,0.0,0.0,20.446081161499023,0.0,0.0,0.0,26.08873176574707,0.0,0.0,0.0,0.0,0.0,0.0,0.0,0.0,5.719142436981201,0.0,0.0,0.0,0.0,0.0,0.0,0.0,0.0,0.0,0.0,0.0,0.0,0.0,0.0,0.0,0.0,0.0,0.0,0.0,0.0,0.0,0.0,0.0,0.0,0.0,0.0,0.0,0.0,0.0,0.0,16.453548431396484,0.0,0.0,0.0,0.0,0.0,0.0,0.0,0.0,0.0,0.0,0.0,0.0,0.0,0.0,0.0,0.0,0.0,0.0,0.0,0.0,0.0,0.0,0.0,0.0,44.54327392578125,0.0,0.0,0.0,0.0,0.0,0.0,0.0,0.0,0.0,0.0,0.0,0.0,0.0,0.0,0.0,0.0,0.0,0.0,0.0,0.0,0.0,0.0,0.0,0.0,0.0,0.0,0.0,0.0,0.0,0.0,0.0,0.0,0.0,0.0,0.0,0.0,0.0,0.0,0.0,0.0,0.0,0.0,0.0,0.0,0.0,0.0,0.0,0.0,0.0,0.0,0.0,0.0,0.0,0.0,1.0544670820236206,0.0,0.0,0.0,0.0,0.0,0.0,0.0,0.0,0.0,0.0,0.0,0.0,0.0,0.0,0.0,0.0,0.0,0.0,0.0,0.0,0.0,0.0,0.0,1.4215104579925537,0.0,0.0,0.0,0.0,11.614432334899902,0.0,0.0,0.0,0.0,0.0,0.0,0.0,0.0,0.0,0.0,0.0,14.972627639770508,0.0,6.11203670501709,0.0,0.0,0.0,0.0,0.0,0.0,0.0,0.0,0.0,0.0,12.950043678283691,0.0,0.0,0.0,20.156709671020508,1.6644577980041504,0.0,0.0,0.0,0.0,0.0,0.0,0.0,0.0,0.0,10.726253509521484,5.527220249176025,0.0,0.0,0.0,0.0,0.0,2.39634370803833,3.5665640830993652,7.031853675842285,0.0,0.0,0.0,0.0,0.0,0.0,0.0,0.0,0.0,0.0,0.0,0.0,0.0,0.0,0.0,0.0,0.0,0.0,0.0,0.0,0.0,0.0,0.0,0.0,0.0,0.0,0.0,1.9425309896469116,0.0,0.0,17.51957893371582,4.373074531555176,0.0,0.0,0.0,0.05603402853012085,1.052417516708374,0.0,0.0,0.0,0.0,0.0,0.0,0.0,0.0,0.0,0.39629897475242615,15.649651527404785,0.0,0.0,0.0,0.0,17.00251007080078,0.0,0.0,4.635526657104492,0.0,0.0,0.0,0.0,0.0,0.0,0.0,0.0,0.0,0.0,0.0,1.6672823429107666,0.0,18.299650192260742,0.0,0.0,0.0,16.675588607788086,0.0,0.0,0.0,0.0,6.978366851806641,0.0,0.0,0.0,0.0,0.0,0.0,0.0,0.0,0.0,0.0,0.0,0.0,0.0,0.0,21.763513565063477,0.0,0.0,5.848296165466309,2.862912654876709,0.0,0.0,0.0,0.0,0.0,0.0,0.0,1.3043889999389648,0.0,0.0,0.0,0.0,0.0,0.0,0.0,0.0,0.0,5.02376651763916,0.0,0.0,0.0,0.0,0.7022545337677002,0.0,21.209108352661133,0.0,0.0,0.0,4.871565818786621,0.0,0.0,0.0,0.0,0.0,0.0,0.0,0.0,0.0,1.9336696863174438,0.0,0.0,0.0,4.495255470275879,19.223651885986328,0.0,0.0,0.0,3.54296875,12.142524719238281,16.764240264892578,0.0,0.0,0.0,0.0,0.0,6.930431365966797,0.0,0.0,0.0,1.4096808433532715,0.0,0.0,2.6365363597869873,0.0,0.0,0.0,0.0,0.0,0.0,0.0,0.0,0.0,4.061868667602539,0.0,0.0,0.0,0.0,0.0,0.0,0.0,0.0,0.0,0.0,0.0,0.0,0.0,0.0,0.0,0.0,0.0,0.0,0.0,0.0,0.0,0.0,0.0,0.0,0.0,3.2355737686157227,0.0,0.0,0.0,0.0,0.0,0.0,0.0,0.0,0.0,0.0,0.0,0.0,0.0,0.0,0.0,0.0,0.0,0.0,0.11517435312271118,0.0,0.0,0.0,0.0,1.4667298793792725,0.0,0.0,0.0,0.0,13.807116508483887,0.0,15.265717506408691,0.0,0.0,0.0,14.750785827636719,0.0,0.0,0.0,0.0,0.0,9.44339656829834,0.0,0.0,14.473255157470703,17.26411247253418,0.0,0.0,0.0,0.0,0.0,0.0,0.0,0.0,0.0,0.0,0.0,0.0,0.0,5.787463188171387,0.0,14.140076637268066,0.0,0.0,4.196568012237549,0.0,0.0,45.613136291503906,0.0,0.0,0.0,0.0,0.0,2.4913766384124756,0.0,0.0,0.0,0.0,0.0,0.0,7.312275409698486,0.0,30.82132339477539,3.058605909347534,0.0,0.0,0.0,0.0,0.0,0.0,0.0,0.0,0.0,0.0,0.0,0.0,0.0,0.0,0.0,0.0,0.0,0.0,15.814908027648926,0.0,0.0,0.0,0.0,0.0,16.773418426513672,0.0,11.881791114807129,7.306575775146484,0.0,22.58515739440918,0.0,0.0,0.0,76.7930679321289,0.0,0.0,0.0,22.420822143554688,0.0,0.0,10.882710456848145,0.0,7.9297099113464355,0.0,0.0,0.0,0.0,0.0,0.0,0.0,0.0,0.0,0.0,0.0,0.0,0.0,0.0,11.167288780212402,0.0,0.0,0.0,1.6817973852157593,5.878344535827637,5.577622413635254,0.0,0.0,0.0,0.0,0.18876342475414276,0.0,0.0,0.0,0.0,0.0,0.0,0.0,0.0,0.0,0.0,0.0,0.0,0.0,0.0,0.0,0.0,0.0,0.0,0.0,0.0,0.0,0.0,0.0,0.0,0.0,0.0,0.0,0.0,0.0,8.913844108581543,0.0,0.0,0.0,0.0,0.0,0.0,0.0,0.0,0.0,0.0,0.0,8.415437698364258,0.0,0.0,0.0,0.0,3.461284637451172,0.0,0.0,15.363558769226074,17.1920166015625,0.0,0.0,0.0,0.0,2.197037696838379,0.0,22.024599075317383,0.0,0.0,0.0,0.0,0.0,0.0,0.0,0.0,0.0,0.0,0.0,0.0,0.0,0.0,4.815235137939453,0.0,0.0,0.0,0.0,0.0,3.162029981613159,0.0,0.0,0.0,0.0,2.0028574466705322,0.0,0.0,1.1577796936035156,0.0,0.0,0.0,0.0,0.0,0.0,0.0,0.0,4.144530296325684,0.0,0.0,0.0,0.0,0.0,0.0,0.0,8.871788024902344,0.0,0.0,0.0,4.644363880157471,0.0,0.0,0.0,0.0,0.0,7.084584712982178,15.400418281555176,0.0,0.0,0.0,0.0,0.0,0.0,0.0,0.0,0.0,0.0,0.0,0.0,0.0,0.0,0.0,0.0,0.0,0.0,0.0,0.0,0.0,0.0,0.0,8.615336418151855,0.0,11.318144798278809,0.0,0.0,0.0,0.0,0.0,0.0,0.0,0.0,0.0,0.0,0.0,1.1096075773239136,0.0,0.0,0.0,0.0,0.0,0.0,0.0,23.794706344604492,0.0,0.0,0.0,0.0,0.0,0.0,0.0,0.0,0.0,0.0,0.0,0.0,0.0,0.0,0.0,0.0,0.0,0.0,0.0,0.0,0.0,0.0,0.0,0.0,15.519509315490723,0.0,1.5314934253692627,0.0,17.19234275817871,0.0,0.0,0.0,0.0,0.0,0.0,0.0,0.0,0.0,0.0,0.0,8.65072250366211,0.0,0.0,0.0,23.659317016601562,0.0,0.0,0.0,0.0,0.0,6.875591278076172,0.0,0.0,0.0,6.777982711791992,19.23474884033203,0.0,20.629276275634766,0.0,0.0,0.0,0.0,2.91459321975708,0.0,0.0,0.0,0.0,0.0,0.0,0.0,0.0,0.0,0.0,0.0,0.0,9.507369041442871,0.0,2.8180763721466064,0.0,0.0,0.0,0.0,0.0,0.0,0.0,0.0,0.0,0.0,0.0,0.0,0.0,0.0,0.0,0.0,0.0,7.422964096069336,0.0,0.0,0.0,8.761734962463379,0.0,0.0,0.0,0.0,5.052628517150879,0.0,0.0,0.0,0.0,0.0,0.0,0.0,0.0,0.0,0.0,0.2280585765838623,0.0,0.0,0.0,0.0,0.0,0.0,0.0,0.0,0.0,0.0,0.0,0.0,0.0,1.0788692235946655,0.0,0.0,0.0,8.527139663696289,0.0,0.0,0.0,0.0,4.520992755889893,0.0,0.0,0.0,0.0,0.0,0.0,0.0,0.0,6.236785411834717,0.0,0.0,0.0,0.0,22.700963973999023,0.0,0.0,4.783373832702637,0.0,0.0,0.0,0.0,0.0,0.0,0.0,0.0,13.702749252319336,0.0,0.0,0.0,0.0,0.0,0.0,0.0,0.0,0.0,0.0,0.0,0.0,0.0,0.0,0.0,0.0,0.0,0.0,0.0,0.0,0.0,0.0,0.0,0.0,0.0,0.0,0.0,0.0,12.337529182434082,0.0,0.0,0.0,0.0,14.675233840942383,0.0,0.0,0.0,0.0,0.0,11.585808753967285,0.0,0.0,0.0,0.0,0.0,0.0,0.0,0.0,0.0,0.0,0.0,0.0,0.0,0.0,0.0,0.0,0.0,0.0,0.0,0.0,3.873711585998535,0.0,0.0,0.0,9.604798316955566,0.0,0.0,0.0,0.0,0.0,0.0,0.0,0.0,0.0,0.0,0.0,0.0,0.0,0.0,0.0,0.0,0.0,0.0,0.0,0.0,23.076683044433594,0.0,0.0,0.0,0.0,0.0,0.0,19.473495483398438,0.0,16.416841506958008,0.0,0.0,0.0,0.0,0.0,53.39398193359375,0.0,8.342839241027832,0.0,0.0,0.0,0.0,0.0,0.0,0.0,0.0,0.0,0.0,1.4221793413162231,0.0,0.0,0.0,0.0,0.0,0.0,0.0,0.0,0.0,0.0,0.0,0.0,0.0,0.0,0.0,0.0,0.0,0.0,0.0,0.0,0.0,0.0,0.0,0.0,0.0,0.0,0.0,0.0,3.6502134799957275,29.28752326965332,10.78414535522461,0.0,2.142585515975952,0.0,0.0,0.0,24.65215492248535,0.0,0.0,0.8476743698120117,35.76833724975586,0.0,7.639989376068115,13.365042686462402,0.0,0.0,0.0,0.0,0.0,0.0,0.0,0.0,0.0,0.0,1.4942082166671753,12.472450256347656,5.252918243408203,0.0,0.0,0.0,1.6730754375457764,0.0,0.0,0.0,5.818309783935547,0.0,0.0,0.0,0.0,0.0,0.0,0.0,27.39248275756836,0.0,15.666866302490234,0.0,0.0,0.0,0.5240907669067383,0.0,0.0,0.0,3.7152907848358154,0.0,0.0,0.0,0.0,0.0,1.052839756011963,0.0,0.0,0.0,0.0,0.0,0.0,0.0,0.0,0.0,0.0,0.0,0.0,5.866735935211182,19.377363204956055,0.0,0.0,0.0,5.581602096557617,0.0,0.0,0.0,0.0,0.0,0.0,0.0,0.0,0.0,0.0,0.0,0.0,0.0,12.088275909423828,0.0,0.7825304865837097,0.0,0.0,0.0,0.0,0.0,0.0,16.78719139099121,0.0,0.0,0.0,0.0,0.0,0.0,0.0,0.0,0.0,0.0,0.0,0.0,0.0,0.0,0.0,0.0,0.0,0.0,0.0,0.0,9.235420227050781,0.0,0.0,0.0,0.0,0.0,0.0,0.0,0.0,0.0,0.0,0.0,0.0,0.0,0.0,0.0,0.0,0.0,0.0,0.0,0.0,0.0,0.0,0.0,0.0,0.0,0.0,0.0,0.0,0.0,0.0,0.0,0.0,0.0,0.0,44.02236557006836,3.75532865524292,0.0,0.0,0.0,0.0,0.0,0.0,0.0,0.0,0.0,0.0,0.0,0.0,7.332696914672852,0.0,0.0,0.0,0.0,0.0,0.0,0.0,0.0,0.0,3.949732780456543,8.57301139831543,0.0,2.3153469562530518,0.0,39.18849563598633,17.971372604370117,0.0,0.0,0.0,0.0,0.0,0.0,0.0,0.0,0.0,0.0,0.0,0.0,0.0,0.0,0.0,0.0,15.618410110473633,0.0,0.0,0.0,0.0,0.0,0.0,0.0,0.0,0.0,0.0,12.120702743530273,0.0,0.0,0.0,0.0,0.0,0.0,0.0,0.0,0.0,0.0,0.0,0.0,0.0,26.513832092285156,0.0,0.0,0.0,26.770315170288086,0.0,0.0,0.0,0.0,0.0,0.0,0.0,0.0,0.0,0.0,0.0,27.114973068237305,0.0,0.0,0.0,19.158836364746094,0.0,0.0,0.0,0.0,4.7700958251953125,19.050386428833008,0.0,0.0,0.0,1.3890676498413086,19.11652183532715,0.0,32.512516021728516,0.0,6.755739688873291,0.0,0.0,0.0,0.0,0.0,0.0,0.0,0.0,0.0,0.0,0.0,0.0,0.0,0.0,0.0,6.185174942016602,0.0,2.013131856918335,0.0,0.0,0.0,0.0,0.0,0.0,0.0,0.0,0.0,0.0,0.0,0.0,0.0,0.0,0.0,0.0,0.0,11.642284393310547,0.0,0.0,0.0,13.06458568572998,12.401147842407227,0.0,1.64213228225708,0.0,0.0,4.387226581573486,0.0,0.0,0.0,0.0,0.0,0.0,0.0,0.0,0.0,0.0,0.0,0.0,0.0,0.0,0.0,0.0,0.0,0.0,3.722719430923462,0.0,0.0,0.0,0.0,0.0,0.0,0.0,0.0,22.104572296142578,0.0,0.0,0.0,0.0,0.0,0.0,0.0,0.0,0.0,35.07249069213867,0.0,0.0,4.443140983581543,5.59496545791626,0.0,0.0,0.0,0.0,31.19530487060547,0.0,0.0,2.9682652950286865,0.0,0.0,10.90041732788086,0.0,0.0,0.0,0.0,0.0,13.993921279907227,0.0,0.0,0.0,0.0,0.0,0.0,0.0,2.2540812492370605,0.0,3.4896180629730225,0.0,0.0,14.421564102172852,0.0,0.0,0.0,0.0,25.66901969909668,0.0,0.0,0.0,4.5098114013671875,0.0,0.0,0.0,0.0,0.0,0.0,19.483339309692383,0.0,0.0,0.0,0.0,25.250268936157227,0.0,0.0,0.0,0.0,0.0,0.0,0.0,0.0,0.0,0.0,3.710435152053833,0.0,0.0,0.0,0.0,0.0,0.0,0.0,0.0,12.651439666748047,0.0,0.0,0.0,0.0,0.0,0.0,0.0,0.0,0.0,0.0,0.0,32.35150146484375,0.0,0.0,0.0,12.456808090209961,8.515110969543457,0.0,0.0,0.0,0.0,0.0,0.0,0.0,0.0,0.0,0.0,0.0,0.0,11.13236141204834,0.0,52.88105773925781,0.0,0.0,0.0,0.0,0.0,0.0,8.79737377166748,0.0,4.097396373748779,0.0,0.0,0.0,0.0,0.0,71.2635498046875,0.0,0.0,0.0,0.0,0.0,0.0,0.0,0.0,0.0,0.0,0.0,0.0,0.0,0.0,0.0,0.0,0.0,0.0,0.0,0.0,0.0,0.0,0.0,0.0,0.0,0.0,4.7338995933532715,41.43498611450195,0.0,0.0,0.0,3.6161839962005615,0.0,0.0,6.1863579750061035,0.0,0.0,0.0,0.0,0.0,0.0,1.3848555088043213,45.14638137817383,4.15895938873291,0.0,0.0,0.0,0.0,0.0,24.929534912109375,0.0,0.0,0.0,43.339515686035156,0.0,12.463859558105469,13.10560417175293,0.0,34.088951110839844,0.0,0.0,0.0,0.0,0.0,0.0,0.0,0.0,10.765582084655762,0.0,3.4178307056427,0.0,0.0,2.8695569038391113,3.802142858505249,0.0,0.0,0.0,1.696730375289917,0.0,0.0,0.0,0.0,0.0,0.0,0.0,48.54548263549805,0.0,18.35264778137207,0.0,0.0,0.0,15.910764694213867,0.0,0.0,0.0,0.0,0.0,0.0,0.0,0.0,0.0,0.0,0.0,0.0,0.0,0.0,0.0,0.0,0.0,0.0,0.0,0.0,0.0,0.0,32.7546501159668,13.55372428894043,0.0,0.0,0.0,5.957215785980225,0.0,0.0,0.0,0.0,0.0,0.0,0.0,0.0,0.0,0.0,0.0,0.0,1.6289951801300049,11.279960632324219,0.0,0.0,0.0,0.0,0.0,0.7731395363807678,0.0,0.0,0.0,0.0,0.0,0.0,0.0,0.0,0.0,0.0,0.0,0.0,0.0,0.0,0.0,0.0,0.0,0.0,0.0,0.0,0.0,0.0,0.0,8.095890998840332,0.0,0.0,0.0,0.0,0.0,0.0,0.0,0.0,0.0,0.0,0.0,0.0,0.0,0.0,0.0,0.0,0.0,0.0,14.94516658782959,0.0,0.0,0.0,0.0,0.0,0.0,0.0,0.0,0.0,0.0,0.390943706035614,0.0,1.1274076700210571,0.0,0.0,49.78480529785156,0.0,0.0,0.0,0.0,0.0,0.0,0.0,0.0,0.0,0.0,0.0,0.0,0.0,0.0,0.0,0.0,0.0,0.0,0.0,0.0,0.0,0.0,0.0,7.231532573699951,0.0,0.0,0.0,0.0,42.70420837402344,4.314901351928711,0.0,0.0,0.0,0.0,0.0,0.0,0.0,0.0,0.0,0.0,0.0,0.0,0.0,0.0,0.0,0.0,0.0,0.0,0.0,0.0,0.0,0.0,0.0,0.0,0.0,0.0,0.0,14.107173919677734,0.0,0.0,0.0,0.0,0.0,0.0,0.0,0.0,0.0,0.0,0.0,0.0,0.0,18.87740707397461,0.0,0.0,0.0,19.37274169921875,0.0,0.0,0.0,0.0,0.0,0.0,0.0,0.0,0.0,0.0,0.0,12.465736389160156,0.0,0.0,0.0,1.8491227626800537,0.0,0.0,0.0,0.0,0.0,6.870054721832275,0.0,0.0,0.0,0.0,1.718421459197998,0.0,32.02436065673828,0.0,0.0,0.0,16.462717056274414,0.0,0.0,0.0,0.0,0.0,0.0,0.0,0.0,0.0,0.0,0.0,0.0,0.0,0.0,0.0,0.0,0.0,0.0,0.0,0.0,0.0,0.0,0.0,0.0,0.0,0.0,0.0,0.0,0.0,0.3115962743759155,0.0,0.0,0.0,5.44338321685791,0.0,0.0,0.0,12.721672058105469,3.161263942718506,0.0,0.0,0.0,0.0,4.194249629974365,0.8566148281097412,0.0,0.0,0.0,0.0,0.0,0.0,0.0,0.0,0.0,0.0,0.0,0.0,0.0,0.0,0.0,0.0,0.0,20.255287170410156,0.0,0.0,0.0,0.2969939708709717,0.0,0.0,0.0,0.0,0.0,0.0,0.0,0.0,0.0,0.0,0.0,0.0,0.0,0.0,37.32434844970703,0.0,0.0,0.0,0.0,0.0,0.0,0.43629345297813416,0.0,21.463668823242188,0.0,0.0,0.0,0.0,0.0,11.45026683807373,0.0,2.046342611312866,0.0,0.0,0.0,0.0,0.0,0.0,0.0,0.0,3.3424220085144043,0.0,0.0,0.0,0.0,52.42616653442383,0.0,0.0,6.565340995788574,0.0,3.8205127716064453,0.0,0.0,35.24053192138672,0.0,0.0,0.0,11.157411575317383,0.0,0.0,0.0,0.0,0.0,0.0,0.0,0.0,0.0,0.0,0.0,8.800725936889648,0.0,0.0,0.0,0.0,0.0,0.0,0.0,0.0,0.0,0.0,22.190780639648438,0.0,0.0,35.809757232666016,0.0,0.0,0.0,0.0,0.0,17.522584915161133,0.0,0.0,0.0,0.0,0.0,0.0,0.0,0.0,0.0,0.0,0.0,31.71015167236328,0.0,0.0,0.0,18.64666175842285,11.120339393615723,0.0,0.0,0.0,0.0,0.0,0.0,0.0,0.0,0.0,0.0,0.0,0.0,0.0,0.0,34.59130096435547,0.0,0.0,0.0,0.0,0.0,0.0,0.0,0.0,7.727510929107666,0.0,5.163614273071289,0.0,0.0,0.0,63.567604064941406,0.0,0.0,0.0,0.0,0.0,0.0,4.229549884796143,0.0,0.0,0.0,0.0,0.0,0.0,0.0,2.1599295139312744,0.0,0.0,0.0,0.0,0.0,0.0,0.0,0.0,0.0,0.0,0.0,10.152990341186523,49.1760368347168,0.0,0.0,8.402472496032715,23.266056060791016,0.0,0.0,15.851388931274414,0.0,0.0,0.0,0.0,0.0,0.0,0.0,6.173166751861572,0.0,0.0,0.0,0.0,1.0794755220413208,0.0,21.368614196777344,0.0,0.0,0.0,10.690823554992676,0.0,0.0,0.0,0.0,28.912914276123047,0.0,0.0,0.0,0.0,0.0,0.0,0.0,0.0,11.844559669494629,0.0,0.0,0.0,0.0,0.21484950184822083,0.0,0.0,0.0,0.0,0.0,0.0,0.0,0.0,0.0,0.0,0.0,0.0,41.266143798828125,0.0,0.0,0.0,0.0,0.0,12.234320640563965,0.0,0.0,0.0,0.0,0.0,0.0,0.0,0.0,0.0,0.0,0.0,0.0,0.0,4.733621597290039,0.0,0.0,0.0,0.0,0.0,0.0,0.0,0.0,28.42622184753418,0.0,0.0,0.0,0.0,0.0,0.0,0.0,0.0,0.0,0.0,0.0,0.0,0.0,6.842680931091309,0.0,0.0,0.0,0.0,0.0,0.0,0.0,0.0,0.0,0.0,0.0,0.0,0.0,0.0,0.0,0.0,0.0,0.0,0.0,0.0,0.0,0.0,0.0,0.0,0.0,0.0,0.0,0.0,0.0,0.0,0.0,0.0,0.0,6.01431941986084,20.536306381225586,5.3259453773498535,0.0,0.0,0.0,0.0,0.0,0.0,0.0,0.0,0.0,0.0,0.0,0.0,0.0,0.0,0.0,0.0,0.0,9.733759880065918,0.0,0.0,0.0,0.0,0.0,0.0,0.0,0.0,0.0,0.0,4.29060697555542,0.0,1.6259433031082153,0.0,0.0,0.0,0.0,0.0,0.0,0.0,0.0,0.0,0.0,0.0,0.0,0.0,0.0,0.0,0.0,0.0,0.0,0.0,0.0,0.0,0.0,0.0,0.0,0.0,0.0,0.0,0.0,0.0,0.0,0.0,0.0,0.0,0.0,0.0,0.0,0.0,0.0,0.0,0.0,0.0,0.0,0.0,0.0,0.0,0.0,0.0,0.0,0.0,0.0,0.0,0.0,0.0,0.0,0.0,0.0,0.0,0.0,0.0,0.0,10.925865173339844,0.0,0.0,0.0,0.0,0.0,0.0,0.0,0.0,0.0,0.0,0.9935258626937866,0.0,0.0,0.0,0.0,0.0,0.0,0.0,0.0,0.0,0.0,0.0,0.0,0.0,0.0,0.0,0.0,1.5413259267807007,0.0,0.0,0.0,0.0,17.26325035095215,5.943518161773682,0.0,0.0,0.0,0.0,0.0,0.0,0.0,0.0,0.0,0.0,0.0,0.0,14.586091041564941,0.0,0.0,0.0,14.702047348022461,0.0,0.0,0.0,4.412631511688232,0.0,0.0,0.0,0.7178120613098145,0.0,0.0,0.0,0.0,0.0,0.0,0.0,0.0,0.0,0.0,0.0,0.0,0.0,0.0,0.0,0.0,0.0,0.0,17.03430938720703,0.0,0.0,5.15280818939209,0.0,0.0,0.0,0.0,0.0,0.0,0.0,14.355836868286133,0.5750240683555603,0.0,0.0,0.0,0.0,0.0,7.965050220489502,0.0,0.0,0.0,0.0,0.0,0.0,0.0,0.0,0.0,0.0,0.0,0.0,0.0,0.0,0.0,0.0,0.0,26.326692581176758,0.0,0.0,0.0,0.0,0.0,0.0,10.046730995178223,0.0,0.0,0.0,0.0,0.0,0.0,0.0,0.0,0.0,0.0,8.29758071899414,25.665847778320312,0.0,0.0,0.0,0.0,0.0,0.0,9.55344009399414,0.0,34.605045318603516,0.0,0.0,0.0,0.0,0.0,0.0,0.0,47.99151611328125,0.0,0.0,0.0,0.0,0.0,0.0,0.0,0.0,0.0,0.0,0.0,0.0,0.0,40.97785949707031,0.0,0.0,0.0,0.0,6.791243076324463,0.0,0.0,0.0,0.0,0.0,0.0,19.935291290283203,0.0,0.0,0.0,0.0,0.0,0.0,0.0,0.0,0.0,0.0,0.0,0.0,0.0,0.0,0.0,0.0,0.0,0.0,0.0,0.0,0.0,0.0,32.43647003173828,0.0,25.5343017578125,29.274627685546875,0.0,0.0,0.0,0.0,0.0,4.815638065338135,0.0,0.0,0.0,0.0,0.0,0.0,0.0,0.0,0.0,0.0,0.0,0.0,0.0,0.0,0.0,0.0,0.0,0.0,0.0,0.0,0.0,0.0,0.0,0.0,0.0,0.0,0.0,0.0,0.0,0.0,0.0,0.0,0.0,0.0,0.0,0.0,0.0,0.0,0.0,0.0,9.26531982421875,0.0,18.31277847290039,0.0,0.0,0.0,15.44277572631836,0.0,0.0,0.0,0.0,5.310107707977295,0.0,0.0,0.0,0.0,0.0,0.0,0.0,0.0,0.0,0.0,0.0,0.0,0.0,0.0,0.0,0.0,0.0,0.0,0.0,0.0,0.0,0.0,1.5051826238632202,15.205270767211914,0.0,0.0,10.000638008117676,0.0,0.0,0.0,0.0,0.0,0.0,0.0,0.0,0.0,0.0,0.0,0.0,0.0,0.0,0.0,0.0,0.0,0.0,0.0,0.0,0.0,0.0,0.0,0.0,0.0,0.0,1.120673656463623,0.0,0.0,0.0,0.0,0.0,0.0,0.0,0.0,8.819914817810059,0.0,0.0,0.0,0.0,0.0,0.0,0.0,0.0,0.0,0.0,0.0,0.0,0.0,0.0,0.0,0.0,0.0,23.158523559570312,0.0,0.0,0.0,0.0,0.0,0.0,0.0,0.0,0.0,0.0,0.0,0.0,0.0,0.0,0.0,0.0,0.0,0.0,0.0,6.694990634918213,0.0,0.0,0.0,0.0,0.0,0.0,0.0,0.0,34.96755599975586,0.0,0.0,0.0,0.0,0.0,0.0,0.0,0.0,0.0,0.0,0.0,0.0,0.0,0.0,0.0,4.276750564575195,0.0,0.0,0.0,0.0,0.0,0.0,0.0,0.0,0.0,0.0,0.0,0.0,0.0,0.0,0.0,0.0,0.0,0.0,0.0,0.0,0.0,0.0,0.0,0.0,0.0,0.0,0.0,0.0,0.0,0.0,0.0,18.212108612060547,11.3087797164917,4.436763286590576,0.0,0.0,0.0,0.0,0.0,17.34872055053711,0.0,0.0,0.0,0.0,0.0,0.0,0.0,0.0,0.0,0.0,0.0,0.0,0.0,0.0,0.0,0.0,0.0,0.0,0.0,0.0,0.0,0.0,0.0,0.0,0.0,0.0,0.0,0.0,0.0,0.0,0.0,0.0,0.0,0.0,0.0,0.0,0.0,0.0,0.0,0.0,0.0,0.0,0.0,0.0,0.0,0.0,0.0,0.0,0.0,0.0,0.0,0.0,0.0,0.0,0.0,0.0,0.0,0.0,0.0,0.0,0.0,0.0,0.0,0.0,0.0,0.0,0.0,0.0,0.0,0.0,0.0,0.0,0.0,0.0,0.0,1.5662195682525635,0.0,0.0,0.0,0.0,0.0,0.0,0.0,0.0,0.0,0.0,0.0,0.0,0.0,0.0,0.0,0.0,0.0,0.0,0.0,0.0,0.0,0.0,0.0,0.0,0.0,0.0,0.0,0.0,0.0,0.0,0.0,0.0,0.0,0.0,0.0,0.0,0.0,0.0,0.0,0.0,0.0,0.0,17.529903411865234,0.0,0.0,0.0,0.0,0.0,0.0,0.0,0.0,0.0,0.0,0.0,0.0,0.0,0.0,0.0,0.0,0.0,0.0,0.0,0.0,0.0,0.0,0.0,0.0,0.0,0.0,0.0,0.0,0.0,0.0,0.0,0.0,0.0,0.0,0.0,0.0,0.0,0.0,0.0,0.0,0.0,0.0,0.0,0.0,0.0,0.0,0.0,0.0,0.0,0.0,0.0,0.0,0.0,0.0,0.0,12.679183959960938,4.403497219085693,0.0,0.0,0.0,0.0,0.0,0.0,0.0,0.0,0.0,0.0,0.0,0.0,0.0,0.0,0.0,0.0,0.0,0.0,0.0,0.0,0.0,0.0,0.0,3.8446929454803467,0.0,0.0,0.0,0.0,0.0,0.0,0.0,0.0,0.0,0.0,0.0,0.0,0.0,0.0,0.0,0.0,0.0,0.0,0.0,0.0,0.0,0.0,0.0,0.0,0.0,0.0,0.0,8.008892059326172,0.0,0.0,0.0,0.0,0.0,0.0,0.0,48.84225845336914,0.0,0.0,0.0,8.863883018493652,0.0,0.0,0.0,0.0,0.0,0.0,0.0,0.0,0.0,9.968900680541992,0.0,0.0,0.0,0.0,0.0,0.0,0.0,0.0,0.0,0.0,0.0,9.935206413269043,0.0,0.0,0.0,0.0,0.0,0.0,0.0,0.0,0.0,0.0,0.0,0.0,0.0,0.0,0.0,0.0,0.0,0.0,0.0,0.0,0.0,0.0,33.95622253417969,0.0,0.0,0.0,0.0,0.0,0.0,0.0,0.0,0.0,0.0,0.0,0.0,0.0,0.0,0.0,0.0,0.0,0.0,0.0,0.0,0.0,0.0,0.0,0.0,0.0,0.0,0.0,0.0,0.0,0.0,0.0,0.0,0.0,0.0,0.0,0.0,0.0,0.0,0.0,0.0,0.0,0.0,0.0,0.0,0.0,0.0,0.0,0.0,0.0,10.871363639831543,0.0,7.728312015533447,0.0,0.0,0.0,31.220365524291992,0.0,0.0,0.0,0.0,0.0,0.0,0.0,0.0,0.0,0.0,0.0,0.0,0.0,0.0,0.0,0.0,0.0,0.0,0.0,0.0,0.0,0.0,0.0,0.0,0.0,0.0,0.0,0.0,0.0,0.0,0.0,0.0,0.0,0.0,0.0,0.0,0.0,0.0,0.0,0.0,0.0,0.0,0.0,0.0,0.0,0.0,0.0,0.0,0.0,0.0,0.0,0.0,0.0,0.0,0.0,0.0,0.0,0.0,0.0,0.0,0.0,0.0,0.0,0.0,0.0,0.0,0.0,0.0,0.0,0.0,0.0,0.0,0.0,0.0,0.0,0.0,0.0,0.0,0.0,0.0,0.0,0.0,0.0,0.0,0.0,4.320849895477295,0.0,0.0,0.0,0.0,0.0,0.0,0.0,0.0,0.0,0.0,0.0,0.0,0.0,0.0,0.0,0.0,0.0,0.0,0.0,0.0,0.0,0.0,0.0,0.0,0.0,0.0,0.0,0.0,49.208744049072266,0.0,0.0,0.0,0.0,0.0,0.0,0.0,0.0,0.0,0.0,0.0,0.0,0.0,0.0,0.0,0.0,0.0,0.0,0.0,0.0,0.0,0.0,0.0,0.0,0.0,0.0,0.0,0.0,0.0,0.0,0.0,0.0,0.0,0.0,0.0,0.0,0.0,0.0,0.0,0.0,0.0,0.0,0.0,0.0,0.0,0.0,0.0,0.0,0.0,10.390005111694336,0.0,0.0,0.0,0.0,0.0,0.0,0.0,0.0,0.0,0.0,0.0,0.0,0.0,0.0,0.0,0.0,0.0,0.0,0.0,0.0,0.0,0.0,0.0,0.0,0.0,0.0,0.0,0.0,0.0,0.0,0.0,0.0,0.0,0.0,0.0,0.8172993659973145,0.0,0.0,0.0,0.0,0.0,0.0,0.0,0.0,0.0,0.0,0.0,0.0,0.0,0.0,0.0,0.0,0.0,0.0,0.0,0.0,0.0,0.0,0.0,0.0,0.0,0.0,0.0,0.0,0.0,0.0,0.0,0.0,0.0,0.0,0.0,0.0,0.0,0.0,0.0,0.0,0.0,0.0,0.0,0.0,0.0,0.0,0.0,0.0,0.0,0.0,0.0,0.0,0.0,0.0,0.0,0.0,0.0,0.0,0.0,0.0,0.0,0.0,0.0,0.0,0.0,0.0,0.0,0.0,0.0,0.0,0.0,0.0,0.0,0.0,0.0,0.0,0.0,0.0,0.0,0.0,0.0,0.0,0.0,0.0,0.0,3.1980433464050293,0.0,0.0,0.0,0.0,0.0,0.0,0.0,0.0,0.0,0.0,0.0,0.0,0.0,0.0,0.0,0.0,0.7357105016708374,0.0,0.0,0.0,0.0,0.0,0.0,0.0,0.0,0.0,0.0,0.0,0.0,0.0,0.0,0.0,0.0,0.0,0.0,0.0,0.0,0.0,0.0,0.0,0.0,0.0,0.0,0.0,0.0,0.0,0.0,0.0,0.0,0.0,0.0,0.0,0.0,0.0,0.0,0.0,0.0,0.0,0.0,0.0,0.0,0.0,0.0,0.0,0.0,0.0,0.0,0.0,0.0,0.0,0.0,0.0,0.0,0.0,0.0,0.0,0.0,0.0,0.0,0.0,0.0,0.0,0.0,0.0,0.0,0.0,0.0,0.0,0.0,0.0,0.0,0.0,0.0,0.0,0.0,0.0,0.0,0.0,0.0,0.0,0.0,0.0,0.0,0.0,0.0,0.0,0.0,0.0,0.0,0.0,0.0,0.0,0.0,0.0,0.0,0.0,0.0,0.0,0.0,0.0,0.0,0.0,0.0,21.820436477661133,0.0,0.0,0.0,0.0,0.0,0.0,0.0,0.0,0.0,0.0,0.0,0.0,0.0,0.0,0.0,0.0,0.0,0.0,0.0,0.0,0.0,0.0,0.0,0.0,0.0,0.0,0.0,0.0,0.0,0.0,0.0,0.0,0.0,0.0,0.0,0.0,0.0,0.0,0.0,0.0,0.0,0.0,0.0,0.0,20.263999938964844,0.0,0.0,0.0,0.0,0.0,0.0,0.0,0.0,0.0,0.0,0.0,0.0,0.0,0.0,0.0,0.0,0.0,0.0,0.0,0.0,0.0,0.0,0.0,0.0,0.0,0.0,0.0,0.0,0.0,0.0,0.0,0.0,0.0,0.0,0.0,0.0,0.0,0.0,0.0,0.0,0.0,0.0,0.0,0.0,0.0,0.0,0.0,0.0,0.0,2.9073641300201416,0.0,7.4217939376831055,0.0,0.0,0.0,25.032878875732422,0.0,0.0,0.0,0.0,0.0,0.0,0.0,0.0,0.0,0.0,0.0,0.0,0.0,0.0,0.0,0.0,0.0,0.0,0.0,0.0,0.0,0.0,0.0,0.0,0.0,0.0,0.0,0.0,0.0,0.0,0.0,0.0,0.0,0.0,0.0,0.0,0.0,0.0,0.0,0.0,0.0,0.0,0.0,0.0,0.0,0.0,0.0,0.0,0.0,0.0,0.0,0.0,0.0,0.0,0.0,0.0,0.0,0.0,6.328697681427002,0.0,0.0,0.0,0.0,0.0,0.0,0.0,0.0,0.0,0.0,0.0,0.0,0.0,0.0,0.0,0.0,0.0,0.0,0.0,0.0,0.0,0.0,0.0,0.0,0.0,0.0,0.0,0.0,0.0,0.0,0.0,0.0,0.0,0.0,0.0,0.0,0.0,0.0,0.0,0.0,0.0,0.0,0.0,0.0,0.0,0.0,0.0,0.0,0.0,0.0,0.0,0.0,17.527420043945312,0.0,0.0,53.96976852416992,0.0,0.0,0.0,0.0,0.0,0.0,0.0,0.0,0.0,0.0,0.0,0.0,0.0,0.0,0.0,0.0,0.0,0.0,0.0,0.0,0.0,0.0,0.0,0.0,0.0,0.0,0.0,0.0,0.0,0.0,0.0,0.0,0.0,0.0,0.0,0.0,0.0,0.0,0.0,0.0,0.0,0.0,0.0,0.0,0.0,0.0,0.0,0.0,0.0,17.716327667236328,0.0,0.0,0.0,0.0,0.0,0.0,0.0,0.0,0.0,0.0,0.0,0.0,0.0,0.0,0.0,0.0,0.0,0.0,0.0,0.0,0.0,0.0,0.0,0.0,0.0,0.0,0.0,0.0,0.0,0.0,0.0,0.0,0.0,7.323986053466797,0.0,0.0,0.0,0.0,0.0,0.0,0.0,0.0,0.0,0.0,0.0,0.0,0.0,0.0,0.0,0.0,0.0,0.0,0.0,0.0,0.0,0.0,0.0,0.0,8.425324440002441,0.0,0.0,0.0,11.02354907989502,0.0,0.0,0.0,0.0,0.0,0.0,0.0,0.0,0.0,11.180377006530762,0.0,0.0,0.0,0.0,0.0,0.0,0.0,0.0,0.0,0.0,0.0,0.0,0.0,0.0,0.0,0.0,0.0,0.0,0.0,0.0,0.0,0.0,0.0,0.0,0.0,0.0,0.0,0.0,0.0,0.0,0.0,0.0,0.0,0.0,0.0,0.0,0.0,0.0,0.0,0.0,0.0,0.0,0.0,0.0,0.0,0.0,0.0,0.0,2.604423999786377,0.0,0.0,0.0,0.0,0.0,0.0,0.0,0.0,0.0,0.0,0.0,0.0,0.0,11.125251770019531,0.0,0.0,0.0,0.0,0.0,0.0,0.0,0.0,0.0,0.0,0.0,0.0,0.0,0.0,0.0,0.0,0.0,0.0,0.0,0.0,0.0,0.0,0.0,0.0,0.0,0.0,0.0,0.0,0.0,0.0,0.0,0.0,0.0,0.0,0.0,0.0,0.0,0.0,0.0,0.0,0.0,0.0,0.0,0.0,5.662856101989746,0.0,0.0,0.0,0.0,0.0,0.0,0.0,0.0,6.025158405303955,0.0,0.0,0.0,0.0,0.0,0.0,0.0,0.0,0.0,0.0,0.0,0.0,0.0,0.0,0.0,24.20960235595703,0.0,0.0,0.0,0.0,0.0,0.0,0.0,0.0,0.0,0.0,0.0,0.0,0.0,0.0,0.0,0.0,0.0,0.0,0.0,0.0,0.0,0.0,0.0,0.0,0.0,0.0,0.0,0.0,0.0,0.0,0.0,0.0,0.0,0.0,0.0,0.0,0.0,0.0,0.0,10.061203002929688,0.0,0.0,0.0,0.0,0.0,0.0,0.0,0.0,0.0,0.0,0.0,0.0,0.0,0.0,0.0,0.0,0.0,0.0,0.0,0.0,0.0,13.2593412399292,0.0,0.0,0.0,0.0,0.0,0.0,0.0,0.0,0.0,0.0,0.0,0.0,0.0,0.0,0.0,0.0,0.0,0.0,0.0,0.0,0.0,0.0,26.874984741210938,0.0,0.0,0.0,0.0,0.0,0.0,0.0,0.0,0.0,0.0,0.0,0.0,0.0,0.0,0.0,0.0,0.0,0.0,0.0,0.0,0.0,0.0,0.0,0.0,0.0,0.0,0.0,0.0,0.0,0.0,0.0,0.0,0.0,0.0,0.0,0.0,0.0,0.0,0.0,0.0,0.0,0.0,0.0,0.0,0.0,0.0,0.0,0.0,0.0,6.805766582489014,0.0,0.0,0.0,0.0,0.0,34.99324417114258,0.0,0.0,0.0,0.0,0.0,0.0,0.0,0.0,0.0,0.0,0.0,0.0,0.0,0.0,0.0,0.0,0.0,0.0,0.0,2.545189380645752,0.0,5.808335304260254,0.0,0.0,0.0,0.0,0.0,0.0,0.0,0.0,0.0,0.0,0.0,0.0,15.96363639831543,0.0,0.0,0.0,0.0,0.0,0.0,0.0,0.0,0.0,0.0,3.043983221054077,0.0,0.0,0.0,13.850006103515625,0.0,0.0,0.0,2.2523014545440674,0.0,0.0,0.0,0.0,15.163995742797852,0.0,13.445879936218262,0.0,0.0,0.0,0.0,0.0,0.0,3.192312002182007,0.0,0.0,0.0,0.0,0.0,0.0,0.0,0.0,0.0,0.0,0.0,0.0,0.0,0.0,0.0,0.0,0.0,0.0,0.0,0.0,0.0,0.0,0.0,0.0,0.0,0.0,0.0,0.0,0.0,0.0,0.0,0.0,0.0,0.0,0.0,0.0,0.0,0.0,0.0,0.0,0.0,0.0,0.0,15.721747398376465,0.0,0.0,27.096940994262695,0.0,0.0,0.0,0.0,4.566898345947266,0.0,0.0,0.0,0.0,0.0,0.0,0.0,0.0,0.0,0.0,1.6538658142089844,0.0,0.0,0.0,13.327125549316406,0.0,0.0,0.0,0.0,0.0,0.0,0.0,4.498855113983154,0.0,0.0,0.0,0.0,0.0,0.0,0.0,0.0,0.0,0.0,0.0,0.0,0.0,0.0,0.0,0.0,0.0,0.0,0.0,0.0,3.6092371940612793,5.401695251464844,0.0,0.0,0.0,0.0,0.0,0.0,0.0,0.0,0.0,0.0,0.0,0.0,0.0,0.0,0.0,0.0,0.0,0.0,0.0,0.0,0.0,0.0,0.47164657711982727,8.575538635253906,0.0,0.0,0.0,0.0,0.0,0.0,0.0,0.0,0.0,0.0,0.0,0.0,0.0,0.0,0.0,0.0,0.0,0.0,0.0,0.0,0.0,0.0,0.0,0.0,0.0,0.0,0.0,0.0,0.0,0.0,0.0,0.0,0.0,0.0,0.0,0.0,0.0,0.0,0.0,0.0,0.0,0.0,0.0,0.0,0.0,0.0,0.0,0.0,1.7377153635025024,0.0,0.0,0.0,0.0,0.0,0.0,0.0,11.867330551147461,0.0,0.0,0.0,0.0,0.0,0.0,0.0,0.0,0.0,0.0,14.78373908996582,0.0,0.0,0.0,0.0,0.0,0.0,0.0,0.0,0.0,0.0,0.0,0.0,0.0,0.0,0.0,0.0,0.0,0.0,0.0,0.0,0.0,0.0,0.0,0.0,0.0,0.0,0.0,0.0,0.0,8.841257095336914,0.0,0.0,0.0,10.071459770202637,0.0,0.0,0.0,0.0,0.0,0.0,0.0,0.0,0.0,0.0,0.0,0.0,18.348159790039062,0.0,0.0,0.0,0.0,0.0,0.0,0.0,1.473286509513855,0.0,0.0,0.0,0.0,0.0,0.0,0.0,0.0,0.0,0.0,0.0,0.0,0.0,0.0,0.0,0.0,0.0,0.0,0.0,0.0,0.0,0.0,0.0,0.0,0.0,0.0,0.0,0.0,0.0,0.0,0.0,0.0,0.0,3.617684841156006,0.0,0.0,0.0,0.0,0.0,0.0,0.0,0.0,0.0,0.0,0.0,0.0,0.0,0.0,0.0,0.0,0.0,0.0,0.0,0.0,0.0,0.0,0.0,0.0,0.0,0.0,0.0,0.0,0.0,0.0,0.0,0.0,0.0,0.0,0.0,0.0,0.0,0.0,0.0,0.0,0.0,0.0,0.0,0.0,0.0,0.0,0.0,0.0,0.0,0.0,0.0,0.0,53.986305236816406,0.0,0.0,2.1028101444244385,0.0,0.0,0.0,0.0,0.0,0.0,0.0,0.0,2.170534610748291,0.0,0.0,0.0,0.0,0.0,0.0,0.0,0.0,0.0,0.0,0.0,0.0,0.0,0.0,0.0,0.0,0.0,0.0,0.0,0.0,0.0,0.0,11.784368515014648,0.0,0.0,0.0,0.0,0.0,0.0,0.0,0.0,0.0,0.0,0.0,0.0,0.0,0.0,0.0,0.0,0.0,0.0,0.0,0.0,0.0,23.799516677856445,0.0,7.740950107574463,0.0,0.0,0.0,0.0,0.0,0.0,0.0,0.0,0.0,0.0,0.0,0.0,0.0,0.0,0.0,0.0,0.0,0.0,0.0,0.0,0.0,0.0,0.0,0.0,0.0,0.0,0.0,0.0,0.0,0.0,0.0,0.0,0.0,0.0,0.0,0.0,0.0,0.0,0.0,0.0,0.0,0.0,0.0,0.0,0.0,0.0,0.0,7.618782997131348,0.0,0.0,0.0,0.0,0.0,45.97285842895508,0.0,0.0,0.0,0.0,0.0,0.0,0.0,0.0,0.0,0.0,0.0,0.0,0.0,0.0,0.0,0.0,0.0,0.0,0.0,0.0,0.0,0.0,0.0,0.0,0.0,0.0,0.0,0.0,0.0,0.0,0.0,0.0,0.0,0.0,0.0,0.0,0.0,0.0,0.0,0.0,0.0,0.0,0.0,0.0,0.0,0.0,0.0,0.0,0.0,0.0,0.0,0.0,0.0,20.75532341003418,0.0,0.0,0.0,0.0,2.556997299194336,0.0,0.0,0.0,0.0,0.0,0.0,0.0,0.0,25.147811889648438,0.0,0.0,0.0,0.0,0.0,0.0,0.0,0.0,0.0,0.0,0.0,0.0,0.0,0.0,0.0,0.0,0.0,3.9270567893981934,0.0,0.0,0.0,0.0,0.0,0.0,0.0,0.0,0.0,0.0,0.0,0.0,5.73716926574707,0.0,0.0,0.0,0.0,0.0,0.0,0.0,0.0,0.0,0.0,0.0,0.0,0.0,0.0,0.0,28.9018497467041,0.0,0.0,0.0,0.0,0.0,0.0,0.0,0.0,0.0,0.0,0.0,0.0,0.0,0.0,0.0,0.0,0.0,0.0,0.0,0.0,0.0,0.0,0.0,0.0,4.556263446807861,0.0,0.0,5.705790042877197,0.0,0.0,0.0,0.0,0.0,0.0,0.0,0.0,0.0,0.0,0.0,0.0,0.0,0.0,0.0,0.0,0.0,0.0,0.0,0.0,9.99413776397705,0.0,0.0,0.0,0.0,0.0,0.0,0.0,0.0,0.0,0.0,0.0,0.0,0.0,0.0,0.0,0.0,0.0,0.0,0.0,0.0,0.0,0.0,0.0,5.209532737731934,0.0,0.0,0.0,0.0,0.0,0.0,0.0,0.0,0.0,0.0,0.0,0.0,0.0,0.0,0.0,0.0,0.0,0.0,0.0,0.0,0.0,0.0,0.0,0.0,0.0,0.0,0.0,0.0,0.0,0.0,0.0,0.0,0.0,0.0,0.0,0.0,0.0,0.0,0.0,0.0,0.0,0.0,0.0,0.0,0.0,0.0,0.0,0.0,0.0,0.0,0.0,0.0,0.0,0.0,0.0,0.0,0.0,0.0,0.0,0.0,0.0,0.0,0.0,0.0,0.0,0.0,0.0,0.0,0.0,0.0,0.0,0.0,0.0,0.0,0.0,0.0,0.0,0.0,0.0,0.0,0.0,0.0,0.0,0.0,0.0,0.0,0.0,0.0,0.0,0.0,0.0,0.0,0.0,0.0,0.0,0.0,0.0,0.0,15.952815055847168,0.0,0.0,0.0,0.0,0.0,0.0,0.0,0.0,0.0,0.0,0.0,0.0,0.0,0.0,0.0,0.0,3.842963695526123,0.0,0.0,0.0,0.0,0.0,0.0,0.0,0.0,0.0,0.0,0.0,0.0,0.0,0.0,0.0,0.0,0.0,0.0,0.0,0.0,0.0,0.0,0.0,0.0,0.0,0.0,0.0,0.0,0.0,0.0,0.0,0.0,0.0,0.0,0.0,0.0,0.0,0.0,0.0,0.0,0.0,0.49183082580566406,0.0,0.0,0.0,0.0,0.0,0.0,0.0,0.0,0.0,0.0,0.0,0.0,0.0,0.0,0.0,0.0,0.0,0.0,0.0,0.0,0.0,0.0,0.0,0.0,0.0,0.0,0.0,0.0,0.0,0.0,0.0,0.0,0.0,0.0,0.0,0.0,0.0,0.0,0.0,0.0,0.0,0.0,0.0,34.27851104736328,0.0,0.0,0.0,0.0,0.0,0.0,0.0,0.0,42.751502990722656,0.0,0.0,0.0,0.0,0.0,0.0,0.0,0.0,0.0,0.0,0.0,4.072456359863281,0.0,0.0,0.0,0.0,0.0,0.0,0.0,0.0,0.0,0.0,0.0,0.0,0.0,0.0,0.0,0.0,0.0,0.0,0.0,0.0,0.0,0.0,0.0,0.0,0.0,0.0,0.0,0.0,0.0,0.0,0.0,0.0,0.0,0.0,0.0,0.0,0.0,0.0,0.0,0.0,0.0,0.0,0.0,0.0,40.20814514160156,0.0,0.0,0.0,0.0,0.0,0.0,0.0,0.0,0.0,0.0,0.0,0.0,0.0,0.0,0.0,0.0,0.0,0.0,0.0,0.0,0.0,0.0,0.0,0.0,0.0,0.0,0.0,0.0,0.0,0.0,0.0,0.0,0.0,0.0,0.0,0.0,0.0,0.0,0.0,0.0,0.0,0.0,0.0,0.0,0.0,0.0,0.0,0.0,0.0,8.856867790222168,0.0,0.0,0.0,0.0,0.0,54.73454284667969,0.0,0.0,0.0,0.0,0.0,0.0,0.0,0.0,0.0,0.0,0.0,0.0,0.0,0.0,0.0,0.0,0.0,0.0,0.0,0.0,0.0,0.0,0.0,0.0,0.0,0.0,0.0,0.0,0.0,0.0,0.0,0.0,0.0,0.0,0.0,0.0,0.0,0.0,0.0,0.0,0.0,0.0,0.0,0.0,0.0,0.0,0.0,0.0,0.0,0.0,0.0,0.0,0.0,3.2833073139190674,0.0,0.0,0.0,0.0,39.805091857910156,0.0,0.0,0.0,0.0,0.0,0.0,0.0,0.0,0.0,0.0,0.0,0.0,0.0,0.0,0.0,0.0,0.0,0.0,0.0,0.0,0.0,0.0,0.0,0.0,0.0,0.0,29.194995880126953,0.0,0.0,0.0,0.0,0.0,0.0,0.0,0.0,0.0,0.0,0.0,0.0,0.0,0.0,0.0,0.0,0.0,0.0,0.0,0.0,0.0,0.0,0.0,0.0,0.0,0.0,0.0,0.0,45.841732025146484,0.0,0.0,0.0,0.0,0.0,0.0,0.0,0.0,0.0,0.0,0.0,0.0,0.0,0.0,0.0,0.0,0.0,0.0,0.0,0.0,0.0,0.0,0.0,0.0,10.808544158935547,0.0,0.0,0.0,0.0,0.0,0.0,0.0,0.0,0.0,0.0,0.0,0.0,0.0,0.0,0.0,0.0,0.0,0.0,0.0,0.0,0.0,1.0024932622909546,0.0,0.0,0.0,0.0,0.0,0.0,0.0,0.0,0.0,0.0,0.0,0.0,0.0,0.0,0.0,0.0,0.0,0.0,0.0,0.0,0.0,0.0,0.0,0.0,0.0,0.1690918505191803,0.0,0.0,0.0,0.0,0.0,0.0,0.0,0.0,0.0,0.0,0.0,0.0,0.0,0.0,0.0,0.0,0.0,0.0,0.0,0.0,0.0,0.0,0.0,0.0,0.0,0.0,0.0,0.0,0.0,0.0,0.0,0.0,0.0,0.0,0.0,0.0,0.0,0.0,0.0,0.0,0.0,0.0,0.0,0.0,0.0,0.0,0.0,0.0,0.0,0.0,0.0,0.0,0.0,0.0,0.0,0.0,0.0,0.0,0.0,0.0,0.0,0.0,0.0,0.0,0.0,0.0,0.0,0.0,0.0,0.0,0.0,0.0,0.0,0.0,0.0,0.0,0.0,0.0,0.0,0.0,0.0,0.0,0.0,0.0,0.0,0.0,0.0,0.0,0.0,0.0,0.0,0.0,0.0,0.0,0.0,0.0,0.0,0.0,0.0,0.0,0.0,0.0,0.0,0.0,0.0,0.0,0.0,0.0,0.0,0.0,0.0,0.0,0.0,0.0,0.0,10.684309005737305,0.0,0.0,0.0,13.571796417236328,0.0,0.0,0.0,0.0,0.0,0.0,0.0,0.0,0.0,0.0,0.0,0.0,0.0,0.0,0.0,0.0,0.0,0.0,0.0,0.0,0.0,0.0,0.0,0.0,0.0,0.0,0.0,0.0,0.0,0.0,0.0,0.0,0.0,0.0,16.877323150634766,0.0,0.0,1.0970888137817383,0.0,0.0,0.0,0.0,0.0,0.0,0.0,0.0,0.0,0.0,0.0,0.0,0.0,0.0,0.0,0.0,0.0,0.0,0.0,0.0,0.0,0.0,0.0,0.0,0.0,0.0,0.0,0.0,0.0,0.0,0.0,0.0,0.0,0.0,0.0,0.0,0.0,0.0,0.0,0.0,0.0,0.0,0.0,24.760995864868164,0.0,0.0,0.0,0.0,0.0,0.0,0.0,0.0,6.7118754386901855,0.0,0.0,0.0,0.0,0.0,0.0,0.0,1.7279725074768066,0.0,0.0,0.0,20.58868408203125,0.0,0.0,0.0,0.0,0.0,0.0,0.0,0.0,0.0,29.12668228149414,0.0,0.0,0.0,0.0,0.0,0.0,0.0,0.0,0.0,0.0,0.0,0.0,22.23676300048828,0.0,0.0,0.0,0.0,0.0,0.0,0.0,0.0,0.0,0.0,0.0,0.0,0.0,0.0,0.0,0.0,0.0,0.0,0.0,0.0,0.0,40.59201431274414,0.0,7.971054553985596,0.0,0.0,0.0,0.0,0.0,0.0,0.0,0.0,0.0,0.0,0.0,0.0,0.0,0.0,0.0,0.0,0.0,0.0,0.0,0.0,0.0,0.0,0.0,0.0,0.0,0.0,0.0,0.0,0.0,0.0,0.0,0.0,0.0,0.0,0.0,0.0,0.0,0.0,0.0,0.0,0.0,0.0,0.0,0.0,0.0,0.0,0.0,13.983092308044434,0.0,0.0,0.0,0.0,0.0,52.074588775634766,0.0,0.0,0.0,0.0,0.0,0.0,0.0,0.0,0.0,0.0,0.0,0.0,0.0,0.0,0.0,0.0,0.0,0.0,0.0,0.0,0.0,0.0,0.0,0.0,0.0,0.0,0.0,0.0,0.0,0.0,0.0,0.0,0.0,0.0,0.0,0.0,0.0,0.0,0.0,0.0,0.0,0.0,0.0,0.0,0.0,0.0,0.0,0.0,0.0,0.0,0.0,0.0,0.0,0.0,0.0,0.0,0.0,0.0,36.89398956298828,0.0,0.0,0.0,0.0,0.0,0.0,0.0,0.0,0.0,0.0,0.0,0.0,0.0,0.0,0.0,0.0,0.0,0.0,0.0,0.0,0.0,0.0,0.0,0.0,0.0,0.0,33.77216339111328,0.0,0.0,0.0,0.0,0.0,0.2951680123806,0.0,0.0,0.0,0.0,0.0,0.0,0.0,0.0,0.0,0.0,0.0,0.0,0.0,0.0,0.0,0.0,0.0,0.0,0.0,0.0,0.0,0.0,48.38686752319336,0.0,0.0,0.0,0.0,0.0,0.0,0.0,0.0,0.0,0.0,0.0,0.0,0.0,0.0,0.0,0.0,0.0,0.0,0.0,0.0,0.0,0.0,0.0,0.0,0.0,0.0,0.0,0.0,0.0,0.0,0.0,0.0,0.0,0.0,0.0,0.0,0.0,0.0,0.0,0.0,0.0,0.0,0.0,0.0,0.0,0.0,0.0,0.0,0.0,20.101680755615234,0.0,0.0,0.0,0.0,0.0,0.0,0.0,0.0,0.0,0.0,0.0,0.0,0.0,0.0,0.0,0.0,0.0,0.0,0.0,0.0,0.0,0.0,12.583048820495605,0.0,0.0,0.0,0.0,0.0,0.0,0.0,0.0,0.0,0.0,0.0,0.0,0.0,0.0,0.0,5.371958255767822,0.0,0.0,0.0,0.0,0.0,0.0,0.0,0.0,0.0,0.0,0.0,0.0,0.0,0.0,0.0,0.0,0.0,0.0,0.0,0.0,0.0,0.0,0.0,0.0,0.0,0.0,0.0,0.0,0.0,0.0,0.0,0.0,0.0,0.0,0.0,0.0,0.0,0.0,0.0,0.0,0.0,0.0,0.0,0.0,0.0,0.0,0.0,0.0,0.0,0.0,0.0,0.0,0.0,0.0,0.0,0.0,0.0,0.0,0.0,0.0,0.0,0.0,0.0,0.0,0.0,0.0,0.0,0.0,0.0,0.0,0.0,0.0,0.0,0.0,0.0,0.0,0.0,0.0,0.0,0.0,0.0,0.0,0.0,0.0,0.0,0.0,0.0,0.0,0.0,0.0,0.0,0.0,0.0,0.0,0.0,0.0,0.0,0.0,0.0,0.0,0.0,0.0,0.0,17.643878936767578,0.0,0.0,0.0,0.0,0.0,0.0,0.0,0.0,0.0,0.0,0.0,0.0,0.0,0.0,0.0,0.0,0.0,0.0,0.0,0.0,0.0,0.0,0.0,0.0,0.0,0.0,0.0,0.0,0.0,0.0,0.0,0.0,0.0,0.0,14.86290168762207,0.0,0.0,3.158327102661133,0.0,0.0,0.0,0.0,0.0,0.0,0.0,0.0,0.0,0.0,0.0,0.0,0.0,0.0,0.0,0.0,0.0,0.0,0.0,0.0,0.0,0.0,0.0,0.0,0.0,0.0,0.0,0.0,0.0,0.0,0.0,0.0,0.0,0.0,0.0,0.0,0.0,0.0,0.0,0.0,0.0,0.0,0.0,0.0,0.0,0.0,0.0,0.0,0.0,0.0,0.0,0.0,12.441011428833008,0.0,0.0,0.0,0.0,0.0,0.0,0.0,32.96589660644531,0.0,0.0,0.0,7.825707912445068,0.0,0.0,0.0,0.0,0.0,0.0,0.0,0.0,0.0,38.18611145019531,0.0,0.0,0.0,0.0,0.0,0.0,0.0,0.0,0.0,0.0,0.0,0.0,1.4892277717590332,0.0,0.0,0.0,0.0,0.0,0.0,0.0,0.0,0.0,0.0,0.0,0.0,0.0,0.0,0.0,0.0,0.0,0.0,0.0,0.0,0.0,18.291879653930664,0.0,49.52598190307617,0.0,0.0,0.0,0.0,0.0,0.0,0.0,0.0,0.0,0.0,0.0,0.0,0.0,0.0,0.0,0.0,0.0,0.0,0.0,0.0,0.0,0.0,0.0,0.0,0.0,0.0,0.0,0.0,0.0,0.0,0.0,0.0,0.0,0.0,0.0,0.0,0.0,0.0,0.0,0.0,0.0,0.0,0.0,0.0,0.0,0.0,0.0,6.693627834320068,0.0,0.0,0.0,0.0,0.0,16.852048873901367,0.0,0.0,0.0,0.0,0.0,0.0,0.0,0.0,0.0,0.0,0.0,0.0,0.0,0.0,0.0,0.0,0.0,0.0,0.0,0.0,0.0,0.0,0.0,0.0,0.0,0.0,0.0,0.0,9.642512321472168,0.0,0.0,0.0,0.0,0.0,0.0,0.0,0.0,0.0,0.0,0.0,0.0,0.0,0.0,0.0,0.0,0.0,0.0,0.0,0.0,0.0,0.0,0.0,0.0,0.0,0.0,0.0,0.0,0.0,28.671724319458008,0.0,0.0,0.0,0.0,0.0,0.0,0.0,0.0,0.0,0.0,0.0,0.0,0.0,0.0,0.0,0.0,0.0,0.0,0.0,0.0,0.0,0.0,0.0,0.0,0.0,0.0,24.333383560180664,0.0,0.0,0.0,0.0,0.0,5.746181488037109,0.0,0.0,0.0,0.0,0.0,0.0,0.0,0.0,0.0,0.0,0.0,0.0,0.0,0.0,0.0,0.0,0.0,0.0,0.0,0.0,0.0,0.0,28.75637435913086,0.0,0.0,0.0,0.0,0.0,0.0,0.0,0.0,0.0,0.0,0.0,0.0,8.571537017822266,0.0,0.0,0.0,0.0,0.0,0.0,0.0,0.0,0.0,0.0,0.0,0.0,0.0,0.0,0.0,0.0,0.0,0.0,0.0,0.0,0.0,0.0,0.0,0.0,0.0,0.0,0.0,0.0,0.0,0.0,0.0,0.0,0.0,0.0,0.0,0.0,31.03040313720703,0.0,0.0,0.0,0.0,0.0,0.0,0.0,0.0,0.0,0.0,0.0,0.0,0.0,0.0,0.0,0.0,0.0,0.0,0.0,0.0,0.0,0.0,7.449638366699219,0.0,0.0,0.0,0.0,0.0,0.0,0.0,0.0,0.0,0.0,0.0,0.0,0.0,0.0,0.0,0.0,0.0,0.0,0.0,0.0,0.0,0.0,0.0,0.0,0.0,0.0,0.0,0.0,0.0,0.0,0.0,0.0,0.0,0.0,0.0,0.0,0.0,0.0,0.0,0.0,0.0,0.0,0.0,0.0,0.0,0.0,0.0,0.0,0.0,0.0,0.0,0.0,0.0,0.0,0.0,0.0,0.0,0.0,3.9017891883850098,0.0,0.0,0.0,0.0,0.0,0.0,0.0,0.0,0.0,0.0,0.0,0.0,0.0,0.0,0.0,0.0,0.0,0.0,0.0,0.0,0.0,0.0,0.0,0.0,0.0,0.0,0.0,0.0,0.0,0.0,0.0,0.0,0.0,0.0,0.0,0.0,0.0,0.0,0.0,0.0,0.0,0.0,0.0,0.0,0.0,0.0,0.0,0.0,0.0,0.0,0.0,0.0,0.0,0.0,0.0,0.0,0.0,0.0,0.0,0.0,9.485304832458496,0.0,0.0,0.0,0.0,0.0,0.0,0.0,0.0,0.0,0.0,0.0,0.0,0.0,0.0,0.0,0.0,0.0,0.0,0.0,0.0,0.0,0.0,0.0,0.0,0.0,0.0,0.0,0.0,0.0,0.0,0.0,0.0,0.0,0.0,0.0,0.0,0.0,0.0,0.0,0.0,0.0,0.0,0.0,0.0,0.0,0.0,0.0,0.0,0.0,0.0,0.0,0.0,0.0,0.0,0.0,0.0,0.0,0.0,0.0,0.0,0.0,0.0,0.0,0.0,0.0,0.0,0.0,0.0,0.0,0.0,0.0,0.0,0.0,0.0,0.0,0.0,0.0,0.0,0.0,0.0,0.0,2.7526798248291016,0.0,0.0,0.0,0.0,0.0,0.0,0.0,0.0,0.0,0.0,0.0,0.0,0.0,0.0,0.0,0.0,15.64106559753418,0.0,0.0,0.0,10.54737377166748,0.0,0.0,0.0,0.0,0.0,0.0,0.0,0.0,0.0,2.8279922008514404,0.0,0.0,0.0,0.0,0.0,0.0,0.0,0.0,0.0,0.0,0.0,0.0,0.0,0.0,0.0,0.0,0.0,0.0,0.0,0.0,0.0,0.0,0.0,0.0,0.0,0.0,0.0,0.0,0.0,0.0,0.0,0.0,0.0,0.0,11.251505851745605,0.0,0.0,0.0,0.0,0.0,0.0,0.0,0.0,0.0,0.0,0.0,0.0,0.0,0.0,0.0,0.0,0.0,0.0,0.0,0.0,0.0,0.0,0.0,0.0,0.0,0.0,0.0,0.0,0.0,0.0,0.0,0.0,0.0,0.0,0.0,0.0,0.0,0.0,0.0,0.0,0.0,0.0,0.0,0.0,0.0,0.0,0.0,0.0,0.0,6.152493000030518,0.0,0.0,0.0,0.0,0.0,24.671031951904297,0.0,0.0,0.0,0.0,0.0,0.0,0.0,0.0,0.0,0.0,0.0,0.0,0.0,0.0,0.0,0.0,0.0,0.0,0.0,0.0,0.0,0.0,0.0,0.0,0.0,0.0,0.0,0.0,0.0,0.0,0.0,0.0,0.0,0.0,0.0,0.0,0.0,0.0,0.0,0.0,0.0,0.0,0.0,0.0,0.0,0.0,0.0,0.0,0.0,0.0,0.0,0.0,0.0,0.0,0.0,0.0,0.0,0.0,17.701169967651367,0.0,0.0,0.0,0.0,0.0,0.0,0.0,0.0,0.0,0.0,0.0,0.0,0.0,0.0,0.0,0.0,0.0,0.0,0.0,0.0,0.0,0.0,0.0,0.0,0.0,0.0,10.664724349975586,0.0,0.0,0.0,0.0,0.0,0.0,0.0,0.0,0.0,0.0,0.0,0.0,3.5065338611602783,0.0,0.0,0.0,0.0,0.0,0.0,0.0,0.0,0.0,0.0,0.0,0.0,0.0,0.0,0.0,15.17502212524414,0.0,0.0,0.0,0.0,0.0,0.0,0.0,0.0,0.0,0.0,0.0,0.0,0.0,0.0,0.0,0.0,0.0,0.0,0.0,0.0,0.0,0.0,0.0,0.0,0.0,0.0,0.0,0.0,0.0,0.0,0.0,0.0,0.0,0.0,0.0,0.0,0.0,0.0,0.0,0.0,0.0,0.0,0.0,0.0,0.0,0.0,0.0,0.0,0.0,21.76067352294922,0.0,0.0,0.0,0.0,0.0,0.0,0.0,0.0,0.0,0.0,0.0,0.0,0.0,0.0,0.0,0.0,0.0,0.0,0.0,0.0,0.0,0.0,0.0,0.0,0.0,0.0,0.0,0.0,0.0,0.0,0.0,0.0,0.0,0.0,0.0,14.304069519042969,0.0,0.0,0.0,0.0,0.0,0.0,0.0,0.0,0.0,0.0,0.0,0.0,0.0,0.0,0.0,0.0,0.0,0.0,0.0,0.0,0.0,0.0,0.0,0.0,0.0,0.0,0.0,0.0,0.0,0.0,0.0,0.0,0.0,0.0,0.0,0.0,0.0,0.0,0.0,0.0,0.0,0.0,0.0,0.0,0.0,0.0,0.0,0.0,0.0,0.0,0.0,0.0,0.0,0.0,0.0,0.0,0.0,0.0,0.0,0.0,0.0,0.0,0.0,0.0,0.0,0.0,0.0,0.0,0.0,0.0,0.0,0.0,0.0,0.0,0.0,0.0,0.0,0.0,0.0,0.0,0.0,0.0,0.0,0.0,0.0,0.0,0.0,0.0,0.0,0.0,0.0,0.0,0.0,0.0,0.0,0.0,0.0,0.0,0.0,0.0,0.0,0.0,0.0,0.0,0.0,0.0,5.005187511444092,0.0,0.0,0.0,0.0,0.0,0.0,0.0,0.0,0.0,0.0,0.0,0.0,0.0,0.0,0.0,0.0,0.0,0.0,0.0,0.0,0.0,0.0,0.0,0.0,0.0,0.0,0.0,0.0,0.0,0.0,0.0,0.0,0.0,0.0,0.0,0.0,0.0,0.0,0.0,0.0,0.0,0.0,0.0,0.0,0.0,0.0,0.0,0.0,0.0,0.0,0.0,0.0,0.0,0.0,0.0,0.0,0.0,0.0,0.0,0.0,0.0,0.0,0.0,0.0,0.0,0.0,0.0,0.0,0.0,0.0,0.0,0.0,0.0,0.0,0.0,0.0,0.0,0.0,0.0,0.0,0.0,0.0,0.0,0.0,0.0,0.0,0.0,0.0,0.0,0.0,0.0,0.0,0.0,0.0,0.0,0.0,0.0,0.0,7.132555961608887,0.0,0.0,0.0,20.792570114135742,0.0,0.0,0.0,0.0,0.0,0.0,0.0,0.0,0.0,0.0,0.0,0.0,0.0,0.0,0.0,0.0,0.0,0.0,0.0,0.0,0.0,0.0,23.57837677001953,0.0,0.0,0.0,0.0,0.0,0.0,0.0,0.0,0.0,0.0,0.0,0.0,0.0,0.0,0.0,0.0,0.0,0.0,0.0,0.0,0.0,12.306076049804688,0.0,0.0,0.0,0.0,0.0,0.0,0.0,0.0,0.0,0.0,0.0,0.0,0.0,0.0,0.0,0.0,0.0,0.0,0.0,0.0,0.0,0.0,0.0,0.0,0.0,0.0,0.0,0.0,0.0,0.0,0.0,0.0,0.0,0.0,0.0,0.0,0.0,0.0,0.0,0.0,0.0,0.0,0.0,0.0,0.0,0.0,0.0,0.0,0.0,0.0,0.0,0.0,0.0,0.0,0.0,19.541845321655273,0.0,0.0,0.0,0.0,0.0,0.0,0.0,0.0,0.0,0.0,0.0,0.0,0.0,0.0,0.0,0.0,0.0,0.0,0.0,0.0,0.0,0.0,0.0,0.0,0.0,0.0,0.0,0.0,0.0,0.0,0.0,0.0,0.0,0.0,0.0,0.0,0.0,0.0,0.0,0.0,0.0,0.0,0.0,0.0,0.0,0.0,0.0,0.0,0.0,0.0,0.0,0.0,0.0,0.0,0.0,0.0,0.0,0.0,22.5554141998291,0.0,0.0,0.0,0.0,0.0,0.0,0.0,0.0,0.0,0.0,0.0,0.0,0.0,0.0,0.0,0.0,0.0,0.0,0.0,0.0,0.0,0.0,0.0,0.0,0.0,0.0,18.924711227416992,0.0,0.0,0.0,0.0,0.0,0.0,0.0,0.0,0.0,0.0,0.0,0.0,7.209102153778076,0.0,0.0,0.0,0.0,0.0,0.0,0.0,0.0,0.0,0.0,0.0,0.0,6.321499824523926,0.0,0.0,17.354867935180664,0.0,0.0,0.0,0.0,0.0,0.0,0.0,0.0,0.0,0.0,0.0,0.0,0.0,0.0,0.0,0.0,0.0,0.0,0.0,0.0,0.0,0.0,0.0,0.0,0.0,0.0,0.0,0.0,0.0,0.0,0.0,0.0,0.0,0.0,0.0,0.0,0.0,0.0,0.0,0.0,0.0,0.0,0.0,0.0,0.0,0.0,0.0,0.0,0.0,23.562837600708008,0.0,0.0,0.0,0.0,0.0,0.0,0.0,0.0,0.0,0.0,0.0,0.0,0.0,0.0,0.0,0.0,0.0,0.0,0.0,0.0,0.0,0.0,0.0,0.0,0.0,0.0,0.0,0.0,0.0,0.0,0.0,0.0,0.0,0.0,0.0,13.6176118850708,0.0,0.0,0.0,0.0,0.0,0.0,0.0,0.0,0.0,0.0,0.0,0.0,0.0,0.0,0.0,0.0,0.0,0.0,0.0,0.0,0.0,0.0,0.0,0.0,0.0,0.0,0.0,0.0,0.0,0.0,0.0,0.0,0.0,0.0,0.0,0.0,13.069787979125977,0.0,0.0,0.0,0.0,0.0,0.0,0.0,0.0,0.0,0.0,0.0,0.0,0.0,0.0,0.0,0.0,0.0,0.0,0.0,0.0,0.0,0.0,0.0,0.0,0.0,0.0,0.0,0.0,0.0,0.0,0.0,0.0,0.0,0.0,0.0,0.0,0.0,0.0,0.0,0.0,0.0,0.0,0.0,0.0,0.0,0.0,0.0,0.0,2.33019757270813,0.0,0.0,0.0,0.0,0.0,0.0,0.0,0.0,0.0,0.0,0.0,0.0,0.0,0.0,0.0,0.0,0.0,0.0,0.0,0.0,0.23495855927467346,0.0,0.0,0.0,0.0,0.0,0.0,0.0,0.0,0.0,0.0,0.0,0.0,0.0,0.0,0.0,0.0,0.0,0.0,0.0,0.0,0.0,0.0,0.0,0.0,0.0,0.0,0.0,0.0,0.0,0.0,0.0,0.0,0.0,0.0,0.35626113414764404,0.0,0.0,5.881129264831543,0.0,0.0,0.0,0.0,0.0,0.0,0.0,0.0,8.362992286682129,0.0,0.0,0.0,0.0,0.0,0.0,0.0,0.0,0.0,0.0,0.0,0.0,0.0,0.0,0.0,0.0,0.0,0.0,0.0,0.0,0.0,0.0,0.0,0.0,0.0,0.0,0.0,0.0,0.8156307339668274,0.0,0.0,0.0,0.0,0.0,0.0,0.0,0.0,0.0,0.0,0.0,0.0,0.0,0.0,0.0,0.0,0.0,0.0,0.0,0.0,0.0,0.0,0.0,0.0,0.0,0.0,21.407447814941406,0.0,0.0,0.0,1.9419485330581665,0.0,0.0,0.0,0.0,0.0,0.0,0.0,0.0,0.0,0.0,0.0,0.0,0.0,0.0,0.0,0.0,0.0,10.44050121307373,16.7440185546875,0.0,0.0,0.0,0.0,0.0,0.0,0.0,0.0,0.0,0.0,0.0,0.0,0.0,0.0,0.0,0.0,0.0,0.0,0.0,0.0,0.0,21.90337371826172,0.0,0.0,0.0,0.0,0.0,0.0,6.639070987701416,0.0,0.0,0.0,4.5719075202941895,0.0,0.0,0.0,0.0,0.0,0.0,0.0,0.0,0.0,0.0,0.0,0.0,0.0,0.0,0.0,0.0,0.0,0.0,0.0,0.0,0.0,0.0,0.0,0.0,0.0,0.0,0.0,0.0,0.0,0.0,0.0,0.0,0.0,0.0,0.0,0.0,0.0,0.0,0.0,0.0,0.0,0.0,0.0,0.0,28.035419464111328,0.0,0.0,0.0,0.0,0.0,0.0,0.0,0.0,0.0,0.0,0.0,0.0,0.0,0.0,0.0,0.0,0.0,0.0,0.0,0.0,0.0,6.142499923706055,0.0,0.0,0.0,0.0,0.0,0.0,0.0,0.0,0.0,0.0,0.0,0.0,0.0,0.0,0.0,0.0,0.0,0.0,0.0,0.0,0.0,0.0,0.0,0.0,0.0,0.0,0.0,0.0,0.0,0.0,0.0,0.0,0.0,0.0,0.0,0.0,22.495197296142578,0.0,0.0,0.0,0.0,0.0,0.0,0.0,0.0,0.02511485666036606,2.060029983520508,0.0,0.0,0.0,0.0,0.0,0.0,0.0,0.0,0.0,0.0,0.0,0.0,0.0,0.0,0.0,0.0,11.39836311340332,0.0,0.0,0.0,0.0,0.0,0.0,0.0,0.0,0.0,0.0,0.0,0.0,7.734379291534424,0.0,0.0,0.0,0.0,0.0,0.0,0.0,0.0,0.0,0.0,0.0,0.0,23.065750122070312,0.0,0.0,27.150787353515625,0.0,0.0,0.0,0.0,6.91473388671875,0.0,0.0,0.0,1.6481449604034424,0.0,0.0,0.0,0.0,0.0,0.0,4.449883460998535,0.0,0.0,0.0,0.0043674856424331665,0.0,0.0,0.0,0.0,0.0,0.0,0.0,0.0,0.0,0.0,0.0,0.0,0.0,0.0,0.0,0.0,0.0,0.0,0.0,0.0,0.0,0.0,0.0,0.0,0.0,0.0,0.0,0.0,0.0,8.377376556396484,0.0,0.0,0.0,0.0,0.0,0.0,0.0,0.0,0.0,0.0,0.0,0.0,0.0,0.0,0.0,2.552280902862549,0.0,0.0,0.0,0.0,0.0,0.0,8.234857559204102,0.9371132254600525,0.0,0.0,0.0,0.0,0.0,0.0,0.0,0.0,0.0,0.0,0.0,0.0,0.0,0.0,0.0,0.0,0.0,0.0,0.0,0.0,0.0,0.0,0.0,0.0,0.0,10.759576797485352,0.0,0.0,0.0,0.0,0.0,0.0,0.0,0.0,12.926153182983398,0.0,0.0,0.0,0.0,0.0,0.0,0.0,0.0,0.0,0.0,0.0,0.0,0.0,0.0,0.0,0.0,0.0,0.0,0.0,0.0,0.0,0.0,13.342052459716797,0.0,0.0,0.0,0.0,0.0,0.0,0.0,0.0,0.0,0.0,0.0,0.0,0.0,0.0,0.0,0.0,0.0,0.0,0.0,0.0,0.0,0.0,0.0,0.0,0.0,0.0,0.0,0.0,0.0,0.0,0.0,0.0,0.0,0.0,0.0,0.0,0.0,0.0,0.0,0.0,0.0,0.0,0.0,0.0,0.0,0.0,0.0,0.0,0.0,0.0,0.0,0.0,0.0,0.0,0.0,0.0,0.0,0.0,0.0,0.0,0.0,0.0,0.0,0.0,0.0,0.0,0.0,0.0,0.0,0.0,0.0,0.0,0.0,0.0,0.0,0.0,0.0,0.0,0.0,0.0,0.0,0.0,0.0,0.0,0.0,0.0,0.0,0.0,0.0,0.0,0.0,0.0,0.0,0.0,0.0,0.0,3.7119312286376953,0.0,0.0,0.0,0.0,0.0,0.0,0.0,0.0,0.0,0.0,0.0,0.0,0.0,0.0,0.0,0.0,0.0,0.0,0.0,0.0,0.0,0.0,0.0,0.0,0.0,0.0,0.0,0.0,0.0,0.0,0.0,0.0,0.0,0.0,0.0,0.0,0.0,0.0,0.0,0.0,0.0,0.0,0.0,0.0,0.0,0.0,0.0,0.0,0.0,0.0,0.0,0.0,0.0,0.0,9.211105346679688,0.0,0.0,0.0,0.0,0.0,0.0,0.0,0.0,0.0,0.0,0.0,10.489805221557617,0.0,0.0,0.0,0.0,0.0,0.0,0.0,0.0,0.0,0.0,0.0,0.0,0.0,0.0,0.0,0.0,0.0,0.0,0.0,0.0,0.0,0.0,0.0,0.0,0.0,0.0,0.0,0.0,0.0,0.0,0.0,0.0,0.0,0.0,0.0,0.0,0.0,0.0,0.0,0.0,0.0,0.0,0.0,0.0,36.24962615966797,0.0,0.0,0.0,0.0,0.0,0.0,0.0,0.0,0.0,0.0,0.0,0.0,0.0,0.0,0.0,0.0,0.0,0.0,0.0,0.0,0.0,0.0,0.0,0.0,0.0,0.0,0.0,0.0,0.0,0.0,0.0,0.0,0.0,0.0,0.0,0.0,0.0,0.0,0.0,0.0,0.0,0.0,0.0,0.0,0.0,0.0,0.0,0.0,0.0,0.0,0.0,0.0,0.0,0.0,0.0,7.609745979309082,6.3447065353393555,0.0,0.0,0.0,0.0,0.0,0.0,0.0,0.0,0.0,0.0,0.0,0.0,0.0,0.0,0.0,0.0,0.0,0.0,0.0,0.0,0.0,0.0,0.0,0.0,0.0,0.0,0.0,0.0,0.0,0.0,0.0,0.0,0.0,0.0,0.0,0.0,0.0,0.0,0.0,0.0,0.0,0.0,0.0,0.0,0.0,0.0,0.0,0.0,0.0,0.0,0.0,0.0,0.0,0.0,0.0,0.0,0.0,12.033363342285156,0.0,0.0,22.85435676574707,0.0,0.0,0.0,0.0,0.0,15.04248332977295,10.522489547729492,0.0,0.0,0.0,0.0,0.0,0.0,0.0,0.0,0.0,0.0,0.0,0.0,0.0,0.0,0.0,0.0,0.0,0.0,0.0,0.0,0.0,0.0,0.0,0.0,0.0,0.0,0.0,0.0,0.0,0.0,0.0,0.0,0.0,0.0,0.0,0.0,0.0,0.0,0.0,0.0,0.0,0.0,13.556893348693848,0.0,0.0,27.040578842163086,0.0,0.0,0.0,0.0,0.0,0.0,0.0,0.0,0.0,0.0,0.0,0.0,0.0,0.0,0.0,0.0,0.0,0.0,0.0,0.0,0.0,0.0,0.0,0.0,0.0,0.0,0.0,0.0,0.0,0.0,0.0,0.0,0.0,0.0,0.0,0.0,0.0,0.0,0.0,0.0,0.0,0.0,0.0,0.0,0.0,0.0,0.0,0.0,0.0,21.729934692382812,0.0,0.0,0.0,0.0,0.0,0.0,0.0,0.0,0.0,0.0,0.0,0.0,0.0,2.8449926376342773,0.0,0.0,0.0,0.0,0.0,0.0,0.0,0.0,0.0,0.0,0.0,0.0,0.0,0.0,0.0,0.0,0.0,0.0,0.0,0.0,0.0,0.0,0.0,0.0,0.0,0.0,0.0,0.0,0.0,0.0,0.0,0.0,0.0,0.0,0.0,0.0,0.0,0.0,0.0,0.0,0.0,0.0,0.0,0.0,0.0,0.0,0.0,0.0,0.0,0.0,0.0,0.0,0.0,0.0,0.0,0.0,0.0,0.0,0.0,0.0,0.0,0.0,0.0,0.0,0.0,0.0,0.0,0.0,0.0,0.0,0.0,0.0,0.0,0.0,0.0,0.0,0.0,0.0,0.0,0.0,0.0,0.0,0.0,0.0,0.0,0.0,0.0,0.0,0.0,0.0,0.0,0.0,0.0,0.0,0.0,0.0,0.0,0.0,0.0,0.0,0.0,0.0,0.0,0.0,0.0,0.0,0.0,0.0,0.0,0.0,0.0,0.0,0.0,0.0,0.0,0.0,0.0,0.0,0.0,0.0,0.0,0.0,0.0,0.0,0.0,0.0,0.0,0.0,0.0,0.0,0.0,0.0,0.0,0.0,0.0,0.0,0.0,0.0,0.0,0.0,0.0,0.0,0.0,0.0,0.0,0.0,0.0,0.0,0.0,0.0,0.0,0.0,0.0,0.0,0.0,0.0,0.0,0.0,0.0,0.0,0.0,0.0,0.0,0.0,0.0,0.0,0.0,0.0,0.0,0.0,0.0,0.0,0.0,0.0,0.0,0.0,0.0,0.0,0.0,0.0,0.0,0.0,0.0,0.0,0.0,0.0,0.0,0.0,0.0,0.0,0.0,0.0,0.0,0.0,0.0,0.0,0.0,0.0,0.0,0.0,0.0,0.0,0.0,0.0,0.0,0.0,0.0,0.0,0.0,0.0,0.0,0.0,0.0,0.0,0.0,0.0,0.0,0.0,0.0,0.0,0.0,0.0,0.0,0.0,0.0,0.0,0.0,0.0,0.0,0.0,0.0,2.9246320724487305,0.0,0.0,0.0,0.0,0.0,0.0,0.0,0.0,0.0,0.0,0.0,0.0,0.0,0.0,0.0,0.0,0.0,0.0,0.0,0.0,0.0,0.0,0.0,0.0,0.0,0.0,0.0,0.0,0.0,0.0,0.0,0.0,0.0,0.0,0.0,0.0,0.0,0.0,0.0,0.0,0.0,0.0,0.0,0.0,40.735435485839844,0.0,0.0,0.0,0.0,0.0,0.0,0.0,0.0,0.0,0.0,0.0,0.0,0.0,0.0,0.0,0.0,0.0,0.0,0.0,0.0,0.0,0.0,0.0,0.0,0.0,0.0,0.0,0.0,0.0,0.0,0.0,0.0,0.0,0.0,0.0,0.0,0.0,0.0,0.0,0.0,0.0,0.0,0.0,0.0,0.0,0.0,0.0,0.0,0.0,0.0,0.0,0.0,0.0,0.0,0.0,0.0,0.0,0.0,0.0,0.0,0.0,0.0,0.0,0.0,0.0,0.0,0.0,0.0,0.0,0.0,0.0,0.0,0.0,0.0,0.0,0.0,0.0,0.0,0.0,0.0,0.0,0.0,0.0,0.0,0.0,0.0,0.0,0.0,0.0,0.0,0.0,0.0,0.0,0.0,0.0,0.0,0.0,0.0,0.0,0.0,0.0,0.0,0.0,0.0,0.0,0.0,0.0,0.0,0.0,0.0,0.0,0.0,0.0,0.0,19.917022705078125,0.0,0.0,0.0,0.0,0.0,0.0,0.0,0.0,0.0,14.014020919799805,0.0,0.0,0.0,0.0,0.0,0.0,0.0,0.0,0.0,0.0,0.0,0.0,0.0,0.0,0.0,0.0,0.0,0.0,0.0,0.0,0.0,0.0,0.0,0.0,0.0,0.0,0.0,0.0,0.0,0.0,0.0,0.0,0.0,0.0,0.0,0.0,0.0,0.0,0.0,0.0,0.0,0.0,0.0,0.0,0.0,20.362205505371094,0.0,0.0,0.0,0.0,10.275529861450195,0.0,0.0,0.0,0.0,0.0,0.0,0.0,0.0,0.0,0.0,0.0,0.0,0.0,0.0,0.0,0.0,0.0,0.0,0.0,0.0,0.0,0.0,0.0,0.0,0.0,0.0,0.0,0.0,0.0,0.0,0.0,0.0,0.0,0.0,0.0,0.0,0.0,0.0,0.0,0.0,0.0,0.0,0.0,0.0,17.97615623474121,0.0,0.0,0.0,0.0,0.0,0.0,0.0,0.0,0.0,0.0,0.0,0.0,0.0,0.0,0.0,0.0,0.0,0.0,0.0,0.0,0.0,0.0,0.0,0.0,0.0,6.337410926818848,0.0,0.0,0.0,0.0,0.0,0.0,0.0,0.0,0.0,0.0,26.086612701416016,0.0,0.0,0.0,0.0,0.0,0.0,0.0,0.0,0.0,5.7951250076293945,0.0,0.0,0.0,0.0,0.0,0.0,0.0,0.0,0.0,0.0,0.0,0.0,0.0,0.0,0.0,0.0,0.0,0.0,0.0,0.0,0.0,0.0,0.0,0.0,0.0,0.0,0.0,0.0,0.0,0.0,0.0,0.0,0.0,0.0,0.0,0.0,0.0,0.0,0.0,0.0,0.0,0.0,0.0,0.0,0.0,0.0,0.0,0.0,0.0,0.0,0.0,0.0,0.0,0.0,0.0,0.0,0.0,0.0,0.0,4.204776763916016,0.0,0.0,0.0,0.0,0.0,12.450175285339355,0.0,0.0,0.0,0.0,0.0,0.0,0.0,0.0,0.0,72.49269104003906,5.382936954498291,0.0,0.0,0.0,0.0,0.0,0.0,0.0,0.0,0.0,0.0,0.0,0.0,0.0,0.0,0.0,0.0,0.0,0.0,11.278790473937988,0.0,0.0,0.0,0.0,0.0,0.0,0.0,2.391960620880127,0.0,0.0,0.0,0.0,0.0,0.0,0.0,0.0,0.0,0.0,0.0,0.0,0.0,0.0,0.0,0.0,0.0,0.0,0.0,0.0,0.0,0.0,0.0,0.0,0.0,0.0,17.989713668823242,0.0,0.0,11.200886726379395,0.0,0.0,0.0,0.0,0.0,0.0,0.0,0.0,0.0,0.0,0.0,0.0,0.0,0.0,0.0,0.0,0.0,0.0,0.0,0.0,0.0,0.0,0.0,0.0,0.0,0.0,0.0,0.0,0.0,0.0,0.0,0.0,0.0,0.0,0.0,0.0,0.0,0.0,0.0,0.0,0.0,0.0,0.0,0.0,0.0,0.0,0.0,0.0,0.0,0.0,0.0,0.0,3.0208044052124023,0.08838032931089401,0.0,0.0,0.0,0.0,0.0,0.0,0.0,0.0,0.0,0.0,39.50593185424805,0.0,0.0,0.0,0.0,0.0,0.0,0.0,0.0,0.0,0.0,0.0,0.0,0.0,0.0,0.0,0.0,0.0,0.0,0.0,0.0,0.0,0.0,83.92630004882812,0.0,0.0,0.0,0.0,0.0,0.7485366463661194,0.0,0.0,0.0,0.0,0.6642385721206665,0.0,0.0,0.0,0.0,0.0,0.0,0.0,0.0,0.0,0.0,46.501365661621094,0.0,0.0,0.0,0.0,0.0,0.0,0.0,0.0,0.0,0.0,0.0,0.0,0.0,0.0,0.0,0.0,0.0,0.0,0.0,0.0,0.0,0.0,0.0,0.0,0.0,0.0,0.0,0.0,0.0,0.0,0.0,0.0,0.0,0.0,0.0,0.0,0.0,0.0,0.0,0.0,0.0,0.0,0.0,0.0,0.0,0.0,0.0,0.0,0.0,5.545219898223877,0.0,0.0,0.0,0.0,0.0,23.193252563476562,0.0,0.0,0.0,0.0,0.0,0.0,0.0,0.0,0.0,0.0,0.0,0.0,0.0,4.496331214904785,0.0,0.0,0.0,0.0,0.0,0.0,0.0,0.0,0.0,0.0,0.0,0.0,0.0,0.0,0.0,0.0,0.0,0.0,0.0,0.0,0.0,9.85651969909668,0.0,0.0,0.0,0.0,0.0,0.0,0.0,0.0,0.0,0.0,0.0,0.0,0.0,0.0,0.0,0.0,17.366817474365234,0.0,0.0,1.8664360046386719,0.0,0.0,62.55430603027344,0.0,0.0,0.0,0.0,0.0,0.0,0.0,0.0,0.0,0.0,0.0,0.0,0.0,0.0,0.0,0.0,0.0,6.5911359786987305,0.0,0.0,0.0,0.0,0.0,0.0,0.0,0.0,3.340165376663208,0.0,0.0,0.0,0.0,0.0,36.033966064453125,0.0,0.0,0.0,0.0,0.0,0.0,6.123619556427002,0.0,0.0,0.0,0.0,0.0,0.0,0.0,0.0,0.0,0.0,0.0,0.0,0.0,0.0,0.0,22.413692474365234,0.0,0.0,0.0,0.0,10.850862503051758,0.0,0.0,0.0,0.0,0.0,0.0,0.0,4.529075622558594,0.0,0.0,38.18077850341797,0.0,0.0,0.0,0.0,0.0,0.0,0.0,0.0,0.0,0.0,0.0,0.0,0.0,0.0,0.0,0.0,0.0,0.0,0.0,0.0,0.0,0.0,0.0,0.0,0.0,0.0,0.0,0.0,0.0,0.0,0.0,0.0,0.0,21.893617630004883,0.0,0.0,0.0,0.0,0.0,0.0,0.0,0.0,0.0,0.0,0.0,0.0,0.0,0.0,0.0,0.0,0.0,0.0,0.0,0.0,0.0,0.0,7.384654521942139,0.0,0.0,17.303068161010742,0.0,0.0,0.0,0.0,0.0,0.0,0.0,0.0,0.0,0.0,26.544696807861328,0.0,0.0,0.0,0.0,0.0,0.0,0.0,0.0,0.0,0.0,0.0,0.0,0.0,0.0,0.0,0.0,0.0,0.0,0.0,0.0,0.0,0.0,0.0,0.0,0.0,0.0,0.0,0.0,0.0,0.0,0.0,0.0,12.535562515258789,0.0,0.0,0.0,0.0,0.0,0.0,0.0,0.0,0.0,1.8170090913772583,0.0,0.0,0.0,0.0,0.0,0.0,0.0,0.0,0.0,0.0,0.0,0.0,0.0,0.0,0.0,0.0,0.0,0.0,0.0,0.0,0.0,0.0,0.0,0.0,0.0,0.0,9.422552108764648,0.0,0.0,0.0,0.0,0.0,10.7969388961792,0.0,0.0,0.0,0.0,0.0,4.635492324829102,0.0,0.0,0.0,59.17521286010742,8.966398239135742,0.0,0.0,0.0,0.0,0.0,0.0,0.0,0.0,0.0,0.0,0.0,0.0,0.0,0.0,0.0,0.0,0.0,17.037668228149414,27.0562744140625,0.0,0.0,22.795055389404297,0.0,0.0,0.0,0.0,20.65917205810547,0.0,0.0,0.0,26.34249496459961,0.0,0.0,0.0,0.0,0.0,0.0,0.0,0.0,0.0,0.0,0.0,0.0,0.0,0.0,0.0,0.0,0.0,2.0748298168182373,0.0,0.0,0.0,0.0,12.148844718933105,0.0,1.3466087579727173,11.498271942138672,0.0,0.0,0.0,0.0,0.0,0.0,0.0,0.0,0.0,0.0,0.0,0.0,0.0,0.0,0.0,0.0,0.0,0.0,0.0,0.0,0.0,0.0,0.0,0.0,0.0,0.0,0.0,0.0,0.0,0.0,0.0,0.0,0.0,0.0,0.0,0.0,0.0,0.0,0.0,0.0,0.0,0.0,0.0,1.782752513885498,0.0,0.0,0.0,0.0,0.0,0.0,0.0,0.0,30.013763427734375,0.0,0.0,0.0,0.0,24.72372817993164,0.0,0.0,15.985700607299805,0.0,0.0,0.0,31.717756271362305,0.0,0.0,0.0,2.560683012008667,0.0,0.0,4.411935329437256,0.0,0.0,2.7183032035827637,0.0,0.0,0.0,0.0,0.0,0.0,0.0,0.0,0.0,0.0,0.0,0.0,70.84258270263672,0.0,0.0,0.0,0.0,0.0,0.0,0.0,0.0,0.0,0.0,4.522707939147949,0.0,0.0,0.0,0.0,0.0,0.0,0.0,0.0,0.0,0.0,24.883058547973633,0.0,33.87016677856445,0.0,0.0,0.0,0.0,0.0,0.0,0.0,0.0,0.0,0.0,0.0,0.0,0.0,0.0,0.0,0.0,0.0,0.0,0.0,0.0,0.0,0.0,0.0,0.0,0.0,0.0,0.0,0.0,0.0,0.0,0.0,0.0,0.0,0.0,0.0,0.0,0.0,0.0,0.0,0.0,0.0,0.0,0.0,0.0,0.0,0.0,9.958313941955566,27.462411880493164,0.0,0.0,0.0,0.0,0.0,21.23741912841797,0.0,4.141017913818359,0.0,0.0,0.0,0.0,0.0,0.0,0.0,0.0,0.0,0.7901636362075806,0.0,8.07595157623291,0.0,0.7204502820968628,0.0,0.0,0.0,0.0,0.0,0.0,0.0,0.0,0.0,0.0,0.0,0.0,0.0,0.0,0.0,0.0,0.0,0.0,0.0,7.061535835266113,0.0,16.03385353088379,0.0,0.0,0.0,0.0,0.0,2.782773971557617,0.0,0.0,0.0,0.0,0.0,0.0,0.0,0.0,5.508498191833496,0.0,0.0,0.0,0.0,0.0,52.43726348876953,0.0,0.0,9.511557579040527,7.458518981933594,0.0,0.0,12.43268871307373,0.0,0.0,0.0,0.0,0.0,0.0,0.0,0.0,0.0,0.0,21.47489356994629,0.0,0.0,0.0,0.0,0.0,0.0,0.0,0.0,13.695710182189941,0.0,0.0,0.0,0.0,0.0,32.798583984375,0.0,0.0,0.0,0.0,0.0,0.0,11.959197998046875,0.0,0.0,0.0,0.0,0.0,0.0,0.0,12.293091773986816,0.0,0.0,0.0,0.0,0.0,7.129755020141602,0.0,1.8982740640640259,0.0,0.0,0.0,0.0,7.303140163421631,0.0,0.0,0.0,0.0,0.0,0.0,0.0,4.5162763595581055,0.0,0.0,42.0112190246582,0.0,0.0,0.0,0.0,0.0,0.0,0.0,0.0,0.0,0.0,0.0,0.0,0.0,0.0,0.0,0.0,0.0,0.0,0.0,0.0,0.0,0.0,0.0,0.0,0.0,0.0,0.0,0.0,0.0,0.0,0.0,0.0,0.0,31.048805236816406,0.0,0.0,0.0,0.0,0.0,0.0,0.0,0.0,0.0,0.0,0.0,0.0,0.0,0.78091961145401,0.0,0.0,0.0,0.0,0.0,0.0,0.0,0.0,7.154104232788086,0.0,0.0,0.0,0.0,0.0,0.0,0.0,0.0,0.0,0.0,0.0,0.0,3.2756338119506836,2.4908065795898438,0.0,0.0,0.0,0.0,0.0,0.0,0.0,0.0,0.0,0.0,0.0,0.0,0.0,0.0,0.0,0.0,0.0,0.0,0.0,0.0,0.0,0.0,0.0,0.0,0.0,0.0,0.0,0.0,0.0,0.0,0.0,0.0,0.0,0.0,0.0,0.0,0.0,0.0,0.0,0.0,0.0,0.0,0.0,0.0,0.0,0.0,0.0,0.0,0.0,0.0,0.0,0.0,0.0,0.0,0.0,0.0,0.0,0.0,0.0,0.0,0.0,0.0,0.0,0.0,0.0,0.0,0.0,0.0,0.0,0.0,0.0,0.0,0.0,0.0,0.0,0.0,0.0,0.0,0.0,0.0,0.0,0.0,0.0,0.0,0.0,43.67967224121094,0.0,0.0,0.0,0.0,0.0,0.0,0.0,0.0,0.0,0.0,0.0,0.0,0.0,0.0,0.0,0.0,0.0,0.0,0.0,22.315595626831055,0.0,0.0,0.0,0.0,0.0,0.0,0.0,0.0,0.0,0.0,0.0,0.0,0.0,0.0,0.0,0.0,0.0,0.0,0.0,0.0,0.0,0.0,0.0,0.0,0.0,0.0,0.0,0.0,0.0,0.0,0.0,0.0,0.0,0.0,0.0,0.0,0.0,3.0030837059020996,0.0,0.0,0.0,0.0,0.0,0.0,0.0,0.0,0.0,0.0,0.0,0.0,0.0,0.0,0.0,0.0,0.0,0.0,0.0,0.0,0.0,0.0,0.0,0.0,0.0,0.0,0.0,0.0,0.0,0.0,0.0,0.0,0.0,0.0,0.0,0.0,0.0,0.0,0.0,0.0,0.0,0.0,0.0,0.0,0.0,0.0,0.0,0.0,0.0,0.0,0.0,0.0,16.148818969726562,0.0,0.0,0.0,0.0,0.0,0.0,0.0,5.422241687774658,0.0,0.0,0.0,14.3502836227417,0.0,0.0,0.0,12.320565223693848,0.0,0.0,0.0,0.0,0.0,0.0,0.0,0.0,0.0,0.0,0.0,0.0,0.0,0.0,0.0,0.0,0.0,0.0,16.016170501708984,0.0,0.0,0.0,0.0,0.0,0.0,0.0,0.0,0.0,0.0,0.0,0.0,0.0,0.0,0.0,0.0,0.0,0.0,0.0,0.0,0.0,13.832388877868652,0.0,0.0,0.0,0.0,0.0,0.0,0.0,0.0,0.0,0.0,0.0,0.0,0.0,0.0,0.0,0.0,0.0,0.0,0.0,0.0,0.0,0.0,0.0,0.0,0.0,0.0,0.0,0.0,0.0,0.0,0.0,0.0,0.0,0.0,0.0,0.0,0.0,0.0,0.0,0.0,0.0,0.0,0.0,0.0,0.0,0.0,0.0,0.0,1.5680996179580688,14.53171157836914,0.0,0.0,0.0,0.0,0.0,9.20132064819336,0.0,0.0,0.0,0.0,0.0,0.0,0.0,0.0,0.0,0.0,0.0,0.0,0.0,0.0,0.0,0.0,0.0,0.0,0.0,0.0,0.0,0.0,0.0,0.0,0.0,0.0,0.0,0.0,0.0,0.0,0.0,0.0,0.0,0.0,0.0,0.0,0.0,0.0,0.0,0.0,0.0,0.0,0.0,0.0,0.0,0.0,0.0,0.0,0.0,0.0,0.0,0.0,0.0,0.0,0.0,0.0,0.0,0.0,59.29039001464844,0.0,0.0,3.002396821975708,0.0,0.0,0.0,0.0,0.0,0.0,6.967105865478516,0.0,0.0,0.0,0.0,0.0,0.0,0.0,9.701164245605469,0.0,0.0,0.0,0.0,0.0,0.0,0.0,0.0,0.0,0.0,0.0,0.0,0.0,5.791420936584473,15.831039428710938,0.0,0.0,0.0,0.0,0.0,0.0,13.680901527404785,0.0,0.0,0.0,0.0,0.0,0.0,0.0,0.0,0.0,0.0,0.0,0.0,0.0,0.0,0.0,0.0,0.0,0.0,0.0,0.0,11.057003021240234,0.0,0.0,0.0,0.0,0.0,0.0,0.0,0.0,0.0,0.0,15.947896957397461,0.0,0.0,0.0,0.0,0.0,0.0,0.0,0.0,0.0,0.0,0.0,0.0,0.0,0.0,0.0,0.0,0.0,0.0,0.0,0.0,0.0,0.0,0.0,0.0,0.0,0.0,0.0,0.0,0.0,0.0,0.0,0.0,0.0,22.329734802246094,0.0,0.0,0.0,0.0,0.0,0.0,0.0,0.0,0.0,0.0,0.0,0.0,0.0,0.7691631317138672,0.0,0.0,0.0,0.0,0.0,0.0,0.0,0.0,0.0,0.0,0.0,0.0,0.0,0.0,0.0,0.0,0.0,0.0,0.0,0.0,0.0,6.067471504211426,0.0,0.0,0.0,0.0,0.0,0.0,0.0,0.0,0.0,0.0,0.0,0.0,0.0,0.0,0.0,0.0,0.0,0.0,0.0,0.0,0.0,0.0,0.0,0.0,0.0,0.0,0.0,0.0,0.0,0.0,0.0,0.0,0.0,0.0,0.0,0.0,0.0,0.0,0.0,0.0,0.0,0.0,0.0,0.0,0.0,0.0,0.0,0.0,0.0,0.0,0.0,0.0,0.0,0.0,0.0,0.0,0.0,0.0,0.0,0.0,0.0,0.0,0.0,0.0,0.0,0.0,0.0,0.0,0.0,0.0,0.0,0.0,0.0,0.0,0.0,0.0,0.0,0.0,0.0,0.0,0.0,0.0,0.0,0.0,0.0,0.0,8.85175609588623,0.0,0.0,0.0,0.0,0.0,0.0,0.0,0.0,0.0,0.0,0.0,0.0,0.0,0.0,0.0,0.0,0.0,0.0,0.0,0.6118853688240051,0.0,0.0,0.0,0.0,0.0,0.0,0.0,0.0,0.0,0.0,0.0,0.0,0.0,0.0,0.0,0.0,0.0,0.0,0.0,0.0,0.0,0.0,0.0,0.0,0.0,0.0,0.0,0.0,0.0,0.0,0.0,0.0,0.0,0.0,0.5239388942718506,0.0,0.0,0.17791366577148438,0.0,0.0,0.0,0.0,0.0,0.0,0.0,0.0,0.0,0.0,0.0,0.0,0.0,0.0,0.0,0.0,0.0,0.0,0.0,0.0,0.0,0.0,0.0,0.0,0.0,0.0,0.0,0.0,0.0,0.0,0.0,0.0,0.0,0.0,0.0,0.0,0.0,0.0,0.0,0.0,0.0,0.0,0.0,0.0,0.0,0.0,0.0,0.0,0.0,0.0,0.0,0.0,7.0177178382873535,0.0,0.0,0.0,0.0,0.0,0.0,0.0,0.0,0.0,0.0,0.0,18.266651153564453,0.0,0.0,0.0,0.0,0.0,0.0,0.0,0.0,0.0,0.0,0.0,0.0,0.0,0.0,0.0,0.0,0.0,0.0,0.0,0.0,0.0,0.0,18.17335319519043,0.0,0.0,0.0,0.0,0.0,0.0,0.0,0.0,0.0,0.0,0.0,0.0,0.0,0.0,0.0,0.0,0.0,0.0,0.0,0.0,0.0,17.726388931274414,0.0,0.0,0.0,0.0,0.0,0.0,0.0,0.0,0.0,0.0,0.0,0.0,0.0,0.0,0.0,0.0,0.0,0.0,0.0,0.0,0.0,0.0,0.0,0.0,0.0,0.0,0.0,0.0,0.0,0.0,0.0,0.0,0.0,0.0,0.0,0.0,0.0,0.0,0.0,0.0,0.0,0.0,0.0,0.0,0.0,0.0,0.0,0.0,0.0,0.0,0.0,0.0,0.0,0.0,0.0,0.0,0.0,0.0,0.0,0.0,0.0,0.0,0.0,0.0,0.0,0.0,0.0,0.0,0.0,0.0,0.0,0.0,0.0,0.0,0.0,0.0,0.0,0.0,0.0,0.0,0.0,0.0,0.0,0.0,0.0,0.0,0.0,0.0,0.0,0.0,0.0,0.0,0.0,0.0,0.0,0.0,0.0,0.0,0.0,0.0,0.0,0.0,0.0,0.0,0.0,0.0,0.0,0.0,0.0,0.0,0.0,0.0,0.0,0.0,52.64555358886719,0.0,0.0,0.0,0.0,0.0,0.0,0.0,0.0,0.0,1.0628528594970703,0.0,0.0,0.0,0.0,0.0,0.0,0.0,0.0,0.0,0.0,0.0,0.0,0.0,0.0,0.0,0.0,0.0,0.0,0.0,0.0,0.0,9.216018676757812,0.0,0.0,0.0,0.0,0.0,0.0,0.0,0.10996921360492706,0.0,0.0,0.0,0.0,0.0,0.0,0.0,0.0,0.0,0.0,0.0,0.0,3.415051221847534,0.0,0.0,10.879830360412598,0.0,0.0,0.0,0.0,5.600179672241211,0.0,0.0,2.568519353866577,0.0,0.0,0.0,0.0,0.0,0.0,0.0,0.0,0.0,0.0,0.0,0.0,0.0,0.0,0.0,0.0,0.0,0.0,0.0,0.0,0.0,0.0,0.0,0.0,0.0,0.0,0.0,0.0,0.0,0.0,0.0,0.0,0.0,0.0,0.0,0.0,0.0,0.0,0.0,0.0,0.0,22.1021785736084,0.0,0.0,0.0,0.0,0.0,0.0,0.0,0.0,0.0,0.0,0.0,0.0,0.0,0.0,0.0,0.0,0.0,0.0,0.0,0.0,0.0,0.0,0.0,0.0,0.0,0.0,0.0,0.0,0.0,3.988041400909424,0.0,0.0,0.0,0.0,0.0,3.459714651107788,0.0,0.0,0.0,0.0,0.0,0.0,0.0,0.0,0.0,0.0,0.0,0.0,0.0,0.0,0.0,0.0,0.0,0.0,0.0,0.0,0.0,0.0,0.0,0.0,0.0,0.0,0.0,0.0,0.0,0.0,0.0,5.516113758087158,0.0,0.0,0.0,0.0,3.5051372051239014,0.0,0.0,0.0,0.0,0.0,0.0,0.0,0.0,0.0,0.0,0.0,9.093284606933594,0.0,0.0,13.16939640045166,0.0,0.0,0.0,0.0,0.0,0.0,0.0,0.0,0.0,0.0,0.0,0.0,0.0,0.0,0.0,0.0,0.0,0.0,0.0,0.0,0.0,0.0,0.0,0.0,0.0,0.0,0.0,0.0,0.0,0.0,0.0,0.0,0.0,0.0,9.678251266479492,0.0,0.0,0.0,0.0,0.0,0.0,0.0,0.0,0.0,0.0,0.0,0.0,0.0,0.0,0.0,2.776176691055298,0.0,0.0,0.0,0.0,0.0,0.0,0.0,0.0,0.0,0.0,0.0,0.0,0.0,0.0,0.0,0.0,0.0,0.0,0.0,0.0,0.0,0.0,0.0,0.0,7.84335994720459,0.0,0.0,0.0,0.0,0.0,0.0,0.0,0.0,0.0,0.0,0.0,0.0,0.0,0.0,0.0,0.0,7.38751220703125,0.0,0.0,0.0,0.0,3.3476715087890625,0.0,0.0,0.0,3.580444574356079,0.0,0.0,0.0,0.0,0.0,0.0,0.0,0.0,0.0,0.0,0.0,0.0,0.0,0.0,0.0,0.0,0.0,0.0,0.0,0.0,0.0,0.0,0.0,0.0,0.0,0.0,0.0,0.0,3.8232500553131104,0.0,0.0,0.0,0.0,0.0,0.0,0.0,0.0,0.0,0.0,0.0,0.0,0.0,0.0,1.3194897174835205,0.0,0.0,0.0,0.0,0.0,0.0,0.0,0.0,0.0,0.0,0.0,15.9569730758667,0.0,0.0,0.0,4.342580318450928,0.0,0.0,0.0,0.0,0.0,0.0,0.0,0.0,0.0,0.0,0.0,0.0,0.0,0.0,0.0,0.0,0.0,0.0,8.176247596740723,0.0,0.0,0.0,0.0,0.0,0.0,0.0,0.0,0.0,0.0,1.5469142198562622,0.0,0.0,0.0,0.0,0.0,0.0,0.0,0.0,0.0,0.0,23.275131225585938,0.0,0.0,0.0,0.0,0.0,7.192389488220215,6.726253032684326,0.0,0.0,0.0,7.600050926208496,0.0,0.0,0.0,0.0,0.0,0.0,0.0,0.0,0.0,0.0,0.0,0.0,0.475469708442688,0.0,0.0,0.0,0.0,0.0,0.0,0.0,0.0,0.0,0.0,0.0,0.0,0.0,0.0,0.0,0.0,0.0,0.0,0.0,0.0,0.0,0.0,0.0,0.0,1.632598876953125,0.28942954540252686,0.0,0.0,0.0,0.0,0.0,14.477951049804688,0.0,12.821779251098633,0.0,7.520226001739502,0.0,0.0,0.0,0.0,0.0,0.0,0.0,0.0,0.0,0.0,0.0,0.0,0.0,0.0,0.0,0.0,0.0,1.1054270267486572,0.0,0.0,0.0,0.0,0.0,0.0,0.0,0.0,0.0,0.0,0.0,0.0,0.0,0.0,0.0,0.0,0.0,0.0,0.0,0.0,0.0,0.0,0.0,0.0,0.0,0.0,0.0,0.0,0.0,0.0,0.0,0.0,0.0,0.0,0.0,0.0,26.90943717956543,0.0,0.0,8.099385261535645,0.0,0.0,0.0,0.0,0.0,0.0,0.0,0.0,0.0,0.0,0.0,0.0,0.0,0.0,0.0,0.0,0.0,0.0,0.0,0.0,0.5033013224601746,0.0,0.3800504505634308,7.608200550079346,0.0,0.0,0.0,12.148393630981445,0.0,0.0,0.0,0.0,0.0,4.873958110809326,0.0,0.0,0.0,2.57356858253479,0.0,0.0,0.0,0.0,0.0,0.0,0.0,0.0,0.0,0.0,0.0,14.261495590209961,0.0,0.0,33.884647369384766,0.0,0.0,0.0,0.0,15.47909164428711,0.0,0.0,0.0,0.0,0.0,0.0,0.0,0.0,0.0,0.0,7.183804988861084,0.0,0.0,0.0,0.0,0.0,0.0,0.0,0.0,0.0,0.0,0.0,0.0,0.0,0.0,0.0,0.0,0.0,0.0,0.0,0.0,0.0,0.0,0.0,0.0,0.0,0.0,0.0,0.0,0.0,0.0,0.0,0.0,1.753150224685669,2.446316719055176,0.0,1.8827733993530273,0.0,0.0,0.0,0.0,0.0,0.0,0.0,0.0,0.0,0.0,0.0,0.0,0.0,5.660726547241211,0.0,0.0,0.0,0.0,0.0,0.0,4.571126937866211,0.0,0.0,0.0,6.1638264656066895,0.0,0.0,0.0,0.0,0.0,0.0,0.0,0.0,19.703943252563477,0.0,0.0,0.0,0.0,0.0,0.0,0.0,0.0,0.0,0.0,0.0,0.0,0.0,18.876136779785156,0.0,0.0,0.0,0.0,0.0,0.0,0.0,0.0,10.367059707641602,0.0,0.0,0.0,0.0,0.0,0.0,3.023761749267578,0.0,0.0,0.0,0.0,0.0,0.0,0.0,0.0,0.0,0.0,0.0,0.0,0.0,0.0,0.0,8.380549430847168,0.0,0.0,7.987447261810303,0.0,0.0,0.0,0.0,0.0,0.0,0.0,0.0,0.0,0.0,0.0,0.0,0.0,0.0,0.0,0.0,0.0,7.220981121063232,0.0,0.0,0.0,0.0,0.0,0.0,0.0,0.0,0.0,0.0,0.0,0.0,0.0,0.0,0.0,0.0,0.0,0.0,0.0,0.0,0.0,0.0,0.0,0.0,0.0,0.0,0.0,0.0,0.0,0.0,0.0,0.0,3.260111093521118,0.0,0.0,0.0,0.0,0.0,0.0,0.0,0.0,0.0,0.0,0.0,0.0,0.0,0.0,0.0,0.0,10.273117065429688,0.0,0.0,0.0,12.81764030456543,0.0,0.0,0.0,0.0,0.0,0.0,0.0,0.0,0.0,0.0,0.0,0.0,0.0,0.0,0.0,0.0,0.0,0.0,0.0,0.0,0.0,3.4895248413085938,0.0,3.6972641944885254,0.0,0.0,0.0,0.0,17.329469680786133,0.0,0.0,15.67001724243164,0.0,0.0,0.0,0.0,0.0,0.0,0.0,0.0,0.0,0.0,0.0,0.0,0.0,0.0,0.0,0.0,0.0,0.0,0.0,0.0,0.0,0.0,0.0,0.0,0.0,0.0,0.0,0.0,0.0,0.0,0.0,0.0,0.0,0.0,1.2103023529052734,0.0,0.0,0.0,0.0,0.0,0.0,0.0,0.0,0.0,0.0,0.0,13.297731399536133,0.0,0.0,0.0,0.0,0.0,0.0,0.0,0.0,0.0,12.263618469238281,0.0,36.433624267578125,0.0,0.0,0.0,0.0,0.0,0.0,0.0,0.0,0.5850691199302673,0.0,0.0,0.0,1.5037264823913574,0.0,0.0,0.0,0.0,0.0,0.0,0.0,0.0,0.0,0.0,0.0,0.0,0.0,0.0,13.137421607971191,0.0,0.0,0.0,0.0,0.0,0.0,0.0,0.0,0.0,0.0,0.0,0.0,0.0,0.0,40.326324462890625,5.6005635261535645,0.0,0.0,0.0,0.0,0.0,0.0,0.0,0.0,0.0,0.0,0.0,0.0,0.0,0.0,0.0,0.0,0.0,0.0,0.0,0.0,0.0,0.0,0.0,0.0,0.0,0.0,0.0,0.0,0.0,0.0,0.0,0.0,0.0,0.0,0.0,0.0,0.0,0.0,0.0,0.0,0.0,0.0,0.0,0.0,0.0,0.0,0.0,0.6190221309661865,20.18999671936035,0.0,0.0,0.0,0.0,24.223363876342773,52.18516159057617,20.331966400146484,0.0,0.0,0.0,0.0,0.0,0.0,0.0,0.0,0.0,0.0,0.0,8.41115951538086,0.0,0.0,0.0,0.0,0.0,0.0,0.0,0.0,0.0,0.0,0.0,0.0,0.0,0.0,0.0,0.0,0.0,0.0,0.0,0.0,0.0,0.0,0.0,0.0,0.0,0.0,0.0,0.0,0.0,0.0,0.0,0.0,0.0,0.0,0.0,0.0,23.152273178100586,0.0,0.0,0.0,0.0,0.0,0.0,0.0,0.0,6.799736499786377,0.0,0.0,38.6224365234375,0.0,0.0,0.0,0.0,0.0,0.0,11.020849227905273,0.0,0.0,0.0,0.0,0.0,0.0,0.0,0.0,0.0,0.0,0.0,0.0,0.0,0.0,0.0,0.0,0.0,0.0,0.0,0.0,0.0,0.0,0.0,0.0,0.0,0.0,0.0,0.0,0.0,0.0,0.0,0.0,0.0,0.0,0.0,0.0,0.0,0.0,0.0,0.0,0.0,0.0,11.86497974395752,3.9623706340789795,0.0,0.0,0.0,0.0,0.7306878566741943,0.0,0.0,0.0,0.0,0.0,0.0,0.0,0.0,0.0,0.0,0.0,0.0,0.0,0.0,0.0,0.0,12.452752113342285,0.0,0.0,0.0,0.0,0.0,0.0,0.0,0.0,0.0,0.0,0.0,0.0,0.0,0.0,0.0,0.0,0.0,0.0,0.0,0.0,0.0,0.0,0.0,0.0,0.0,8.182843208312988,0.0,0.0,0.0,23.857784271240234,0.0,2.0754473209381104,0.0,0.0,0.0,0.0,0.0,0.0,0.0,0.0,2.123514413833618,0.0,0.0,0.0,0.0,0.0,0.0,0.0,0.0,0.0,0.0,0.0,0.0,0.0,0.0,0.0,0.0,0.0,0.0,0.0,0.0,0.0,0.0,0.0,0.0,19.540414810180664,0.0,0.0,0.0,0.0,0.0,0.0,0.0,0.0,0.0,0.0,0.0,0.0,0.0,0.0,0.0,0.0,0.0,0.0,0.0,0.0,0.0,0.0,0.0,0.0,0.0,0.0,0.0,0.0,0.0,0.0,0.0,0.0,0.0,0.0,0.0,0.0,0.0,0.0,0.0,0.0,0.0,0.0,0.0,0.0,0.0,0.0,0.0,0.0,3.325117349624634,0.0,0.0,0.0,0.0,0.0,0.0,0.0,0.0,0.0,0.0,0.0,0.0,0.0,0.0,0.0,0.0,0.0,0.0,0.0,0.0,0.0,0.0,0.0,0.0,0.0,0.0,0.0,0.0,0.0,0.0,0.0,0.0,0.0,0.0,0.0,0.0,0.0,0.0,0.0,0.0,0.0,0.0,0.0,0.0,0.0,0.0,0.0,0.0,0.0,0.0,0.0,0.0,0.0,0.0,0.0,0.0,0.0,0.0,0.0,0.0,0.0,0.0,0.0,0.0,0.0,0.0,0.0,0.0,0.0,0.0,0.0,0.0,0.0,0.0,0.0,0.0,0.0,0.0,0.0,0.0,0.0,0.0,0.0,0.0,0.0,0.0,0.0,0.0,0.0,0.0,0.0,0.0,0.0,0.7254511713981628,0.0,0.0,0.0,0.0,0.0,0.0,0.0,0.0,0.0,0.0,0.0,0.0,0.0,0.0,0.0,0.0,0.0,0.0,0.0,0.0,0.0,0.0,0.0,0.0,0.0,0.0,0.0,0.0,0.0,0.0,0.0,0.0,0.0,0.0,0.0,0.0,0.0,0.0,0.0,0.0,0.0,0.0,0.0,0.0,0.0,0.0,0.0,0.0,0.0,0.0,0.0,0.0,0.0,0.0,0.0,0.0,0.0,0.0,0.0,0.0,0.0,0.0,0.0,0.0,0.0,0.0,23.130462646484375,0.0,0.0,0.0,0.0,0.0,0.0,0.0,0.0,0.0,0.0,0.0,0.0,0.0,0.0,0.0,0.0,0.0,0.0,0.0,0.0,0.0,0.0,0.0,0.0,0.0,0.0,0.0,0.0,0.0,0.0,0.0,0.0,0.0,0.0,0.0,0.0,0.0,0.0,0.0,0.0,0.0,0.0,0.0,0.0,59.99191665649414,0.0,0.0,0.0,0.0,0.0,0.0,0.0,0.0,0.0,0.0,0.0,0.0,0.0,0.0,0.0,0.0,0.0,0.0,0.0,0.0,0.0,0.0,0.0,0.0,0.0,0.0,0.0,0.0,0.0,0.0,0.0,0.0,0.0,0.0,0.0,0.0,0.0,0.0,0.0,0.0,0.0,0.0,0.0,0.0,0.0,0.0,0.0,0.0,0.0,0.0,0.0,0.0,0.0,0.0,0.0,0.0,0.0,0.0,0.0,0.0,0.0,0.0,0.0,0.0,0.0,0.0,0.0,0.0,0.0,0.0,0.0,0.0,0.0,0.0,0.0,0.0,0.0,0.0,0.0,0.0,0.0,0.0,0.0,0.0,0.0,0.0,0.0,0.0,0.0,0.0,0.0,0.0,0.0,0.0,0.0,0.0,0.0,0.0,0.0,0.0,0.0,0.0,0.0,0.0,0.0,0.0,0.0,0.0,0.0,0.0,0.0,0.0,0.0,0.0,3.007986068725586,0.0,0.0,14.526883125305176,0.0,0.0,0.0,0.0,0.0,0.0,29.52589225769043,0.0,0.0,0.0,0.0,0.0,0.0,0.0,0.0,0.0,0.0,0.0,0.0,0.0,0.0,0.0,0.0,0.0,0.0,0.0,0.0,0.0,0.0,0.0,0.0,0.0,0.0,0.0,0.0,0.0,0.0,0.0,0.0,0.0,0.0,0.0,0.0,0.0,0.0,0.0,0.0,0.0,0.0,16.053558349609375,0.0,0.0,58.14195251464844,0.0,0.0,0.0,0.0,10.26302719116211,0.0,0.0,0.0,0.0,0.0,0.0,0.0,0.0,0.0,0.0,0.0,0.0,0.0,0.0,0.0,0.0,0.0,0.0,0.0,0.0,0.0,0.0,0.0,0.0,0.0,0.0,0.0,0.0,0.0,0.0,0.0,0.0,0.0,0.0,0.0,0.0,0.0,0.0,0.0,0.0,0.0,0.0,0.0,0.0,18.875457763671875,0.0,0.0,0.0,0.0,0.0,0.0,0.0,0.0,0.0,0.0,0.0,0.0,0.0,0.0,0.0,0.0,0.0,0.0,0.0,0.0,0.0,0.0,0.0,0.0,0.0,10.524934768676758,0.0,0.0,0.0,0.0,0.0,0.0,0.0,0.0,0.0,0.0,11.699396133422852,12.393155097961426,0.0,0.0,0.0,0.0,0.0,0.0,0.0,0.0,0.0,7.041216850280762,0.0,0.0,0.0,0.0,0.0,0.0,0.0,0.0,0.0,0.0,0.0,0.0,0.0,0.0,0.0,0.0,0.0,0.0,0.0,0.0,0.0,0.0,0.0,0.0,0.0,0.0,0.0,0.0,0.0,0.0,0.0,4.155734539031982,0.0,0.0,0.0,0.0,0.0,0.0,0.0,0.0,0.0,0.0,0.0,0.0,0.0,0.0,0.0,0.0,0.0,0.0,0.0,0.0,0.0,0.0,0.0,0.0,0.0,0.0,6.2163591384887695,0.0,0.0,0.0,0.0,0.0,0.0,0.0,0.0,0.0,0.0,0.0,0.0,0.0,0.0,0.0,26.0855712890625,23.583450317382812,0.0,0.0,0.0,0.0,0.0,0.0,0.0,0.0,0.0,0.0,0.0,0.0,0.0,0.0,0.0,0.0,0.0,6.585620403289795,0.0,0.0,0.0,0.0,0.0,0.0,0.0,0.0,17.03270149230957,0.0,0.0,0.0,5.253199577331543,0.0,0.0,0.0,0.0,0.0,0.0,0.0,24.51010513305664,0.0,0.0,0.0,0.0,0.0,0.0,0.0,0.0,0.0,0.0,0.0,0.0,0.0,0.0,0.0,0.13308027386665344,0.0,11.539468765258789,19.57233238220215,0.0,0.0,0.0,0.0,0.0,0.0,0.0,0.0,0.0,0.0,0.0,0.0,0.0,0.0,24.86898422241211,0.0,0.0,0.0,0.0,0.0,0.0,0.0,0.0,0.0,0.0,0.0,0.0,0.0,0.0,0.0,0.0,0.0,0.0,0.0,0.0,0.0,0.0,0.0,0.0,0.0,0.0,0.0,11.050311088562012,3.337137222290039,0.0,0.0,0.0,0.0,0.0,0.0,0.0,10.57828426361084,9.94526481628418,0.0,0.0,0.0,10.633383750915527,0.0,0.0,0.0,0.0,0.0,0.0,35.952476501464844,0.0,0.0,0.0,0.0,0.0,19.084211349487305,0.0,0.0,0.0,0.0,0.0,0.0,0.0,0.0,9.715948104858398,0.0,0.0,0.0,0.0,0.0,0.0,0.0,71.07575988769531,37.881675720214844,0.0,0.0,0.0,0.0,13.39710807800293,0.0,0.0,0.0,0.0,2.8577847480773926,0.0,0.0,0.0,0.0,0.0,0.0,0.0,0.0,0.0,0.0,62.59697723388672,0.0,0.0,0.0,0.0,0.0,0.0,0.0,0.0,0.0,0.0,0.0,0.0,0.0,0.0,0.0,0.0,0.0,0.0,0.0,0.0,42.56324768066406,0.0,0.0,0.0,0.0,0.0,0.0,0.0,15.900362014770508,0.0,0.0,9.505023956298828,0.0,0.0,0.0,0.0,0.0,0.0,0.0,0.0,0.0,0.0,0.0,0.0,0.0,0.0,0.0,0.0,0.0,6.167115688323975,0.0,0.0,0.0,0.0,0.0,44.582401275634766,0.0,14.235479354858398,0.0,1.1342566013336182,0.0,0.0,0.0,0.0,0.0,0.0,0.0,0.0,0.0,0.0,0.0,0.0,0.0,0.0,0.0,0.0,0.0,0.0,0.0,0.0,0.0,0.0,0.0,0.0,0.0,0.0,0.0,0.0,0.0,0.0,0.0,10.390849113464355,0.0,6.646918296813965,0.0,0.0,0.0,0.0,0.0,0.0,0.0,0.0,0.0,0.0,0.0,0.0,0.0,2.4887964725494385,0.0,0.20488837361335754,0.0,23.165536880493164,0.0,0.0,54.92423629760742,0.0,0.0,0.0,0.0,0.0,0.0,0.0,0.0,0.0,22.18394660949707,0.0,0.0,0.0,0.0,0.0,0.0,0.0,9.600112915039062,0.0,0.0,0.0,0.0,0.0,0.0,0.0,9.495079040527344,0.0,0.0,0.0,0.0,0.0,3.852774143218994,37.067352294921875,0.0,0.0,0.0,0.0,0.0,0.0,40.54743576049805,0.0,0.0,0.0,0.0,0.0,0.0,0.0,0.0,0.0,0.0,0.0,0.0,0.0,0.0,0.0,61.23094177246094,0.0,0.0,0.0,0.0,11.545419692993164,0.0,0.0,4.617030143737793,0.0,0.0,0.0,0.0,0.0,0.0,0.0,31.041000366210938,0.0,57.10945510864258,0.0,0.0,0.0,0.0,0.0,0.0,0.0,0.0,0.0,0.0,0.0,0.0,0.0,0.0,0.0,2.3212411403656006,0.0,0.0,0.0,0.0,0.0,0.0,0.0,0.0,0.0,0.0,0.0,0.0,0.0,0.0,0.0,8.33996868133545,0.0,0.0,0.0,0.0,0.0,0.0,0.0,0.0,0.0,0.0,0.0,0.0,0.0,0.0,0.0,0.0,0.0,0.0,0.0,0.0,0.0,0.0,28.586612701416016,0.0,0.0,12.669779777526855,0.0,0.0,0.0,0.0,0.0,0.0,0.0,0.0,0.0,0.0,6.5147624015808105,14.895204544067383,0.0,0.0,0.0,0.0,0.0,0.0,0.0,0.0,0.0,11.836572647094727,0.0,0.0,0.0,0.0,6.728554725646973,0.0,0.0,0.0,0.0,0.0,0.0,0.0,0.0,0.0,0.0,0.0,0.0,0.0,0.0,0.0,0.0,0.0,0.0,0.0,0.0,0.0,0.0,0.0,0.0,3.760167360305786,0.7714085578918457,30.57166862487793,0.0,0.0,0.0,0.0,6.090677738189697,3.538654088973999,0.0,0.0,0.0,0.0,0.0,17.62934112548828,0.0,0.0,0.0,0.0,0.0,0.0,0.0,0.0,0.0,0.0,0.0,0.0,0.0,0.0,11.070645332336426,0.0,0.0,0.0,0.0,0.0,0.0,0.0,0.0,0.0,0.0,1.3962583541870117,2.717841386795044,0.0,10.891961097717285,0.0,10.376164436340332,26.24493980407715,0.0,0.0,0.0,0.0,0.0,22.7276554107666,0.0,0.0,0.0,0.0,0.0,0.0,0.0,0.0,0.0,0.0,0.0,20.25592613220215,0.0,0.0,0.0,18.88515853881836,0.0,0.0,0.0,0.0,32.53915023803711,0.0,0.0,0.0,45.605648040771484,0.0,0.0,0.0,0.0,7.01314115524292,0.0,0.0,41.6938591003418,0.0,0.0,0.0,0.0,0.0,0.0,0.0,0.2316058874130249,0.0,5.791348457336426,0.0,0.0,0.0,0.0,0.0,0.0,0.0,9.568313598632812,20.580020904541016,0.0,0.0,0.0,0.0,0.0,0.0,0.0,0.0,0.0,1.0022027492523193,0.0,0.0,0.0,0.0,18.182239532470703,0.0,0.0,0.0,0.0,0.0,0.0,0.0,0.0,0.0,0.0,0.0,0.0,0.0,0.0,0.0,0.0,0.0,0.0,0.0,0.0,0.0,0.0,0.0,0.0,0.0,0.0,0.0,26.52782440185547,5.232684135437012,2.1677134037017822,0.0,0.0,0.0,0.0,0.0,0.0,11.215375900268555,0.09082578867673874,0.0,0.0,0.0,27.340084075927734,0.0,0.0,17.603471755981445,0.0,0.0,0.3139374554157257,30.47658920288086,0.0,0.0,0.0,0.0,0.0,17.741914749145508,13.36174201965332,0.0,0.0,1.6000139713287354,13.61135196685791,0.0,0.0,0.0,4.9634246826171875,0.0,0.0,0.0,0.0,0.0,0.0,0.0,63.42601013183594,41.90748977661133,0.0,0.0,0.0,0.0,7.50054931640625,0.0,0.0,0.0,0.0,10.807147026062012,0.0,0.0,0.0,0.0,0.0,0.0,0.0,0.0,0.0,0.0,49.893680572509766,0.0,0.0,0.0,0.0,0.0,0.0,0.0,0.0,0.0,0.0,0.0,0.0,0.0,0.0,0.0,0.0,0.0,0.0,7.659945487976074,0.0,19.61695671081543,0.0,0.0,0.0,0.0,0.0,0.0,0.0,25.35711669921875,0.0,0.0,19.2205867767334,0.0,0.0,0.0,0.0,0.0,0.0,0.0,0.0,0.0,0.0,0.0,0.0,0.0,0.0,0.0,0.0,5.300515651702881,27.474056243896484,0.0,0.0,0.0,0.0,0.0,35.54993438720703,0.0,22.710094451904297,0.0,9.886222839355469,0.0,0.0,7.628650665283203,0.0,0.0,0.0,0.0,0.0,0.0,0.0,0.0,0.0,0.0,0.0,0.0,0.0,0.0,0.0,0.0,0.0,0.0,0.0,0.0,0.0,0.0,0.0,0.0,0.0,8.021719932556152,0.0,0.0,19.111440658569336,0.0,37.65208435058594,0.0,0.0,0.0,7.516645908355713,0.0,1.6230124235153198,0.0,0.0,0.0,0.0,0.0,0.0,0.0,0.0,0.0,4.355515480041504,0.0,7.421295166015625,0.0,0.0,48.49138259887695,0.0,0.0,0.0,0.0,0.0,0.0,9.630189895629883,0.0,0.0,9.380339622497559,0.0,0.0,3.5853123664855957,0.0,0.0,0.0,0.0,23.503345489501953,0.0,1.0802276134490967,0.0,0.0,0.0,0.0,0.0,16.060020446777344,1.4829732179641724,0.0,0.0,0.0,0.508020281791687,0.4452230930328369,31.776016235351562,0.0,12.633345603942871,0.0,0.0,0.0,0.0,31.678667068481445,0.0,0.0,8.805727005004883,0.0,0.0,0.0,0.0,13.868157386779785,0.0,0.0,0.0,0.0,0.0,3.1150574684143066,0.0,12.752543449401855,0.0,0.0,0.0,0.0,2.650754928588867,0.0,0.0,1.1122146844863892,0.0,0.0,0.0,0.0,1.4509522914886475,15.192769050598145,0.0,22.021047592163086,0.0,71.18287658691406,0.0,0.0,0.0,7.274961948394775,0.0,0.1618649959564209,0.0,0.0,0.0,0.0,0.0,0.0,0.0,0.0,0.0,0.0,0.0,0.0,0.0,0.0,0.0,0.0,0.0,0.0,0.0,0.0,0.0,0.0,0.0,0.0,0.0,11.477235794067383,0.0,0.0,8.87858772277832,0.0,0.0,0.0,0.0,0.0,0.0,0.0,0.0,0.0,0.0,0.0,0.0,0.0,0.0,0.0,0.0,0.0,0.0,0.0,22.648210525512695,0.0,0.0,0.0,0.0,0.0,0.0,0.0,0.0,0.0,0.0,0.0,8.865294456481934,17.582860946655273,0.0,4.9978861808776855,0.0,0.0,0.0,0.0,0.0,0.0,0.0,0.0,0.0,0.0,0.0,0.0,0.0,0.0,0.0,0.0,0.0,0.0,0.0,0.0,0.0,0.0,0.0,0.0,0.0,0.0,0.0,0.0,12.770576477050781,0.0,0.0,0.0,0.0,0.0,0.0,0.0,0.0,0.0,0.0,0.0,0.0,0.0,0.0,0.0,0.0,0.0,0.0,0.0,0.0,0.0,0.0,0.0,0.0,0.0,0.0,0.0,0.0,0.0,0.0,0.0,0.0,0.0,0.0,0.0,0.0,0.0,0.0,0.0,0.0,0.0,0.0,0.0,0.0,0.0,0.0,0.0,0.0,0.0,0.0,0.0,0.0,0.0,0.0,0.0,0.0,15.140019416809082,0.0,0.0,0.0,0.0,0.0,0.0,0.0,0.0,0.0,0.0,0.0,0.0,0.0,0.0,0.0,0.0,0.0,0.0,0.0,0.0,0.0,0.0,0.0,0.0,0.0,0.0,0.0,0.0,0.0,0.0,0.038506750017404556,0.0,0.0,0.0,0.0,0.0,0.0,0.0,24.374286651611328,0.0,0.0,0.0,0.0,0.0,0.0,0.0,0.0,0.0,0.0,0.0,0.0,0.0,0.0,0.0,0.0,0.0,3.9661121368408203,23.264373779296875,0.0,0.0,0.0,0.0,0.0,0.0,0.0,0.0,0.0,0.0,0.0,0.0,0.0,0.0,0.0,0.0,0.0,0.0,0.0,0.0,0.0,0.0,0.0,0.0,0.0,0.0,0.0,0.0,0.0,0.0,0.0,0.0,0.0,0.0,0.0,0.0,0.0,0.0,0.0,0.0,0.0,0.0,9.904989242553711,0.0,0.0,0.0,0.0,0.0,0.0,0.0,0.0,11.18213939666748,0.0,0.0,0.0,0.0,0.0,0.0,0.0,23.289676666259766,0.0,0.0,0.0,29.63362693786621,0.0,0.0,0.0,7.58945369720459,0.0,10.056907653808594,0.0,0.0,0.0,0.0,0.0,0.0,0.0,0.0,0.0,0.0,0.0,0.0,0.0,0.0,0.0,0.0,27.877592086791992,29.241056442260742,0.0,0.0,0.0,0.0,4.6746931076049805,0.0,0.0,0.0,0.0,0.0,0.0,0.0,0.0,0.0,0.0,0.0,0.0,0.0,0.0,0.0,58.737159729003906,0.0,0.0,0.0,1.3484470844268799,0.0,0.0,0.0,0.0,0.0,0.0,0.0,0.0,0.0,0.0,0.0,0.0,0.0,0.0,0.0,0.0,14.73648452758789,0.0,0.0,0.0,0.0,0.0,0.0,0.0,27.014415740966797,0.0,0.0,0.0,0.0,0.0,0.0,0.0,0.0,0.0,0.0,0.0,0.0,0.0,0.0,0.0,0.0,0.0,0.0,0.0,0.0,12.611552238464355,0.0,0.0,0.0,0.0,0.0,32.99541473388672,0.0,9.860313415527344,0.0,0.0,0.0,0.0,0.0,0.0,0.0,0.0,0.0,0.0,0.0,0.0,0.0,0.0,0.0,0.0,0.0,0.0,0.0,0.0,0.0,0.0,0.0,0.0,0.0,0.0,0.0,0.0,0.0,0.0,0.0,0.0,0.0,0.0,0.0,3.714982032775879,0.0,0.0,0.0,9.017492294311523,0.0,0.0,0.0,0.0,0.0,0.0,0.0,0.0,0.0,0.0,0.0,2.2638630867004395,0.0,10.798398971557617,0.0,0.0,43.45663070678711,0.0,0.0,0.0,0.0,0.0,0.0,0.0,0.0,0.0,19.06926155090332,0.0,0.0,0.0,0.0,0.0,0.0,0.0,0.0,0.0,0.0,0.0,0.0,0.0,0.0,0.0,0.0,1.8613626956939697,0.0,0.0,0.0,0.0,0.0,18.55042839050293,0.0,0.0,0.0,0.0,0.0,0.0,23.960102081298828,0.0,0.0,0.0,0.0,0.0,0.0,0.0,7.676145076751709,0.0,0.0,0.0,0.0,2.601874828338623,0.0,0.0,47.15578842163086,0.0,0.0,0.0,0.0,0.0,0.0,0.0,0.0,0.0,0.0,0.0,0.0,0.0,1.7808738946914673,0.0,10.802985191345215,0.0,50.06427001953125,0.0,0.0,0.0,0.0,0.0,0.0,0.0,0.0,0.0,0.0,0.0,0.0,0.0,0.0,0.0,0.0,0.0,0.0,0.0,0.0,0.0,0.0,0.0,0.0,0.0,0.0,0.0,0.0,0.0,0.0,0.0,5.607381343841553,0.0,0.0,0.0,0.0,0.0,0.0,0.0,0.0,0.0,0.0,0.0,0.0,0.0,0.0,0.0,0.0,0.0,0.0,0.0,0.0,0.0,0.0,17.234317779541016,0.0,0.0,0.0,0.0,0.0,0.0,0.0,0.0,0.0,0.0,0.0,2.800344228744507,41.17183303833008,0.0,0.0,0.0,0.0,0.0,0.0,0.0,0.0,0.0,0.0,0.0,0.0,0.0,0.0,0.0,0.0,0.0,0.0,0.0,0.0,0.0,0.0,0.0,0.0,0.0,0.0,0.0,0.0,0.0,0.0,0.0,0.0,0.0,0.0,0.0,0.0,0.0,0.0,0.0,0.0,0.0,0.0,0.0,0.0,0.0,0.0,0.0,0.0,0.0,0.0,0.0,5.879946708679199,0.0,0.0,0.0,0.0,0.0,0.0,0.0,0.0,0.0,0.0,0.0,0.0,0.0,0.0,0.0,0.0,0.0,0.0,0.0,0.0,0.0,0.0,0.0,0.0,0.0,0.0,0.0,0.0,0.0,0.0,0.0,0.0,0.0,0.0,0.0,0.0,0.0,0.0,0.0,0.0,0.0,0.0,0.0,0.0,0.0,0.0,0.0,0.0,0.0,0.0,0.0,0.0,0.0,0.0,0.0,0.0,0.0,0.0,0.0,0.0,0.0,0.0,0.0,0.0,0.0,0.0,0.0,0.0,0.0,0.0,0.0,0.0,0.0,0.0,0.0,0.0,0.0,0.0,0.0,0.0,0.0,0.0,0.0,0.0,0.0,0.0,0.0,0.0,0.0,0.0,0.7584668397903442,0.0,4.436642646789551,1.793553352355957,0.0,0.0,0.0,0.0,0.0,0.0,0.0,0.0,0.0,0.0,0.0,0.0,0.0,0.0,0.0,0.0,0.0,0.0,0.0,0.0,0.0,0.0,0.0,0.0,0.0,0.0,0.0,0.0,0.0,0.0,0.0,0.0,0.0,0.0,0.0,0.0,0.0,0.0,0.0,0.0,0.0,0.0,0.0,0.0,0.0,0.0,0.0,0.0,0.0,0.0,0.0,10.295431137084961,0.0,0.0,0.0,0.0,0.0,0.0,0.0,0.0,0.0,0.0,0.0,35.60596466064453,0.0,0.0,0.0,0.0,0.0,0.0,0.0,0.0,0.0,0.0,0.0,0.0,0.0,0.0,0.0,0.0,0.0,0.0,0.0,0.0,0.0,0.0,0.0,0.0,0.0,0.0,0.0,0.0,5.389162540435791,0.0,0.0,0.0,0.0,0.0,0.0,0.0,0.0,0.0,0.0,0.0,0.0,0.0,0.0,0.0,59.5470085144043,0.0,0.0,0.0,0.0,0.0,0.0,0.0,0.0,0.0,0.0,0.0,0.0,0.0,0.0,0.0,0.0,0.0,0.0,0.0,0.0,14.403818130493164,0.0,0.0,0.0,0.0,0.0,0.0,0.0,0.0,0.0,0.0,0.0,0.0,0.0,0.0,0.0,0.0,0.0,0.0,0.0,0.0,0.0,0.0,0.0,0.0,0.0,0.0,0.0,0.0,0.0,0.0,0.0,0.0,0.0,0.0,7.026085376739502,0.0,0.0,0.0,0.0,0.0,0.0,0.0,0.0,0.0,0.0,0.0,0.0,0.0,0.0,0.0,0.0,0.0,0.0,0.0,0.0,0.0,0.0,0.0,0.0,0.0,0.0,0.0,0.0,0.0,0.0,0.0,0.0,0.0,0.0,0.0,0.0,0.0,0.0,0.0,0.0,0.0,0.0,0.0,0.0,0.0,0.0,0.0,0.0,0.0,0.0,0.0,0.0,0.0,0.0,0.0,0.0,0.0,0.0,35.0015869140625,0.0,0.0,0.0,0.0,0.0,0.0,0.0,0.0,0.0,18.420787811279297,0.0,0.0,0.0,0.0,0.0,0.0,0.0,0.0,0.0,0.0,0.0,0.0,0.0,0.0,0.0,0.0,0.0,0.0,0.0,0.0,0.0,0.0,2.513606071472168,0.0,0.0,0.0,0.0,0.0,0.0,7.490744113922119,0.0,0.0,0.0,0.0,0.0,0.0,0.0,0.0,0.0,0.0,0.0,0.0,28.959739685058594,0.0,0.0,61.95680618286133,0.0,0.0,0.0,0.0,0.0,0.0,0.0,0.0,0.0,0.0,0.0,0.0,0.0,0.0,0.0,0.0,0.0,0.0,0.0,0.0,0.0,0.0,0.0,0.0,0.0,0.0,0.0,0.0,0.0,0.0,0.0,0.0,0.0,0.0,0.0,0.0,0.0,0.0,0.0,0.0,0.0,0.0,0.0,0.0,0.0,0.0,0.0,0.0,0.0,16.079833984375,0.0,0.0,0.0,0.0,0.0,0.0,0.0,0.0,0.0,0.0,0.0,0.0,0.0,0.0,0.0,0.0,0.0,0.0,0.0,0.0,0.0,0.0,1.3743053674697876,0.0,0.0,0.0,0.0,0.0,0.0,0.0,0.0,0.0,0.0,0.0,0.0,25.364870071411133,0.0,0.0,0.0,0.0,0.0,0.0,0.0,0.0,0.0,0.0,0.0,0.0,2.638150215148926,0.0,0.0,0.0,0.0,0.0,0.0,0.0,0.0,0.0,0.0,0.0,0.0,0.0,0.0,0.0,0.0,0.0,0.0,9.856772422790527,0.0,0.0,0.0,0.0,0.0,0.0,0.0,0.0,0.0,0.0,0.0,0.0,0.0,0.0,0.0,0.0,7.937615871429443,0.0,0.0,24.048120498657227,0.0,0.0,0.0,0.0,0.0,0.0,0.0,0.0,0.0,0.0,0.0,0.0,0.0,0.0,0.0,0.0,0.0,0.0,0.0,0.0,0.0,0.0,0.0,0.0,0.16701537370681763,0.0,0.0,0.0,0.0,0.0,0.0,0.0,0.0,0.0,3.0768449306488037,0.0,0.0,0.0,0.0,0.0,0.0,0.0,0.0,0.0,0.0,0.0,0.0,0.0,0.8617586493492126,0.0,7.674137592315674,0.0,0.0,2.7890419960021973,0.0,0.0,0.0,0.0,0.0,0.0,0.0,0.0,0.0,0.0,3.842290163040161,0.0,0.0,0.0,0.0,0.0,0.0,0.0,0.0,0.0,0.0,4.810333728790283,0.0,0.0,0.0,0.0,0.0,0.0,0.0,0.0,0.0,0.0,0.0,0.0,0.0,0.0,0.0,0.0,5.029974460601807,0.0,0.0,0.0,0.0,20.848918914794922,0.0,0.0,3.1999857425689697,2.635742664337158,0.0,0.0,0.0,0.0,0.0,0.0,0.0,0.0,0.0,0.0,0.0,0.0,0.0,0.0,0.0,0.0,0.0,0.0,0.0,0.0,0.0,0.0,0.8141138553619385,0.0,0.0,0.0,0.0,0.0,4.177307605743408,0.0,0.0,0.0,0.0,7.676673412322998,0.0,0.0,0.0,0.0,0.0,0.0,0.0,0.0,0.0,2.4742796421051025,0.0,0.0,0.0,0.0,0.0,0.0,0.0,0.0,0.0,0.0,0.0,14.877447128295898,0.0,2.2881133556365967,0.0,0.0,0.0,0.0,0.0,0.0,0.0,0.0,0.0,0.0,0.0,0.0,0.0,0.0,0.0,0.0,0.0,0.0,0.0,0.0,0.0,0.0,0.0,0.0,0.0,0.0,4.950199127197266,3.34363055229187,0.0,0.0,0.0,0.0,0.0,0.3741811513900757,0.0,0.0,0.0,0.0,0.0,0.0,0.0,0.0,30.182802200317383,0.0,15.546278953552246,0.0,0.0,0.0,21.64169692993164,4.981261253356934,0.0,0.0,0.0,0.0,0.0,1.7399938106536865,0.0,0.0,0.0,0.0,0.0,0.0,0.0,0.0,0.0,0.0,3.157829761505127,0.0,1.5526436567306519,0.0,0.0,0.0,0.0,0.0,0.0,0.0,7.726562023162842,0.0,0.0,0.0,0.0,0.0,0.0,0.0,0.0,0.0,0.0,0.0,0.0,0.0,0.0,0.0,11.86292552947998,0.0,0.0,0.0,1.257293462753296,10.939940452575684,41.9039421081543,0.0,11.842890739440918,0.0,19.769672393798828,0.0,0.0,0.0,0.0,5.064833641052246,0.0,0.0,0.0,0.0,0.0,0.0,0.0,0.0,0.0,0.0,0.0,0.0,0.0,0.0,0.0,0.0,0.0,0.0,0.0,2.04241943359375,0.0,0.0,0.0,0.0,0.0,0.0,0.0,0.0,0.0,0.0,0.0,0.10039015114307404,0.0,0.0,0.0,0.0,1.0318167209625244,0.0,0.0,0.0,0.0,0.0,0.0,0.0,0.0,0.0,0.0,0.0,0.0,12.274736404418945,0.0,0.0,6.848645210266113,0.0,0.0,0.0,0.0,0.0,0.0,0.0,0.0,0.0,0.0,0.0,0.0,0.0,0.0,0.0,0.0,0.0,0.0,0.0,0.0,1.733440637588501,0.0,2.9896528720855713,0.0,0.0,0.0,0.0,19.57118797302246,0.0,0.0,0.0,0.0,0.0,1.5562670230865479,0.0,0.0,0.0,5.223033428192139,0.0,0.0,0.0,0.0,0.0,0.0,4.0407395362854,0.0,0.0,0.0,0.0,13.77859115600586,6.588470458984375,0.0,33.72126770019531,0.0,0.0,0.0,0.0,0.0,0.0,0.0,0.0,0.0,0.0,0.0,0.0,0.0,0.0,0.0,0.0,0.0,0.0,0.0,0.0,0.0,0.0,0.0,0.0,0.0,0.0,0.0,11.000787734985352,0.0,0.0,0.0,0.0,0.0,0.0,0.0,0.0,0.0,0.0,0.0,0.0,0.0,0.0,0.0,0.0,0.0,0.0,0.0,0.0,0.0,5.171704292297363,0.0,8.544896125793457,0.0,0.0,0.0,0.0,0.0,0.0,0.0,0.0,0.0,0.0,0.0,0.0,0.0,5.813104152679443,0.0,0.0,0.0,0.0,0.0,0.0,2.958587169647217,0.0,0.0,0.0,0.0,0.0,5.191677093505859,0.0,1.4718279838562012,0.0,0.0,0.0,0.0,0.0,0.0,1.8557955026626587,0.0,0.0,0.0,0.0,24.644678115844727,0.0,0.0,24.021059036254883,0.0,7.37940788269043,0.0,0.0,0.0,0.0,0.0,0.0,0.0,0.0,0.0,0.0,0.0,0.0,0.0,0.0,0.0,0.0,0.0,17.88920021057129,0.0,0.0,0.0,0.0,0.0,0.0,0.0,0.0,0.7995395660400391,0.0,0.0,0.0,0.0,0.0,0.0,7.190571308135986,0.0,0.0,3.973029851913452,0.0,0.0,14.980329513549805,0.0,0.0,0.0,0.0,0.0,0.0,0.0,0.0,0.0,0.0,0.0,0.0,0.0,0.0,0.0,0.0,0.0,0.0,0.0,0.0,0.0,0.0,6.164931774139404,0.0,0.0,0.0,0.0,0.0,0.0,0.0,0.0,0.0,0.0,0.0,0.0,0.0,0.0,0.0,0.0,0.0,0.0,0.0,0.0,0.0,0.0,0.0,0.0,8.95397663116455,0.0,0.0,0.0,0.0,0.0,0.0,0.0,0.0,0.0,0.0,0.0,0.0,20.128644943237305,0.0,0.0,0.0,26.31842041015625,0.0,0.0,0.0,19.55270767211914,0.0,0.0,0.0,0.0,0.0,0.0,0.0,0.0,0.0,0.0,6.108946323394775,0.0,0.0,0.0,0.0,0.0,0.0,0.0,0.0,0.0,0.0,0.0,0.0,6.870035648345947,0.0,0.0,0.0,0.0,0.0,0.0,0.0,31.76244354248047,0.0,0.0,0.0,0.0,0.0,0.0,0.0,0.0,0.0,0.0,0.0,0.0,0.0,0.0,0.0,9.461594581604004,0.0,0.0,0.0,0.0,0.0,19.702987670898438,1.2217739820480347,2.000838279724121,0.0,0.0,0.0,0.0,0.0,2.32102632522583,0.0,0.0,0.0,0.0,0.0,0.0,0.0,0.0,0.0,0.0,0.0,0.0,0.0,0.0,0.0,0.0,9.284806251525879,1.5247598886489868,0.0,0.0,0.0,8.07310676574707,0.0,0.0,0.0,0.0,0.0,0.0,20.9208984375,0.0,0.0,0.0,0.0,0.0,0.0,0.0,0.0,0.0,0.0,0.0,0.0,4.931593894958496,0.0,0.0,0.0,0.0,0.0,0.0,0.0,0.0,0.0,0.0,0.0,0.0,0.0,4.427297592163086,9.640298843383789,0.0,0.0,0.0,0.0,0.0,0.0,0.0,0.0,0.0,0.0,0.0,0.0,0.0,0.0,0.0,4.543471813201904,6.726208209991455,0.0,22.657936096191406,0.0,0.0,0.0,0.0,0.0,0.0,0.0,0.0,0.0,0.0,0.0,0.0,0.0,0.0,0.0,0.0,0.0,0.0,0.0,0.0,0.0,32.59944534301758,0.0,13.149513244628906,11.25571060180664,0.0,0.0,0.0,0.0,7.690991401672363,5.27363395690918,0.0,0.0,0.0,0.0,0.0,0.0,1.2722023725509644,0.0,0.0,0.0,0.0,0.0,0.0,0.0,28.02712631225586,0.0,0.0,0.0,0.0,10.778450012207031,56.47773742675781,0.0,0.0,0.0,0.0,0.0,0.0,0.0,0.0,0.0,0.0,0.0,0.0,4.857180118560791,0.0,0.0,0.0,0.0,0.0,0.0,0.0,0.0,0.0,0.0,0.0,0.0,0.0,0.0,0.0,0.0,0.0,0.0,0.0,0.0,0.0,9.499998092651367,0.0,0.0,0.0,0.0,0.0,11.550004959106445,0.0,0.0,0.0,0.0,0.0,0.0,0.0,0.0,34.65003967285156,0.0,0.0,0.0,0.0,0.0,0.0,1.7242225408554077,0.0,0.0,0.0,8.565888404846191,0.0,0.0,0.0,0.0,0.0,0.0,0.0,7.028520107269287,0.0,0.0,0.0,0.0,0.0,0.0,0.0,0.0,0.0,0.0,6.17378044128418,0.0,0.0,0.0,0.0,0.0,0.0,0.0,0.0,0.0,0.0,0.0,0.0,9.42726993560791,0.0,0.0,0.0,0.0,0.0,0.0,0.0,0.0,0.0,0.0,15.368617057800293,0.0,0.0,0.0,0.0,0.0,0.0,0.0,7.378960132598877,0.0,0.0,3.2273802757263184,0.0,0.0,0.0,0.0,2.187314987182617,0.0,0.0,0.0,0.0,0.0,0.0,0.0,0.0,0.0,3.37967586517334,0.0,0.0,0.0,0.0,19.646726608276367,34.66161346435547,0.0,0.0,0.0,0.0,0.0,0.0,0.0,0.0,14.554411888122559,0.0,0.0,0.0,0.0,0.0,0.0,0.0,0.0,0.0,0.0,0.0,0.0,0.0,0.0,0.0,1.2238857746124268,0.0,0.0,0.0,0.0,0.0,0.0,0.0,0.0,0.0,0.0,11.281641006469727,0.0,0.0,0.0,0.0,0.0,0.0,0.0,0.0,0.0,3.676809310913086,0.0,0.0,0.0,0.0,0.0,0.0,0.0,0.0,0.0,0.0,0.0,9.061110496520996,0.0,0.0,0.0,0.0,0.0,0.0,25.919754028320312,0.0,0.0,0.0,0.0,0.0,0.0,0.0,0.0,0.0,0.0,0.0,0.0,0.0,0.0,0.0,0.0,0.0,0.0,0.0,0.0,0.0,0.0,0.0,0.0,0.0,0.0,0.0,0.0,0.0,0.0,0.0,0.0,0.0,0.0,0.0,0.0,0.0,0.0,0.0,0.0,0.0,0.0,0.0,0.0,0.0,0.0,0.0,0.0,14.607794761657715,0.0,0.0,12.027289390563965,0.0,0.0,0.0,1.6595780849456787,0.0,0.0,0.0,0.0,0.0,0.0,0.0,0.0,0.0,0.0,0.0,0.0,0.0,0.0,0.0,0.0,0.0,0.0,0.0,0.0,12.803865432739258,0.0,0.0,0.0,0.0,0.0,0.0,0.0,0.0,0.0,4.453924655914307,0.0,0.0,0.0,0.0,0.0,0.0,0.0,0.0,0.0,0.0,0.0,0.0,0.0,0.0,0.0,0.0,0.0,0.0,0.0,0.0,0.0,0.0,0.0,0.0,0.0,0.0,0.0,0.0,0.0,0.0,0.0,0.0,0.0,0.0,0.0,0.0,0.0,0.0,0.0,0.0,0.0,0.0,0.0,0.0,17.07487678527832,0.0,0.0,0.0,0.0,0.0,0.0,0.0,0.0,0.0,0.0,0.0,0.0,6.261085510253906,0.0,10.003252029418945,0.0,0.0,0.0,0.0,0.0,0.0,0.0,0.0,0.0,0.0,0.0,0.0,0.0,0.0,0.0,0.0,0.0,0.0,0.0,0.0,0.0,0.0,0.0,0.0,0.0,0.0,0.0,0.0,0.0,0.0,0.0,0.0,0.0,0.0,0.0,0.0,0.0,0.0,0.0,0.0,0.0,0.0,0.0,0.0,0.0,0.0,0.0,0.0,0.0,0.0,0.0,0.0,0.0,0.0,0.0,0.0,0.0,0.0,0.0,0.0,0.0,0.0,31.355796813964844,0.0,0.0,0.0,0.0,0.0,0.0,0.0,0.0,0.0,0.0,0.0,0.0,0.0,0.0,0.0,0.0,0.0,0.0,0.0,0.0,0.0,0.0,0.0,2.748392105102539,0.0,0.0,0.0,0.0,28.557146072387695,0.0,0.0,0.0,0.0,0.0,0.0,0.0,0.0,0.0,0.0,0.0,0.0,0.0,0.0,0.0,61.57524490356445,0.0,0.0,0.0,0.0,0.0,0.0,0.0,0.0,0.0,7.610103607177734,0.0,0.0,0.0,0.0,0.0,0.0,0.0,0.0,0.0,0.0,0.0,0.0,0.0,0.0,0.0,15.685973167419434,0.0,0.0,0.0,0.0,0.0,0.0,0.0,0.0,0.0,0.0,0.0,0.0,0.0,0.0,0.0,0.0,0.0,0.0,0.0,0.0,0.0,0.0,0.0,0.0,0.0,0.0,0.0,0.0,2.729034423828125,0.0,0.0,0.0,0.0,0.0,0.0,0.0,0.0,0.0,0.0,0.0,0.0,0.0,0.0,0.0,0.0,0.0,0.0,0.0,0.0,0.0,0.0,0.0,0.0,0.0,0.0,0.0,0.0,0.0,0.0,0.0,0.0,0.0,0.0,0.0,0.0,0.0,0.0,0.0,0.0,0.0,39.5678596496582,0.0,0.0,0.0,0.0,1.989609956741333,0.0,0.0,0.0,0.0,0.0,0.0,6.555765151977539,0.0,0.0,0.0,0.0,0.0,0.0,0.0,0.0,0.0,0.0,0.0,0.0,0.0,0.0,0.0,13.813677787780762,0.0,0.0,0.0,0.0,0.0,0.0,0.0,7.59649133682251,0.0,0.0,0.0,0.0,0.0,0.0,0.0,0.0,0.0,0.0,0.0,0.0,0.0,0.0,0.0,0.0,0.0,0.0,0.0,0.0,0.0,0.0,0.0,0.0,0.0,0.0,0.0,0.0,0.0,0.0,0.0,0.0,0.0,0.0,19.869733810424805,0.0,0.0,65.92655181884766,0.0,0.0,0.0,0.0,0.0,0.0,0.0,0.0,0.0,0.0,0.0,0.0,0.0,0.0,0.0,0.0,0.0,0.0,0.0,0.0,0.0,0.0,0.0,0.0,0.0,0.0,0.0,0.0,0.0,9.852731704711914,0.0,0.0,0.0,0.0,0.0,0.0,0.0,0.0,0.0,0.0,0.0,0.0,0.0,0.0,0.0,0.0,0.0,0.0,0.0,17.579782485961914,0.0,0.0,0.0,0.0,6.465970993041992,0.0,0.0,0.0,0.0,0.0,0.0,0.0,0.0,0.0,0.0,0.0,0.0,0.0,0.0,0.0,0.0,0.0,0.0,0.0,0.0,0.0,0.0,0.0,0.0,0.0,0.0,0.0,0.0,0.0,0.0,33.291439056396484,0.0,0.0,0.0,0.0,0.0,0.0,0.0,0.0,0.0,0.0,0.0,0.0,0.0,0.0,0.0,0.0,0.0,0.0,0.0,0.0,0.0,0.0,0.0,0.0,0.0,0.0,0.0,0.0,0.0,0.0,0.0,0.0,0.0,0.0,0.0,0.0,0.0,0.0,0.0,0.0,0.0,0.0,0.0,0.0,0.0,0.0,0.0,0.0,0.0,0.0,0.0,4.174098968505859,0.0,0.0,4.952890872955322,0.0,0.0,0.0,0.0,0.0,0.0,0.0,0.0,0.0,0.0,0.0,0.0,0.0,0.0,0.0,0.0,0.0,0.0,0.0,0.0,0.0,0.0,0.0,0.0,0.0,0.0,0.0,0.0,0.0,0.0,0.0,16.13323211669922,0.0,0.0,12.441964149475098,0.0,0.0,0.0,1.5343552827835083,0.0,0.0,0.0,0.0,0.0,0.0,0.0,0.0,0.0,0.0,0.0,0.0,0.0,0.0,0.0,0.0,0.0,0.0,0.0,0.0,0.0,0.0,0.0,0.0,0.0,0.0,0.0,0.0,0.0,0.0,0.0,0.0,0.0,0.0,0.0,0.0,0.0,0.0,0.0,0.0,0.0,0.0,0.0,0.0,0.0,0.0,0.0,0.0,0.0,0.0,9.636079788208008,0.49427616596221924,0.23705635964870453,0.0,0.0,0.0,0.0,0.0,0.0,0.0,0.0,0.0,0.0,0.0,0.0,0.0,28.88164520263672,0.0,0.0,0.0,0.0,0.0,0.0,0.0,0.0,0.0,0.0,0.0,0.0,0.0,0.0,0.0,0.0,0.0,0.0,0.0,0.0,0.0,6.980905532836914,0.0,0.0,0.0,0.0,0.0,0.0,0.0,0.0,0.0,0.0,0.0,0.0,0.0,0.0,0.0,0.0,0.0,0.0,0.0,0.0,0.0,0.0,0.0,0.0,0.0,0.0,42.162296295166016,0.0,0.0,0.0,0.0,0.0,11.25273609161377,14.087441444396973,0.0,0.0,0.0,0.0,0.0,0.0,0.0,0.0,0.0,0.0,0.0,0.0,0.0,0.0,0.0,40.37050247192383,52.708778381347656,0.0,0.0,0.0,0.0,30.977779388427734,0.0,0.0,0.0,0.0,0.0,0.0,0.0,0.0,0.0,0.0,0.0,0.0,0.0,0.0,0.0,60.761417388916016,0.0,0.0,0.0,0.0,0.0,0.0,0.0,0.0,0.0,0.0,0.0,0.0,0.0,0.0,0.0,0.0,0.0,0.0,0.0,0.0,34.13570785522461,0.0,0.0,0.0,0.0,0.0,0.0,0.0,8.329861640930176,0.0,0.0,0.0,0.0,0.0,0.0,0.0,0.0,0.0,0.0,0.0,0.0,0.0,0.0,0.0,0.0,0.0,0.0,0.0,0.0,0.0,0.0,0.0,0.0,0.0,0.0,0.0,0.0,0.0,0.0,0.0,0.0,0.0,0.0,0.0,0.0,0.0,0.0,0.0,0.0,0.0,0.0,0.0,0.0,0.0,0.0,0.0,0.0,0.0,0.0,0.0,0.0,0.0,0.0,0.0,0.0,0.0,0.0,0.0,0.0,0.0,0.0,0.0,0.0,4.114190578460693,0.0,0.0,12.279935836791992,0.0,0.0,0.0,0.0,0.0,0.0,0.0,0.0,0.0,0.0,0.0,0.0,0.0,0.0,0.0,0.0,0.0,5.6165289878845215,0.0,0.0,0.0,0.0,0.0,0.0,0.0,0.0,0.0,0.0,0.0,0.0,0.0,4.264376163482666,0.0,0.0,0.0,0.0,0.0,0.0,0.0,0.0,0.0,0.0,0.0,9.646294593811035,0.0,0.0,0.0,0.0,0.0,6.725973606109619,13.288087844848633,0.0,0.0,0.0,0.0,0.0,0.0,18.610179901123047,0.0,0.0,0.0,0.0,0.0,0.0,0.0,0.0,0.0,0.0,0.0,0.0,0.0,0.0,0.0,67.67811584472656,0.0,0.0,0.0,0.0,0.0,0.0,0.0,0.0,0.0,0.0,0.0,0.0,0.0,0.0,0.0,0.0,0.0,56.5108528137207,0.0,0.0,0.0,0.0,0.0,0.0,0.0,0.0,0.0,0.0,0.0,0.0,0.0,0.0,0.0,0.0,0.0,0.0,0.0,0.0,0.0,0.0,0.0,0.0,0.0,0.0,0.0,0.0,0.0,0.0,0.0,19.105728149414062,0.0,0.0,0.0,0.0,0.0,0.0,0.0,0.0,0.0,0.0,0.0,0.0,0.0,0.0,0.0,0.0,0.0,0.0,0.0,0.0,0.0,0.0,10.954302787780762,0.0,0.0,0.0,0.0,0.0,0.0,0.0,0.0,0.0,0.0,0.0,0.0,2.8042659759521484,0.0,0.0,12.144017219543457,0.0,0.0,0.0,0.0,0.0,0.0,0.0,0.0,0.0,0.0,0.0,0.0,0.0,0.0,0.0,0.0,0.0,0.0,0.0,0.0,0.0,0.0,0.0,0.0,0.0,0.0,0.0,0.0,0.0,0.0,0.0,0.0,0.0,0.0,0.0,0.0,0.0,0.0,0.0,0.0,10.091879844665527,0.0,0.0,0.0,0.0,0.0,0.0,0.0,5.929035186767578,0.0,0.0,7.176450729370117,0.0,0.0,0.0,0.0,0.0,0.0,0.0,0.0,0.0,0.0,0.0,0.0,0.0,2.6390929222106934,0.0,0.0,0.0,0.0,12.140501022338867,3.4641449451446533,0.0,0.0,0.0,0.0,0.0,0.0,0.0,0.0,0.0,0.0,0.0,0.0,8.74363899230957,0.0,28.166032791137695,0.0,0.0,0.0,32.00007629394531,0.0,0.0,0.0,0.0,0.0,0.0,0.0,0.0,0.0,0.0,0.0,0.0,0.0,0.0,0.0,0.0,0.0,0.0,0.0,0.0,0.0,0.0,0.0,0.0,0.0,0.0,0.0,0.0,0.0,0.0,0.0,0.0,0.39354848861694336,0.0,0.0,0.0,0.0,0.0,0.0,0.0,0.0,2.3037238121032715,0.0,0.0,0.0,0.0,0.0,0.0,0.0,0.0,12.154281616210938,11.256743431091309,0.0,0.0,0.0,0.0,0.0,0.0,0.0,0.0,0.0,0.0,0.0,0.0,0.0,0.0,21.71649169921875,0.0,0.0,0.4267779588699341,0.0,0.0,0.0,0.0,0.0,0.0,0.0,0.0,0.0,0.0,0.0,0.0,0.0,0.0,0.0,0.0,0.0,0.0,11.925833702087402,0.0,0.0,4.103862762451172,0.0,0.0,3.8219008445739746,7.62391471862793,0.0,0.0,0.0,0.0,0.0,0.0,0.0,4.582699775695801,0.0,0.0,0.0,0.0,0.0,0.0,0.0,0.793620228767395,0.0,0.0,0.0,36.0896110534668,0.0,0.0,0.0,0.0,0.0,13.850458145141602,27.938425064086914,0.0,0.0,5.782870292663574,0.0,0.0,0.0,0.0,0.0,0.0,0.0,9.833212852478027,4.314941883087158,0.0,0.0,0.0,54.10478973388672,56.21324920654297,0.0,0.0,0.0,0.0,28.36663246154785,0.0,0.0,0.0,0.0,0.0,0.0,0.0,0.0,0.0,0.0,0.0,0.0,0.0,0.0,0.0,42.136409759521484,0.0,0.0,0.0,0.0,0.0,0.0,0.0,0.0,0.0,0.0,0.0,0.0,0.0,0.0,0.0,0.0,0.0,0.0,0.0,0.0,28.50668716430664,0.0,0.0,0.0,0.0,0.0,0.0,0.0,12.353837966918945,0.0,0.0,8.705881118774414,0.0,0.0,0.0,0.0,0.0,0.0,0.0,0.0,0.0,0.0,0.0,0.0,0.0,0.0,0.0,0.0,0.0,8.865667343139648,0.0,0.0,0.0,0.0,0.0,0.6999427080154419,0.0,0.0,0.0,0.0,0.0,0.0,0.0,0.0,0.0,0.0,0.0,0.0,0.0,0.0,0.0,0.0,0.0,0.0,0.0,0.0,0.0,0.0,0.0,0.0,1.1900495290756226,0.0,0.0,0.0,7.033559322357178,0.0,0.0,0.0,13.615182876586914,0.0,0.0,0.0,0.0,29.281993865966797,0.0,0.0,0.0,5.437841415405273,0.0,0.0,0.0,0.0,0.0,0.0,0.0,0.0,0.0,2.3495469093322754,0.0,0.0,0.0,0.0,0.0,0.0,19.448001861572266,0.0,0.0,0.0,5.98015022277832,0.0,0.0,0.0,0.0,0.0,0.0,0.0,0.0,0.0,34.31990051269531,0.0,0.0,0.0,0.0,0.0,0.0,0.0,0.0,0.0,0.0,24.85610580444336,26.381732940673828,0.0,0.0,0.0,0.0,0.0,7.630579948425293,24.505651473999023,0.0,6.895663261413574,0.0,0.0,0.0,0.0,16.45856285095215,0.0,0.0,0.0,0.0,0.0,0.0,0.0,0.0,0.0,0.0,0.0,0.0,0.0,0.0,0.0,36.710350036621094,0.0,0.0,0.0,0.0,0.0,0.0,0.0,0.0,0.0,0.0,0.0,0.0,0.0,0.0,0.0,0.0,0.0,83.40430450439453,0.0,0.0,0.0,0.0,0.0,0.0,0.0,0.0,0.0,0.0,0.0,0.0,0.0,0.0,0.0,0.0,0.0,3.330000162124634,0.0,0.0,0.0,0.0,0.0,0.0,0.0,0.0,0.0,0.0,0.0,0.0,0.0,20.255661010742188,0.0,0.0,0.0,0.0,0.0,0.0,0.0,0.0,0.0,0.0,0.0,0.0,0.0,0.0,0.0,0.0,0.0,0.0,0.0,0.0,0.0,0.0,15.327441215515137,0.0,0.0,0.0,0.0,0.0,0.0,0.0,0.0,0.0,0.0,0.0,0.31102028489112854,19.91317367553711,0.0,0.0,7.447728633880615,0.0,0.0,0.0,0.0,0.0,0.0,0.0,0.0,0.0,0.0,0.0,0.0,0.0,0.0,0.0,0.0,0.0,0.0,0.0,0.0,0.0,0.0,0.0,0.0,0.0,0.0,0.0,0.0,0.0,0.0,0.0,0.0,0.0,0.0,0.0,0.0,0.0,0.0,0.0,0.0,0.0,0.0,0.0,0.0,0.0,0.0,0.0,0.0,0.0,0.0,0.0,0.0,0.0,0.0,0.0,0.0,0.0,0.0,0.0,0.0,0.0,0.0,0.0,0.0,0.0,0.0,0.0,0.0,0.0,0.0,0.0,0.0,0.0,0.0,0.0,0.0,0.0,0.0,0.0,0.0,0.0,0.0,0.0,17.734954833984375,0.0,0.0,9.228403091430664,0.0,0.0,0.0,0.0,0.0,0.0,0.0,0.0,0.0,0.0,0.0,0.0,0.0,0.0,0.0,0.0,0.0,0.0,0.0,0.0,0.0,0.0,0.0,0.0,0.0,0.0,0.0,0.0,0.0,0.0,0.0,0.0,0.0,0.0,0.0,0.0,0.0,0.0,0.0,0.0,0.0,0.0,0.0,0.0,0.0,0.0,0.0,0.0,0.0,0.0,0.0,0.0,0.0,0.0,1.5108036994934082,0.0,7.017457008361816,0.0,0.0,0.0,0.0,0.0,0.0,0.0,0.0,0.0,0.0,0.0,0.0,0.0,0.0,0.0,0.0,0.0,0.0,0.0,0.0,0.0,0.0,0.0,0.0,0.0,0.0,0.0,0.0,0.0,0.0,0.0,0.0,0.0,0.0,0.0,10.647436141967773,0.0,0.0,0.0,0.0,0.0,0.0,0.0,0.0,0.0,0.0,0.0,0.0,0.0,0.0,0.0,0.0,0.0,0.0,0.0,0.0,0.0,0.0,0.0,0.0,0.0,0.0,63.98580551147461,0.0,0.0,0.0,0.0,0.0,0.0,13.915846824645996,0.0,0.0,0.0,0.0,0.0,0.0,0.0,0.0,0.0,0.0,6.173871040344238,0.0,0.0,0.0,0.0,34.5068244934082,38.757049560546875,0.0,0.0,0.0,0.0,27.048730850219727,0.0,0.0,0.0,0.0,0.0,0.0,0.0,0.0,0.0,0.0,0.0,0.0,0.0,0.0,0.0,80.31423950195312,0.0,0.0,0.0,0.0,0.0,0.0,0.0,0.0,0.0,0.0,0.0,0.0,0.0,0.0,0.0,0.0,0.0,0.0,0.0,0.0,16.030359268188477,0.0,0.0,0.0,0.0,0.0,0.0,0.0,5.270265102386475,0.0,0.0,0.0,0.0,0.0,0.0,0.0,0.0,0.0,0.0,0.0,0.0,0.0,0.0,0.0,0.0,0.0,0.0,0.0,0.0,10.553570747375488,0.0,0.0,0.0,0.0,0.0,11.359566688537598,0.0,2.388570785522461,0.0,0.0,0.0,0.0,0.0,0.0,0.0,0.0,0.0,0.0,0.0,0.0,0.0,0.0,0.0,0.0,0.0,0.0,0.0,0.0,0.0,0.0,0.0,0.0,0.0,0.0,0.0,0.0,0.0,0.0,0.0,0.0,0.0,0.0,0.0,0.0,0.0,0.0,9.599369049072266,2.470684051513672,0.0,0.0,0.0,0.0,0.0,0.0,0.0,0.0,0.0,0.0,4.492796421051025,0.0,0.0,0.0,0.0,0.0,0.0,0.0,0.0,0.0,0.0,0.0,0.0,0.0,0.0,0.0,0.0,0.0,0.0,0.0,3.472238063812256,0.0,0.0,0.0,0.0,0.0,0.0,0.0,0.0,0.0,0.0,0.0,2.4649181365966797,0.0,0.0,0.0,0.0,0.0,0.0,10.827221870422363,0.0,0.0,0.0,0.0,0.0,0.0,7.222230911254883,0.0,0.0,0.0,0.0,0.0,0.0,0.0,0.0,0.0,0.0,0.0,0.0,0.0,0.0,0.0,65.59178924560547,0.0,0.0,0.0,0.0,0.0,0.0,0.0,0.0,0.0,0.0,0.0,0.0,0.0,0.0,0.0,0.0,0.0,55.230072021484375,0.0,0.0,0.0,0.0,0.0,0.0,0.0,0.0,0.0,0.0,0.0,0.0,0.0,0.0,0.0,0.0,0.0,0.0,0.0,0.0,0.0,0.0,0.0,0.0,0.0,0.0,0.0,0.0,0.0,0.0,0.0,6.725815296173096,0.0,0.0,0.0,0.0,0.0,0.0,0.0,0.0,0.0,0.0,0.0,0.0,0.0,0.0,0.0,0.0,0.0,0.0,0.0,0.0,0.0,0.0,7.520788669586182,0.0,0.0,4.676608085632324,0.0,0.0,22.502342224121094,0.0,0.0,0.0,0.0,0.0,0.0,36.47379684448242,0.0,0.0,0.0,0.0,0.0,0.0,0.0,0.0,0.0,0.0,14.424476623535156,0.0,0.0,0.0,0.0,0.0,0.0,0.0,0.0,0.0,0.0,0.0,5.082231044769287,0.0,0.0,0.0,0.0,0.0,0.0,9.231030464172363,0.0,0.0,0.0,0.0,0.0,0.0,0.0,0.0,0.0,0.0,0.0,0.0,0.0,0.0,0.0,0.0,0.0,0.0,0.0,0.0,0.0,14.076998710632324,0.0,0.0,0.0,8.249238967895508,0.0,0.0,0.0,0.0,0.0,0.0,0.0,0.0,0.0,0.0,0.0,0.0,0.0,0.0,0.0,0.0,0.0,0.0,0.0,0.0,16.441001892089844,0.0,0.0,0.0,3.906096935272217,0.0,0.0,0.0,0.0,0.0,39.82503128051758,0.0,0.0,9.353605270385742,0.0,0.0,0.0,0.0,0.0,2.7379345893859863,0.0,0.0,0.0,0.0,0.0,0.0,0.0,0.0,0.0,0.0,0.0,0.0,0.0,0.0,0.0,0.0,0.0,0.0,0.0,0.0,0.0,0.0,0.0,0.0,0.0,0.0,0.0,0.0,0.0,0.0,0.0,0.0,0.0,0.0,0.3863793909549713,0.0,0.0,0.0,0.0,0.0,0.0,0.0,0.0,0.0,0.0,0.0,0.0,0.0,0.3364534378051758,0.0,21.986122131347656,19.752094268798828,0.0,0.0,0.0,0.0,0.0,0.0,0.0,0.0,0.0,0.0,0.0,0.0,0.0,0.0,0.0,0.0,0.0,0.0,0.0,0.0,0.0,0.0,0.0,0.0,0.0,0.0,0.0,0.0,0.0,0.0,0.0,0.0,0.0,0.0,19.908105850219727,0.0,0.0,0.0,0.0,0.0,0.0,0.0,0.0,20.56940269470215,0.0,0.0,0.0,0.0,0.0,0.0,0.0,0.0,0.0,0.0,0.0,0.0,0.0,0.0,0.0,0.0,0.0,69.39122009277344,0.0,0.0,0.0,0.0,0.0,0.0,14.26579475402832,0.0,0.0,0.0,0.0,0.0,0.0,0.0,0.0,0.0,0.0,0.0,5.191662788391113,0.0,0.0,0.0,35.6881103515625,6.215925693511963,0.0,0.0,0.0,0.0,49.26741409301758,0.0,0.0,0.0,0.0,0.0,0.0,0.0,0.0,0.0,0.0,0.0,0.0,0.0,0.0,0.0,83.3153305053711,0.0,0.0,0.0,0.0,7.4475626945495605,8.650897026062012,0.0,0.0,0.0,0.0,0.0,0.0,0.0,0.0,0.0,0.0,0.0,0.0,0.0,0.0,13.82654094696045,0.0,0.0,0.0,0.0,0.0,0.0,0.0,0.0,0.0,0.0,0.0,0.0,0.0,0.0,0.0,0.0,0.0,0.0,0.0,0.0,0.0,0.0,0.0,0.0,0.0,0.0,0.0,0.0,0.0,0.0,0.0,0.0,0.0,0.0,21.18201446533203,0.0,0.0,0.0,0.0,0.0,0.0,0.0,0.0,0.0,0.0,0.0,0.0,0.0,11.793718338012695,0.0,0.0,0.0,0.0,10.209177017211914,0.0,0.0,0.0,0.0,0.0,0.0,0.0,0.0,0.0,0.0,0.0,0.0,0.7509103417396545,0.0,0.0,0.0,0.0,0.0,0.0,0.0,0.0,34.8576774597168,0.0,0.0,0.0,0.0,0.0,0.0,0.0,0.0,0.0,0.0,0.0,13.95865535736084,0.0,0.0,0.0,0.0,0.0,5.71525239944458,0.0,0.0,0.0,0.0,0.0,0.0,0.0,0.0,0.0,0.0,0.0,0.0,0.0,0.0,0.0,0.0,0.0,0.0,0.0,0.0,0.0,0.0,0.0,0.0,0.0,0.0,0.0,0.0,0.0,0.0,0.0,0.0,0.0,0.0,0.0,0.0,0.0,0.0,0.0,0.0,0.0,0.0,0.0,0.0,0.0,0.0,7.6696858406066895,0.0,0.0,0.0,0.0,0.0,20.93122100830078,0.0,0.0,76.9338607788086,0.0,0.0,0.0,0.0,0.0,0.0,0.0,0.0,0.0,0.0,0.0,0.0,2.8810243606567383,0.0,0.0,0.0,0.0,11.76803970336914,0.0,0.0,0.0,0.0,0.0,0.0,0.0,12.626718521118164,0.0,0.0,0.0,0.0,0.0,0.0,0.0,0.0,0.0,0.0,0.0,0.0,0.0,0.0,0.0,0.0,0.0,0.0,0.0,0.0,0.0,0.0,0.0,0.0,0.0,0.0,0.0,0.0,0.0,0.0,0.0,0.0,0.0,0.0,0.0,0.0,0.0,0.0,0.0,0.0,0.0,0.0,0.0,0.0,0.0,0.0,0.0,0.0,0.0,0.0,0.0,7.255403518676758,14.372915267944336,0.0,28.252782821655273,0.0,0.0,0.0,0.0,16.90176773071289,0.0,0.0,0.0,0.0,0.0,2.200301170349121,0.0,0.0,0.0,19.30793571472168,5.12576150894165,0.0,11.553224563598633,0.0,0.0,7.705558776855469,0.0,0.0,0.0,0.0,0.0,0.0,0.0,0.0,0.0,0.0,0.0,0.0,0.0,6.350101470947266,0.0,0.0,0.0,0.0,0.0,0.0,0.0,0.0,2.8597970008850098,0.0,0.0,0.0,0.0,0.0,0.0,0.0,0.0,0.0,0.0,0.0,9.302200317382812,23.077714920043945,0.0,0.0,0.0,6.810115337371826,0.0,0.0,0.0,0.0,0.0,0.0,0.0,0.0,0.0,0.0,0.0,0.0,0.0,0.0,0.0,0.0,0.0,0.0,4.899856090545654,0.0,15.470170021057129,0.0,0.0,0.0,0.0,0.0,0.0,0.0,0.0,0.0,0.0,0.0,5.857451915740967,4.490353107452393,0.0,0.0,0.0,0.0,0.0,13.21037483215332,0.0,0.0,0.0,0.0,0.0,0.0,0.0,0.0,0.0,0.0,0.0,0.0,0.0,0.0,0.0,0.0,0.0,0.0,0.0,0.0,25.08551025390625,0.0,0.0,0.0,7.7870001792907715,2.775300979614258,0.0,0.0,0.0,0.0,0.0,0.0,0.0,0.0,6.931629180908203,0.0,0.0,0.0,0.0,0.0,0.0,0.0,0.0,0.0,0.0,0.0,0.0,0.0,5.289867401123047,0.0,0.0,11.67825984954834,0.0,10.136327743530273,0.0,0.0,8.91905403137207,0.0,0.0,0.0,0.0,0.0,0.0,0.0,0.0,0.0,0.0,0.0,0.0,0.0,0.0,0.0,12.065217971801758,0.0,0.0,0.0,0.0,0.0,0.0,0.0,12.345768928527832,0.0,0.0,0.0,0.0,0.0,0.7840116620063782,0.0,0.0,0.0,0.0,11.883047103881836,0.0,0.0,0.0,10.491586685180664,0.0,0.0,0.0,0.0,0.0,0.0,0.0,0.0,8.766053199768066,0.0,0.0,0.0,0.1534845232963562,0.0,0.0,0.0,0.0,15.362730026245117,9.010843276977539,0.0,0.0,0.0,0.0,0.0,0.0,0.0,0.0,0.0,0.0,0.0,0.0,0.0,0.0,0.0,0.0,0.0,0.0,0.0,6.7328596115112305,0.0,0.0,0.0,0.0,0.0,0.0,0.0,41.29534149169922,6.791945457458496,0.0,0.0,0.0,0.0,0.0,0.0,0.0,0.0,0.0,0.0,0.0,0.0,0.0,0.46336108446121216,28.079822540283203,6.52979850769043,21.945438385009766,0.0,2.3527204990386963,0.0,23.41040802001953,0.0,0.0,0.0,0.0,0.0,0.0,0.0,0.0,0.0,0.0,0.0,0.0,0.0,0.0,0.0,1.190798282623291,0.0,0.0,0.0,3.0203499794006348,0.0,0.0,4.139866352081299,7.872687816619873,0.0,0.0,0.0,11.955207824707031,0.0,0.0,0.0,0.0,0.0,0.0,0.0,0.0,0.0,0.0,0.0,0.0,0.0,0.0,0.0,16.109329223632812,0.0,0.0,0.0,0.0,7.308749198913574,50.658775329589844,0.0,0.0,0.0,0.0,0.0,0.0,0.0,0.0,0.0,0.0,0.0,0.0,0.0,0.0,2.6926517486572266,0.0,0.0,0.0,0.0,0.0,0.0,13.56762409210205,0.0,0.0,0.0,0.0,0.0,0.0,0.0,0.0,0.0,0.0,1.4981523752212524,0.0,5.879944324493408,0.0,0.0,0.0,0.0,0.0,13.809192657470703,0.0,0.0,0.0,0.0,0.0,0.0,0.0,0.0,31.984922409057617,0.0,0.0,0.0,0.0,0.0,0.0,0.0,0.0,0.0,0.0,12.85314655303955,0.0,0.0,0.0,0.0,0.0,0.0,0.0,0.0,0.0,0.0,0.0,0.0,0.0,0.0,0.0,0.0,0.0,0.0,1.5332697629928589,7.987841606140137,0.0,0.0,0.0,0.0,0.0,0.0,0.0,0.0,0.0,0.0,0.0,0.30839604139328003,0.0,0.0,0.0,0.0,0.0,0.0,13.375823974609375,0.0,0.0,0.0,0.0,0.0,26.351762771606445,8.10480785369873,3.5586097240448,0.0,0.0,0.0,0.0,6.311677932739258,0.0,22.959857940673828,0.0,0.0,3.7620434761047363,0.0,5.7619171142578125,0.0,0.0,0.0,0.0,0.0,0.0,0.0,0.5431281328201294,2.0618929862976074,0.0,0.0,0.0,14.1778564453125,0.0,9.148727416992188,23.036991119384766,0.0,0.0,0.0,0.0,15.719491958618164,0.0,1.7005934715270996,0.0,3.7993180751800537,0.0,0.0,0.0,0.0,0.0,0.0,0.0,0.0,0.0,0.0,0.0,0.0,0.0,0.0,0.0,1.9643374681472778,0.0,6.0332536697387695,0.0,2.568906784057617,0.0,0.0,0.0,0.0,0.0,0.0,0.0,0.0,0.0027521997690200806,0.0,0.0,0.0,0.0,0.0,0.0,2.5448131561279297,0.0,0.0,0.0,0.0,0.0,0.0,0.0,0.0,0.0,0.0,0.0,0.0,6.564513206481934,0.0,7.492582321166992,0.0,0.25371015071868896,0.0,1.9006742238998413,0.0,0.0,0.0,0.0,0.0,0.0,0.0,18.25646209716797,0.0,0.0,28.29202651977539,0.0,0.0,0.0,0.0,0.0,0.0,0.0,0.0,0.0,0.0,0.0,0.0,0.0,0.0,0.0,0.0,0.0,0.0,0.0,0.0,0.0,0.0,0.0,0.0,0.0,0.0,0.0,0.0,0.0,0.0,0.0,0.0,0.0,0.0,0.0,16.12441635131836,0.0,0.0,0.0,0.0,0.0,0.0,0.0,0.0,0.0,0.0,0.0,0.0,2.49255108833313,0.0,0.0,0.0,0.0,0.0,0.0,0.0,0.0,0.0,0.0,0.0,0.0,0.0,0.0,0.0,28.152400970458984,0.0,0.0,17.14632225036621,0.0,0.0,0.0,0.0,0.0,0.0,0.0,0.0,0.0,0.0,0.0,0.0,0.249006450176239,0.0,0.36831021308898926,0.0,8.909080505371094,0.0,0.0,0.0,0.0,10.302095413208008,0.0,0.0,9.02707576751709,0.0,0.0,0.0,0.0,0.0,0.0,0.0,0.0,0.0,20.683652877807617,0.0,0.0,0.0,25.270795822143555,0.0,0.0,0.0,17.25287628173828,0.0,0.0,0.0,0.0,6.849931240081787,0.0,0.0,0.0,0.0,0.0,0.0,0.0,0.0,0.0,0.0,0.0,0.0,0.0,0.0,0.0,0.0,4.668262958526611,0.0,7.4146881103515625,0.0,0.0,0.0,0.0,0.0,0.0,0.0,13.696624755859375,0.0,0.0,0.0,0.0,0.0,0.0,0.0,0.0,0.0,0.0,0.0,0.0,0.0,0.0,0.0,7.0618577003479,0.0,0.0,0.0,0.0,0.0,21.767745971679688,0.0,0.0,0.0,0.0,0.0,0.0,0.0,10.437921524047852,0.0,0.0,0.0,0.0,0.0,0.0,0.0,0.0,0.0,0.0,0.0,0.0,0.0,0.0,0.0,0.0,0.0,24.87331771850586,0.0,0.0,0.0,10.382223129272461,0.0,0.0,0.0,0.0,0.0,0.0,0.0,0.0,3.219651222229004,0.0,0.0,0.0,0.0,0.0,0.0,0.0,0.0,0.0,0.0,1.1781046390533447,0.0,0.0,0.0,0.0,0.0,9.383635520935059,0.0,0.0,0.0,0.0,0.0,0.0,0.0,2.6582658290863037,0.0,0.0,0.0,0.0,0.0,0.0,0.0,0.0,0.0,0.0,0.0,0.0,0.0,0.0,3.8205642700195312,0.0,0.0,8.020066261291504,0.0,4.508856773376465,0.0,0.7341785430908203,4.993870735168457,0.0,0.0,0.0,0.0,0.0,0.0,0.0,0.0,0.0,0.0,0.0,0.0,0.0,0.0,0.0,0.0,0.0,0.0,9.291291236877441,0.0,0.0,26.0163631439209,0.0,0.0,0.0,5.327269077301025,0.6777116060256958,16.559772491455078,0.0,0.0,0.0,0.0,0.0,0.0,5.043279647827148,0.0,0.0,0.0,0.0,0.0,0.0,0.0,34.49981689453125,0.0,0.0,0.0,0.0,0.0,48.827972412109375,0.0,0.0,1.634274959564209,0.0,0.0,0.0,0.0,0.0,0.0,0.0,0.0,0.0,21.974414825439453,0.0,0.0,0.0,0.0,0.0,0.0,0.0,0.0,0.0,0.0,0.0,0.0,0.0,0.0,0.0,0.0,0.0,0.0,0.0,0.0,0.0,25.961483001708984,0.0,0.0,0.0,0.0,0.0,0.0,4.985951900482178,0.0,16.79639434814453,0.0,0.0,0.0,0.0,0.0,34.532470703125,0.0,0.0,0.0,11.731613159179688,0.0,14.13632869720459,33.140384674072266,0.0,0.0,0.0,7.035534381866455,0.0,0.0,0.0,0.0,0.0,0.0,0.0,0.07101863622665405,0.0,0.0,0.0,0.0,7.481957912445068,0.0,0.0,0.0,0.0,0.0,0.0,9.497833251953125,0.0,0.0,0.0,0.0,0.0,0.0,0.0,0.0,0.0,0.0,0.0,5.4453935623168945,0.0,0.0,8.908370971679688,0.0,0.0,0.0,0.0,0.0,0.0,0.0,0.0,0.0,0.0,0.0,0.0,0.0,0.0,0.0,0.39531952142715454,0.0,0.0,8.024471282958984,0.0,0.0,10.568191528320312,0.0,3.4167425632476807,0.0,0.0,0.0,1.2201364040374756,0.0,0.0,0.0,0.0,0.0,0.0,0.0,0.0,0.0,0.0,11.994897842407227,42.26477813720703,0.0,0.0,0.0,0.0,0.0,0.0,2.0238656997680664,0.0,0.0,0.0,0.0,0.0,0.0,0.0,0.0,0.0,0.0,0.0,0.0,0.0,0.0,0.0,10.402806282043457,0.0,2.93359112739563,0.0,0.0,0.0,0.0,0.0,0.0,0.0,0.0,0.0,0.0,4.084029674530029,0.0,0.0,0.0,0.0,0.0,0.0,0.0,0.0,0.0,0.0,0.0,0.0,0.0,0.0,0.0,0.0,2.5401103496551514,0.0,0.0,0.0,0.0,28.166913986206055,0.0,0.0,0.0,0.7988126277923584,0.0,0.0,46.69764709472656,0.0,11.750243186950684,0.0,0.0,0.0,0.0,0.0,0.0,0.0,0.0,0.0,0.0,18.616689682006836,0.0,0.0,0.0,0.0,0.0,0.0,0.0,0.0,7.842214107513428,0.0,0.0,0.0,0.0,0.0,0.0,0.0,0.0,0.0,0.0,0.0,0.0,0.0,0.0,0.0,0.0,0.0,0.0,0.0,0.0,0.0,0.0,0.0,14.428354263305664,0.0,0.0,0.0,0.0,0.0,0.0,0.0,0.0,0.0,0.0,0.0,0.0,20.19471549987793,0.0,0.0,0.0,0.0,0.0,0.0,0.0,0.0,0.0,0.0,0.0,0.0,0.0,0.0,0.0,6.232571601867676,0.0,20.468313217163086,4.4025726318359375,0.0,0.0,0.0,0.0,10.129945755004883,0.0,0.0,0.0,39.14671325683594,0.0,0.0,0.0,0.0,0.0,0.0,0.0,0.0,0.0,0.0,0.0,0.0,12.009611129760742,0.0,0.0,8.512360572814941,0.0,0.0,0.0,0.0,0.0,0.0,0.0,0.0,0.0,0.0,0.0,0.0,0.0,19.367990493774414,0.0,0.0,0.0,17.171707153320312,0.0,0.0,0.0,0.0,6.591981887817383,0.0,0.0,0.0,0.0,0.0,0.0,0.0,0.0,0.0,0.0,0.0,0.0,0.0,0.0,0.0,0.0,35.972145080566406,0.0,15.642499923706055,0.0,17.505535125732422,0.0,0.0,0.0,0.0,0.0,0.0,0.0,0.0,0.0,0.0,0.0,0.0,0.0,0.0,0.0,0.0,0.0,0.0,0.0,11.90217399597168,0.0,5.568052768707275,0.0,0.0,0.0,0.0,0.0,0.0,0.0,0.0,0.0,0.0,0.0,0.0,9.557761192321777,29.03997802734375,0.0,0.0,0.0,0.0,0.0,0.0,0.0,0.0,0.0,0.0,0.0,0.0,0.0,0.0,0.0,0.0,8.030400276184082,22.584232330322266,0.0,0.0,0.0,0.0,0.0,0.0,0.0,0.0,24.309471130371094,0.0,0.0,0.0,21.55006980895996,0.0,0.0,18.62367820739746,0.0,0.0,0.0,0.0,0.0,0.0,0.0,12.895040512084961,0.0,0.0,0.0,0.0,0.0,9.227499961853027,0.0,0.0,0.0,0.0,0.0,0.0,0.0,30.906639099121094,0.0,0.0,0.0,0.0,0.0,0.0,4.838572025299072,0.0,0.0,0.0,0.0,0.0,0.0,0.0,0.0,31.58952522277832,0.0,0.0,0.0,0.0,0.0,14.291826248168945,10.998407363891602,0.0,0.0,0.0,0.0,0.0,0.0,0.0,0.0,0.0,0.0,0.0,0.0,0.0,0.0,0.0,0.0,0.0,0.0,10.012476921081543,0.7991361021995544,0.0,3.0344948768615723,0.0,0.0,0.0,13.88144588470459,0.0,22.69574546813965,0.0,0.0,0.0,0.0,0.0,0.0,0.0,0.0,0.0,0.0,0.0,0.0,0.0,0.0,9.681007385253906,0.0,0.0,0.0,0.0,0.0,39.165828704833984,0.0,0.0,9.784904479980469,0.0,0.0,0.0,0.0,0.0,0.0,0.0,0.0,2.587996482849121,24.17289924621582,0.0,1.4259315729141235,0.0,0.0,0.0,0.0,0.0,0.0,0.0,0.0,0.0,0.0,0.0,0.0,0.0,0.0,0.0,0.0,0.0,0.0,0.0,22.243892669677734,0.0,0.0,0.0,0.0,0.0,32.63987731933594,0.0,0.0,17.377031326293945,0.0,0.0,0.0,0.0,0.0,51.23475646972656,0.0,3.0989577770233154,0.0,0.0,0.0,17.966625213623047,16.38912010192871,0.0,4.417970180511475,0.0,0.0,3.8074915409088135,0.0,0.0,0.0,0.0,0.0,0.0,0.0,0.0,0.0,0.0,0.0,4.499475479125977,0.0,0.0,15.965143203735352,0.0,0.0,0.0,6.477964878082275,0.0,0.0,0.0,0.0,0.0,0.0,0.0,0.0,0.0,0.0,0.0,0.0,0.0,0.0,0.0,0.0,0.0,0.0,0.0,0.0,9.05226993560791,0.0,0.0,0.0,2.791621685028076,0.0,0.0,0.0,0.0,0.0,18.644502639770508,0.0,0.0,61.09446716308594,0.0,0.0,8.931118965148926,0.0,0.0,0.0,0.0,0.0,0.0,0.0,0.0,0.0,0.0,5.068856716156006,0.0,0.0,0.0,0.0,0.0,10.973417282104492,11.24445915222168,0.0,0.0,0.0,0.0,0.0,0.0,0.0,0.0,0.0,0.0,0.0,16.41594696044922,0.0,0.0,0.0,0.0,0.0,0.0,0.0,0.0,0.0,0.0,0.0,15.154325485229492,3.711854934692383,0.0,0.0,0.0,25.54572296142578,0.0,0.0,1.1668028831481934,0.0,0.0,0.0,0.0,0.0,0.0,0.0,0.0,0.0,32.04256057739258,0.0,0.0,0.0,0.0,0.0,0.0,0.0,0.0,0.0,0.0,0.0,0.0,0.0,0.0,0.0,11.27387523651123,0.0,0.0,0.0,0.0,0.0,0.0,48.541236877441406,2.7962050437927246,0.0,6.413807392120361,0.0,0.0,0.0,0.0,0.0,0.0,0.0,0.0,0.0,13.611907005310059,0.0,0.0,0.0,0.0,0.0,0.0,0.0,0.0,0.0,0.4907393455505371,0.0,0.0,0.0,0.0,0.0,0.0,0.0,0.0,0.0,0.0,0.0,0.0,0.0,0.0,0.0,0.0,0.0,0.0,0.0,0.0,0.0,0.0,0.0,0.0,0.0,0.0,0.0,0.0,0.0,0.0,0.0,0.0,0.0,0.0,0.0,0.0,0.0,0.0,0.0,0.0,0.0,0.0,0.0,0.0,0.0,0.0,0.0,0.0,0.0,0.0,0.0,0.0,0.0,20.495384216308594,0.0,0.0,0.0,0.0,0.0,11.619083404541016,0.0,0.0,0.0,58.89436721801758,0.0,0.0,9.93010425567627,0.0,0.0,0.0,0.0,0.0,4.59112024307251,0.0,0.0,0.0,0.0,0.0,0.0,0.0,0.0,0.0,0.0,0.0,0.0,0.0,0.0,0.0,0.0,0.0,0.0,0.0,0.0,0.0,0.0,0.0,0.0,0.0,0.0,0.0,0.0,0.0,0.0,0.0,0.0,0.0,0.0,0.0,1.3633979558944702,0.0,0.0,0.0,0.0,0.0,0.0,0.0,0.0,0.0,0.0,31.74666404724121,0.0,4.35140323638916,0.0,23.92302894592285,0.0,0.0,0.0,0.0,2.0154829025268555,0.0,0.0,0.0,0.0,0.0,0.0,0.0,0.0,0.0,0.0,0.0,0.0,0.0,0.0,4.854875564575195,0.0,0.0,0.0,0.0,0.0,0.0,0.0,0.0,0.0,0.0,0.0,0.0,0.0,0.0,0.0,18.134510040283203,0.0,0.0,0.0,0.0,0.0,0.0,0.0,0.0,0.0,0.0,0.0,0.0,0.0,0.0,0.0,0.0,12.074969291687012,0.0,0.0,0.0,0.0,0.0,0.0,0.0,0.0,0.0,32.25516891479492,0.0,0.0,0.0,18.118663787841797,0.0,0.0,27.432828903198242,0.0,0.0,0.0,0.0,0.0,0.0,0.0,2.9516327381134033,0.0,0.0,0.0,0.0,0.0,0.0,0.0,0.0,0.0,0.0,0.0,0.0,0.0,24.755571365356445,0.0,0.0,0.0,0.0,0.0,0.0,0.0,0.0,0.0,0.0,0.0,0.0,0.0,0.0,0.0,28.007654190063477,0.0,0.0,0.0,0.0,0.0,10.222442626953125,0.0,0.0,0.0,3.915271759033203,0.0,0.0,0.28344792127609253,0.0,0.0,0.0,0.0,0.0,0.0,0.0,0.0,0.0,0.0,0.0,0.0,0.0,0.0,0.0,0.0,0.0,0.0,0.0,0.0,0.0,0.0,0.0,0.0,0.0,0.0,0.0,0.0,0.0,0.0,0.0,0.0,0.0,0.0,0.0,0.0,8.15628719329834,0.0,0.0,0.0,0.0,0.0,28.936874389648438,0.0,0.0,0.0,0.0,0.0,0.0,0.0,0.0,0.0,0.0,0.0,0.9553011655807495,0.0,0.0,0.0,0.0,0.0,0.0,0.0,0.0,0.0,0.0,0.0,0.0,0.0,0.0,0.0,0.0,0.0,0.0,0.0,0.0,0.24725379049777985,0.0,0.0,0.0,0.0,0.0,0.0,0.0,36.1870231628418,0.0,0.0,0.0,0.0,0.0,0.0,0.0,0.0,0.0,0.0,7.704823017120361,5.886205673217773,0.0,0.0,0.0,0.0,0.0,5.254268169403076,0.0,0.0,17.73401641845703,1.4620156288146973,0.0,0.0,0.0,0.0,0.0,0.0,0.0,0.0,0.0,0.0,0.0,0.0,0.0,7.328951835632324,0.0,0.0,0.0,3.018862724304199,0.0,0.0,0.0,0.0,0.0,0.0,0.0,0.0,0.0,0.0,5.519800662994385,0.0,0.8991988301277161,0.0,0.0,0.0,0.0,0.0,0.0,0.0,0.0,0.0,0.0,0.0,0.0,0.0,1.0112372636795044,0.0,0.0,0.0,3.653693199157715,0.0,0.0,59.79251480102539,0.0,0.0,0.0,0.0,5.041985511779785,0.0,0.0,0.0,0.0,0.0,0.0,0.0,0.0,5.669520854949951,0.0,0.0,0.0,0.0,0.0,0.0,0.0,0.0,0.0,0.0,0.0,0.0,0.0,0.0,0.0,0.0,0.0,0.0,25.125450134277344,0.3554994463920593,0.0,0.0,0.0,0.0,0.0,0.0,0.0,0.0,0.0,0.0,19.80274772644043,0.0,0.0,0.0,0.0,30.885730743408203,0.0,1.780519723892212,0.0,0.0,0.0,0.0,0.0,0.0,0.0,0.0,0.0,0.0,12.48245906829834,0.0,0.0,0.0,0.0,0.0,0.0,0.0,0.3769260048866272,0.0,0.0,0.0,0.0,0.0,0.0,0.0,0.0,0.0,0.0,0.0,0.0,0.0,0.0,17.3410701751709,0.0,0.0,31.03319549560547,0.0,0.0,0.0,0.0,0.0,0.0,0.0,0.0,0.0,15.483773231506348,4.2295050621032715,0.0,0.0,0.0,0.0,0.0,0.0,0.0,0.0,0.0,0.0,0.0,0.0,0.0,0.0,0.0,0.0,0.0,0.0,0.0,0.0,0.0,0.0,0.0,0.0,0.0,0.0,0.0,0.0,0.0,8.641416549682617,0.0,0.0,0.0,0.0,0.0,0.0,0.0,0.0,0.0,0.0,3.0327372550964355,0.0,0.7826637625694275,0.0,0.0,0.0,0.0,0.0,0.0,0.0,0.0,0.0,0.0,0.0,0.0,0.0,0.0,0.0,0.0,5.8587212562561035,0.0,0.0,27.684410095214844,0.0,4.682146072387695,0.0,0.0,0.0,0.0,0.0,0.0,0.0,17.399682998657227,0.0,0.0,24.103214263916016,0.0,3.494823455810547,0.0,3.8879151344299316,0.0,3.1777122020721436,0.0,0.0,0.0,0.0,0.0,0.0,0.0,0.0,0.0,0.0,0.0,0.0,0.0,0.0,0.0,0.0,0.0,0.0,0.0,0.0,0.0,0.0,0.0,0.0,0.0,0.0,0.0,0.0,0.0,0.0,0.0,0.0,0.0,0.0,0.0,2.7019803524017334,0.0,0.0,0.0,0.10550934076309204,0.0,0.0,0.0,0.0,0.0,0.0,1.482491135597229,0.2807513177394867,10.731098175048828,0.0,8.06567096710205,0.0,0.0,0.0,0.0,0.0,0.0,0.0,0.0,0.0,0.0,0.0,0.0,0.0,0.0,0.0,0.0,0.0,0.0,0.0,0.0,0.0,0.0,0.0,0.0,0.0,0.0,0.0,0.0,0.0,0.0,0.0,0.0,0.0,0.0,0.0,0.0,0.0,0.0,3.7755486965179443,0.0,0.0,0.0,0.0,0.0,0.0,0.0,0.0,0.0,0.0,0.0,8.627635955810547,0.0,0.0,0.0,0.0,0.0,0.0,0.0,0.0,0.0,0.0,0.0,18.798879623413086,0.0,0.0,1.2785680294036865,0.0,0.0,0.0,31.037551879882812,0.0,0.0,0.0,0.0,0.0,0.0,0.0,4.329732894897461,3.324087619781494,0.0,23.917036056518555,11.034883499145508,0.0,0.0,0.0,1.4524952173233032,15.999149322509766,0.0,0.0,0.0,0.0,14.538762092590332,0.0,0.0,0.0,0.0,0.0,0.0,0.0,0.0,0.0,0.0,0.0,0.0,0.0,0.0,0.0,11.808558464050293,0.0,0.0,0.0,0.0,0.0,0.0,0.0,0.0,0.0,9.724111557006836,0.0,0.0,0.0,0.0,0.0,0.0,0.0,0.0,0.0,0.0,0.0,0.0,0.0,0.0,0.0,0.0,0.0,0.0,0.0,0.0,0.0,0.0,0.0,0.0,0.0,0.0,0.0,0.0,0.0,0.0,0.0,0.0,0.0,0.0,0.0,0.0,0.0,0.0,0.0,0.0,0.0,0.0,0.0,0.0,0.0,26.46466064453125,0.0,0.0,0.0,0.1582043319940567,0.0,0.0,0.0,0.0,0.0,0.0,0.0,0.0,0.0,0.0,0.0,0.0,0.0,0.0,0.0,0.0,0.0,0.0,0.0,0.0,0.0,0.0,0.0,0.0,0.0,0.0,0.0,0.0,2.796579122543335,0.0,0.0,0.0,0.0,10.341021537780762,0.0,0.0,9.332372665405273,0.0,0.0,0.0,0.0,0.0,0.0,0.0,0.0,0.0,0.0,0.0,0.0,0.0,0.0,0.0,0.0,0.0,6.6529436111450195,0.0,0.0,0.8604725003242493,0.0,0.0,0.0,0.0,0.0,0.0,0.0,0.0,0.0,0.0,25.574325561523438,0.0,0.0,0.0,0.0,0.0,0.0,0.0,0.0,0.0,0.0,15.589576721191406,15.07640266418457,0.0,0.0,0.0,0.0,0.0,0.0,20.780311584472656,0.0,1.5119884014129639,0.0,0.0,0.0,0.0,0.0,0.0,0.0,0.0,0.0,0.0,0.0,0.0,0.0,0.0,0.0,0.0,0.0,0.9785943627357483,0.0,0.0,27.72870635986328,0.0,0.0,0.0,0.0,7.57296085357666,0.0,0.0,0.0,0.9879913330078125,0.0,0.0,0.0,0.0,0.0,0.0,0.0,0.0,24.5657901763916,0.15464310348033905,0.0,0.0,0.0,0.0,0.0,0.0,0.0,0.0,0.0,0.0,0.0,0.0,0.0,13.249371528625488,0.0,0.0,0.15481090545654297,0.0,0.0,0.0,0.0,0.0,0.0,0.0,0.0,0.0,6.293054103851318,0.0,0.0,0.0,30.728851318359375,0.0,0.0,0.0,0.0,0.0,0.0,0.0,0.0,0.0,0.0,0.0,0.0,0.0,0.0,0.0,0.0,0.0,0.0,0.0,0.0,0.0,0.0,0.0,0.0,0.0,0.0,0.0,0.0,3.6899073123931885,0.6417960524559021,0.0,0.0,0.0,0.0,0.0,14.39493179321289,2.983302354812622,0.0,24.676538467407227,0.0,0.0,0.0,0.0,0.0,0.0,0.0,1.3092248439788818,0.0,11.184358596801758,6.803464889526367,0.0,2.1835877895355225,0.0,0.0,0.0,0.0,0.0,0.0,2.94233775138855,0.0,0.0,0.0,0.0,0.0,0.0,0.0,0.0,0.0,0.0,0.0,0.0,0.0,0.0,0.0,0.0,0.0,0.0,0.0,0.0,0.0,0.0,0.0,0.0,0.0,0.0,0.0,0.0,0.0,0.0,0.0,0.23515914380550385,0.0,0.0,0.0,0.0,0.0,0.0,0.0,0.0,0.0,0.0,0.0,0.0,0.0,0.0,0.0,0.0,0.03766448795795441,0.0,0.0,0.0,0.0,23.048311233520508,0.0,0.0,0.0,0.8203550577163696,0.0,0.0,0.0,0.0,0.0,32.70832824707031,0.0,0.0,5.527043342590332,0.0,0.0,0.0,0.0,0.0,9.97546672821045,0.0,0.0,0.0,0.0,0.0,0.0,0.0,0.0,0.0,6.8492231369018555,0.0,0.0,0.0,0.0,0.0,0.0,0.0,0.0,0.0,0.0,0.0,0.0,0.0,0.0,0.0,0.0,0.0,0.0,0.0,2.305858612060547,0.0,0.0,0.0,0.0,0.0,6.167060852050781,0.0,0.0,0.0,0.0,0.0,0.0,0.0,0.0,0.0,0.0,2.2143192291259766,0.0,11.215829849243164,0.0,18.882692337036133,10.462747573852539,0.0,0.0,0.0,0.0,0.0,0.0,0.0,2.048539638519287,0.0,0.0,0.0,0.0,0.0,0.0,0.0,0.0,0.0,0.0,0.0,0.0,0.0,0.0,0.0,0.0,0.0,0.0,0.0,0.0,0.0,0.0,0.0,0.0,0.0,0.0,19.47983741760254,0.0,0.0,0.0,0.0,4.275984764099121,0.0,0.0,0.0,0.0,0.0,0.0,0.0,0.0,0.0,0.0,0.0,0.0,0.0,0.0,0.0,0.0,0.0,0.0,0.0,0.0,0.0,36.97934341430664,0.0,0.0,0.0,0.0,0.0,0.0,20.759618759155273,0.0,0.0,0.0,0.0,0.0,0.0,0.0,0.0,0.0,0.0,20.616294860839844,0.0,0.0,0.0,0.0,21.814319610595703,13.946632385253906,0.0,0.0,0.0,0.0,20.1000919342041,7.1951494216918945,0.0,0.0,0.0,0.0,0.0,0.0,0.0,0.0,0.0,0.0,0.0,0.0,0.0,0.0,46.75815963745117,0.0,0.0,0.0,0.0,0.0,8.67165756225586,0.0,0.0,0.0,4.174117088317871,0.0,0.0,0.07877517491579056,0.0,0.0,0.0,0.0,0.0,0.0,0.0,0.6287854909896851,0.0,0.0,0.0,0.0,0.0,0.0,0.0,0.0,0.0,0.0,0.0,0.0,0.0,0.0,0.0,0.0,0.0,0.0,0.0,0.0,0.0,0.0,0.0,0.0,0.0,0.0,0.0,0.0,11.00334358215332,2.709289073944092,0.0,0.0,0.0,0.0,43.402008056640625,0.0,0.0,0.0,0.0,0.0,0.0,0.0,0.0,0.0,0.0,0.0,0.0,0.0,0.0,0.0,0.0,0.0,0.0,0.0,0.0,0.0,0.0,0.0,0.0,0.0,0.0,0.0,0.0,0.0,0.0,0.0,0.0,0.02804107964038849,0.0,0.0,0.0,0.0,0.0,0.0,0.0,21.83091163635254,0.0,0.0,0.0,0.0,0.0,0.0,0.0,0.0,0.0,0.0,0.0,12.93160629272461,0.0,0.0,0.0,0.0,0.0,5.367321968078613,0.0,0.0,0.0,0.0,0.0,0.0,0.0,0.0,0.0,0.0,0.0,0.0,0.0,8.727097511291504,0.0,0.0,0.0,0.0,0.0,0.0,0.0,0.0,0.0,0.0,2.862499475479126,1.8751109838485718,0.0,0.0,0.0,0.0,0.0,0.0,3.954469680786133,0.0,5.737943649291992,0.0,0.0,0.0,0.0,0.0,0.0,0.0,0.0,0.0,0.0,0.0,0.0,0.0,0.0,0.0,0.0,0.0,0.0,0.0,0.0,22.74373435974121,0.0,0.0,0.0,0.0,5.005563259124756,0.0,0.0,0.0,0.0,0.0,0.0,0.0,0.0,0.0,0.0,0.0,0.0,16.940914154052734,0.0,0.0,0.0,0.0,0.0,0.0,0.0,0.0,0.0,0.0,0.0,0.0,0.0,0.0,11.680171012878418,0.0,0.0,0.0,0.0,0.0,0.0,0.0,0.0,0.0,0.0,0.0,0.0,8.52196979522705,0.0,0.0,0.0,15.718290328979492,0.0,3.3792173862457275,0.0,0.0,0.0,0.0,0.0,0.0,0.0,0.0,0.0,0.0,0.0,0.0,0.0,0.0,0.0,0.0,0.0,0.0,2.236987829208374,0.0,0.0,0.0,0.0,1.930478811264038,0.0,0.0,35.04251480102539,4.741613388061523,3.9055094718933105,0.0,0.0,0.0,0.0,26.24217414855957,2.1979355812072754,0.0,2.066228151321411,0.0,0.0,0.0,0.0,0.0,1.0068467855453491,0.0,9.97109317779541,7.822035312652588,5.83185338973999,3.08526349067688,0.0,5.116102695465088,0.0,0.0,0.0,0.0,0.0,9.288742065429688,6.004400253295898,0.0,0.0,0.0,0.0,0.0,0.0,3.864208936691284,0.0,1.307415246963501,0.0,0.0,0.0,0.0,0.0,0.0,0.0,0.0,0.0,0.0,0.0,0.0,0.0,0.0,0.0,0.0,0.0,0.0,2.6366336345672607,0.0,0.0,0.0,0.0,0.0,0.0,0.0,9.355650901794434,0.0,0.0,0.0,0.0,0.0,0.0,0.0,0.0,0.0,0.0,0.0,0.0,0.0,0.0,0.0,0.0,0.0,12.12389087677002,4.173054218292236,0.0,0.0,21.86611557006836,0.0,0.0,0.0,0.0,0.0,40.893707275390625,0.0,0.0,1.6391972303390503,0.0,0.0,0.0,0.0,0.0,32.346622467041016,0.0,0.0,0.0,18.35906410217285,0.0,0.0,0.0,0.0,0.0,4.154743671417236,0.0,0.0,0.0,0.0,0.0,0.0,0.0,0.0,0.0,0.0,0.0,0.0,0.0,0.0,13.065486907958984,0.0,0.0,0.0,0.0,0.0,0.0,0.0,0.0,0.0,5.359724521636963,6.7695159912109375,0.0,0.0,0.0,0.0,0.0,0.0,0.0,0.0,0.0,0.0,6.592442035675049,0.0,9.93284797668457,0.0,22.000532150268555,22.65609359741211,0.0,0.0,0.0,0.0,0.0,0.0,0.0,1.1574794054031372,0.0,0.0,3.0828192234039307,0.0,0.0,0.0,0.0,0.0,0.0,0.0,0.0,0.0,5.128453254699707,0.0,0.0,0.0,0.0,0.0,0.0,0.0,2.4445881843566895,0.0,0.0,0.0,0.0,0.0,29.405670166015625,0.0,0.0,0.0,0.0,13.299726486206055,0.0,0.0,0.0,0.0,0.0,0.0,0.0,0.0,0.0,0.0,0.0,0.0,0.0,0.0,0.0,0.0,0.0,0.0,0.0,0.0,0.0,46.676700592041016,4.1485276222229,6.39504337310791,0.0,0.0,0.0,0.0,19.884492874145508,0.0,0.0,0.0,0.0,0.0,0.0,0.0,0.0,0.0,0.0,0.0,0.0,0.0,0.0,0.0,35.774452209472656,0.0,0.0,0.0,0.0,0.0,50.281158447265625,7.675136566162109,0.0,0.0,0.0,0.0,0.0,0.0,0.0,0.0,0.0,0.0,0.0,0.0,0.0,0.0,51.8289680480957,0.0,0.0,0.0,0.0,0.0,24.84848403930664,0.0,0.0,0.37936535477638245,0.0,0.0,0.0,5.173006534576416,0.0,0.0,0.0,0.0,0.0,0.0,4.905237674713135,0.0,0.0,0.0,2.893320083618164,0.0,5.36848258972168,1.0267198085784912,0.0,0.0,0.0,0.0,0.0,0.0,0.0,0.0,0.0,0.0,0.0,0.0,0.0,0.0,0.0,0.0,0.0,0.0,0.0,0.0,3.3853743076324463,0.0,17.3760986328125,2.3556973934173584,0.0,0.0,0.0,0.0,45.992252349853516,0.0,12.19573974609375,0.0,0.0,0.0,0.0,0.0,0.0,0.0,0.0,0.0,0.0,0.0,0.9721194505691528,7.381247043609619,0.0,0.0,0.0,0.0,0.0,0.0,0.0,0.0,0.0,0.0,0.0,0.0,0.0,0.0,0.0,0.0,0.0,6.871929168701172,0.0,2.069577693939209,0.0,0.0,0.0,0.0,0.0,31.529539108276367,4.141508102416992,0.0,0.0,0.0,0.0,0.0,0.0,0.0,20.530527114868164,0.0,0.0,25.98614501953125,0.0,0.0,0.0,0.0,0.0,0.0,0.0,0.0,0.0,0.0,0.0,0.0,0.0,0.0,0.0,0.0,0.0,0.0,6.180659294128418,0.30594417452812195,0.0,0.0,6.6770920753479,0.0,6.076852321624756,0.0,0.0,6.978512287139893,0.0,0.0,0.0,0.0,0.0,0.0,0.0,0.0,0.0,0.0,0.0,0.0,0.0,0.0,0.0,0.0,0.0,0.0,7.06369161605835,0.0,0.0,0.0,0.0,0.0,19.069120407104492,0.0,0.0,0.0,0.0,0.0,0.0,0.0,0.0,34.64228820800781,0.0,0.0,0.0,0.0,0.0,0.0,0.0,0.0,0.0,0.0,0.0,0.0,0.0,3.8100404739379883,0.0,0.0,0.0,13.649518013000488,0.0,0.0,0.0,0.0,0.0,0.0,0.0,8.359487533569336,0.0,0.0,0.0,0.0,0.0,0.0,19.19125747680664,4.669329643249512,0.0,5.402815818786621,0.0,0.0,0.0,0.0,0.0,0.0,0.0,0.0,1.1244587898254395,3.023059368133545,0.0,0.0,0.0,0.0,0.0,1.1830227375030518,0.0,0.0,0.0,0.0,0.0,0.0,0.0,0.0,0.0,0.0,2.188356399536133,0.0,0.0,0.0,0.0,0.0,0.0,0.0,0.0,0.0,0.0,0.0,0.0,0.0,0.0,4.229379177093506,26.295028686523438,3.45141863822937,28.01819610595703,0.0,5.586854934692383,0.0,0.0,2.031803607940674,0.0,7.989498615264893,0.0,0.0,0.0,0.0,0.0,0.0,0.0,28.67588996887207,0.27965083718299866,1.1999424695968628,4.112926006317139,0.0,0.0,0.0,0.0,0.0,0.0,0.0,0.0,16.65915298461914,0.0,0.0,0.0,0.0,0.0,0.0,0.0,0.0,0.0,3.0060434341430664,0.0,0.0,0.0,0.0,0.0,0.0,0.0,0.0,0.0,0.0,0.0,0.0,11.296083450317383,10.628669738769531,0.0,0.0,0.0,0.0,6.0569586753845215,12.744861602783203,0.0,0.0,0.0,0.0,0.0,0.0,14.382904052734375,0.0,0.0,0.0,0.0,0.0,0.0,0.8352579474449158,0.0,0.0,0.0,0.0,0.0,0.0,0.0,0.0,6.591224670410156,0.0,1.7250596284866333,19.65385627746582,0.0,0.0,6.720113754272461,0.0,0.0,0.0,0.0,0.0,0.0,0.0,0.0,0.0,0.0,0.0,0.0,0.0,0.0,28.614900588989258,0.0,0.0,0.0,13.09855842590332,0.0,0.0,0.0,0.0,0.0,0.0,0.0,0.0,0.0,0.0,0.0,0.0,0.0,0.0,0.0,0.0,30.25343894958496,0.0,0.0,0.0,2.7586560249328613,4.389162540435791,0.0,0.0,0.0,0.0,0.0,0.0,0.0,0.0,5.140888690948486,0.0,0.0,0.0,0.0,0.0,0.0,0.0,0.0,0.0,0.0,0.0,0.0,0.0,4.490578651428223,0.0,0.45466136932373047,0.0,0.0,6.744126319885254,0.0,0.0,0.378964900970459,0.5795467495918274,0.0,0.0,0.0,0.0,3.0001988410949707,0.0,0.0,0.0,0.0,0.0,0.0,0.0,0.0,0.0,19.121273040771484,0.0,0.0,0.0,0.0,0.0,0.0,0.0,0.0,0.0,0.0,0.0,0.0,0.0,14.43937873840332,0.0,0.0,0.0,0.0,10.388836860656738,9.600518226623535,0.0,0.0,0.0,0.0,0.0,0.0,0.0,0.0,0.0,0.0,0.0,24.516536712646484,0.0,0.0,0.0,9.695157051086426,0.0,0.0,3.1806299686431885,0.0,1.0370632410049438,0.0,7.375534534454346,0.0,0.0,0.0,0.0,0.0,0.0,0.0,0.0,0.0,0.0,0.0,0.0,4.262290954589844,0.0,0.0,0.0,0.0,0.0,11.161263465881348,0.0,0.0,0.0,0.0,0.0,0.0,0.0,42.642356872558594,0.0,0.0,0.0,0.0,5.485544681549072,0.0,0.0,0.0,0.0,0.0,0.0,0.0,3.085406541824341,0.0,0.0,0.0,0.0,9.136115074157715,0.0,3.8717691898345947,0.0,16.828975677490234,0.0,0.0,10.925310134887695,0.0,0.0,0.0,0.0,0.0,0.0,0.0,0.0,0.0,0.0,14.168855667114258,0.0,0.0,0.0,1.3654495477676392,0.0,0.0,1.439396858215332,0.0,19.956958770751953,0.0,0.0,0.0,35.85541534423828,5.037247180938721,2.785844087600708,0.0,0.0,0.0,0.0,0.0,0.0,0.0,0.0,0.0,0.0,0.0,0.0,3.408060312271118,0.0,21.904783248901367,6.050453186035156,0.0,0.0,0.0,0.0,37.345420837402344,0.0,0.0,0.0,0.0,0.0,0.0,0.0,0.0,0.0,0.0,0.0,0.0,0.0,0.0,6.861345291137695,0.0,0.0,0.0,0.0,0.0,0.0,11.294440269470215,0.0,0.04792892932891846,0.0,0.0,0.0,0.0,0.0,0.0,0.0,0.0,0.0,0.0,14.249052047729492,0.0,0.0,0.0,0.0,0.0,0.5851485133171082,4.4600701332092285,0.0,10.936471939086914,0.0,0.0,0.0,0.0,0.0,48.09248733520508,0.0,0.0,0.0,0.0,0.0,10.580399513244629,0.0,0.0,0.0,0.0,0.0,0.0,0.0,0.0,0.0,0.0,0.0,0.0,0.0,0.0,0.0,0.0,0.0,0.7383689880371094,0.0,0.0,0.0,0.0,0.0,0.0,11.76621150970459,0.0,0.0,0.0,0.0,0.0,0.0,0.0,0.0,0.0,0.0,0.0,19.97275733947754,0.0,0.0,0.0,0.0,0.0,0.0,30.276691436767578,0.0,0.0,0.0,0.0,0.0,36.27786636352539,2.120180130004883,0.0,0.0,0.0,0.0,0.0,0.0,0.0,16.726327896118164,0.0,0.0,0.0,0.0,13.405416488647461,0.0,0.0,0.0,0.0,0.0,0.0,0.0,0.0,4.9000563621521,0.0,0.0,0.0,12.486392974853516,0.0,9.47957992553711,17.37095069885254,5.945550441741943,0.0,0.0,0.0,8.238271713256836,0.0,1.2291083335876465,0.0,0.0,0.0,0.0,2.5370655059814453,0.0,0.0,0.0,0.0,0.0,0.0,0.0,0.0,0.0,0.0,0.0,0.0,0.08925977349281311,0.0,0.0,0.0,0.0,0.0,0.0,3.345217704772949,0.0,0.0,0.0,0.0,0.0,0.0,0.0,0.0,0.0,0.5019474029541016,0.0,0.0,0.0,0.0,0.0,0.0,0.0,0.0,0.0,0.0,0.0,0.0
n000455_2.jpg,0.0,0.0,0.0,0.0,50.93997573852539,0.0,0.0,0.0,87.12164306640625,0.0,0.0,0.0,0.0,0.0,0.0,0.0,0.0,18.726083755493164,0.0,0.0,0.0,0.0,0.0,0.0,0.0,0.0,0.0,7.239023208618164,0.0,0.0,0.0,0.0,0.0,6.467911243438721,0.0,0.0,0.0,0.0,0.0,0.0,0.0,9.512503623962402,0.0,0.0,23.256717681884766,0.0,0.0,8.777628898620605,0.0,0.0,0.0,0.0,0.0,0.0,15.916967391967773,7.310374736785889,0.0,0.0,0.0,0.0,0.0,0.0,0.0,0.0,0.0,0.0,3.3048603534698486,0.0,0.0,0.0,0.0,0.0,0.0,2.731390953063965,0.0,0.0,0.0,3.4247255325317383,0.0,0.0,5.9613471031188965,0.0,1.7865396738052368,0.0,0.0,0.0,0.0,0.0,0.0,0.0,0.0,0.0,0.0,0.0,0.0,0.0,0.0,0.0,0.0,0.0,66.8355712890625,0.0,0.0,0.0,20.151472091674805,15.556387901306152,0.0,0.0,0.0,0.0,0.0,30.684452056884766,0.0,25.951778411865234,0.0,13.864747047424316,0.0,0.0,1.2809967994689941,0.0,0.0,0.0,0.0,0.0,0.0,0.0,0.0,0.0,0.0,0.0,0.0,0.0,0.0,0.0,0.0,0.0,0.0,0.0,5.761343002319336,0.0,0.0,0.0,0.0,0.0,0.0,0.0,0.0,0.0,0.0,0.0,0.0,76.65965270996094,0.0,0.0,0.0,11.304586410522461,0.0,0.0,12.896299362182617,0.0,0.0,0.0,0.0,0.0,0.0,0.0,0.0,0.0,0.0,0.0,0.0,0.0,0.0,0.0,0.0,0.0,0.0,0.0,0.0,0.0,0.0,0.0,0.0,25.10402488708496,3.371574640274048,0.0,0.0,0.0,0.0,2.7194831371307373,0.0,0.0,0.0,0.0,27.34566307067871,0.0,0.0,0.0,0.0,0.0,0.5412999391555786,0.0,0.0,0.0,0.0,8.09089469909668,0.0,0.0,0.0,0.0,0.0,3.5468013286590576,0.0,0.0,0.0,0.0,0.0,0.0,31.29189109802246,2.7336044311523438,0.0,0.0,0.0,0.0,0.0,0.0,0.0,0.0,0.0,0.0,0.0,0.0,0.0,0.0,0.0,0.0,0.0,0.0,1.910740613937378,0.0,0.0,0.0,0.0,0.0,0.0,0.0,0.0,0.0,0.0,0.0,0.0,0.0,8.831008911132812,0.0,0.0,0.0,4.224490642547607,0.0,0.0,0.0,0.0,0.0,0.0,0.0,0.0,0.0,0.0,0.0,0.0,0.0,0.0,0.0,0.0,0.0,0.0,0.0,0.0,0.0,0.0,0.0,0.0,0.0,0.0,0.0,0.0,0.0,0.0,0.0,0.0,0.0,0.0,0.0,0.0,0.0,0.0,0.0,0.0,0.0,0.0,0.0,0.0,0.0,0.0,0.0,0.0,0.0,0.0,0.0,0.0,0.0,0.0,0.0,0.0,12.76344108581543,0.0,13.72888469696045,0.0,0.0,9.219597816467285,0.0,0.0,11.890395164489746,0.0,12.60930061340332,0.0,5.209054946899414,0.0,0.0,0.0,0.0,0.0,0.0,0.0,0.0,0.0,0.0,0.0,0.0,0.12452229857444763,0.0,0.0,29.479450225830078,0.0,0.0,0.0,0.0,35.815406799316406,0.0,0.0,0.0,0.0,0.0,0.0,0.0,0.0,10.957049369812012,7.003785133361816,0.0,0.0,0.0,0.0,0.0,0.0,0.0,34.71211242675781,0.0,47.40867614746094,0.0,0.0,0.0,0.0,30.803770065307617,0.0,0.0,0.0,0.0,0.0,0.0,15.512800216674805,0.0,6.556540012359619,0.0,0.0,0.0,0.0,0.0,0.0,0.0,0.0,0.0,1.1112799644470215,0.0,0.0,0.0,0.13047221302986145,0.0,0.0,0.0,0.0,0.0,0.0,2.250122308731079,5.534259796142578,30.333086013793945,23.732309341430664,30.352693557739258,0.0,0.0,0.0,6.901636600494385,0.0,0.0,0.0,11.62232780456543,0.0,0.0,0.0,5.584834098815918,0.0,0.0,0.0,0.0,0.0,0.0,0.0,0.0,36.37715530395508,0.0,0.0,0.0,0.0,0.0,0.0,0.0,0.0,0.0,64.18358612060547,0.5119120478630066,0.0,0.0,0.0,0.0,0.0,0.0,11.14621353149414,0.0,0.0,0.0,0.0,0.0,0.0,0.0,0.0,0.0,0.0,11.873418807983398,15.37997055053711,0.0,0.0,0.0,0.0,0.0,0.0,0.0,9.692304611206055,0.0,0.0,0.0,0.0,0.0,0.0,0.0,0.0,0.0,0.0,0.0,0.0,7.247294902801514,4.109158992767334,0.0,0.0,0.0,0.0,0.0,0.0,1.2508435249328613,0.0,0.0,0.0,0.0,12.307709693908691,0.0,0.0,0.0,0.0,0.0,0.0,0.0,0.0,0.0,0.0,0.0,0.0,0.0,0.0,0.0,0.0,0.0,0.0,0.0,0.0,0.0,0.0,0.0,0.0,0.0,54.625396728515625,4.979507923126221,0.0,0.0,80.77012634277344,0.0,0.0,0.0,0.0,0.0,0.0,0.0,0.0,15.216825485229492,0.0,0.0,0.0,0.0,0.0,0.0,0.0,0.0,0.0,13.563604354858398,0.0,0.0,0.0,0.0,0.0,29.17704200744629,0.0,0.0,0.0,0.0,0.0,0.0,0.0,0.0,0.0,0.0,35.7268180847168,0.0,0.0,17.11397933959961,0.0,0.0,0.0,0.0,0.0,0.0,9.496525764465332,15.978872299194336,0.0,0.0,0.0,0.0,0.0,0.0,0.0,9.043097496032715,4.327690601348877,0.0,14.154683113098145,0.0,0.0,0.0,0.0,0.0,0.0,0.0,0.0,0.0,0.0,7.065366744995117,0.0,0.0,0.0,0.0,2.560908079147339,0.0,0.0,0.0,0.0,0.0,0.0,0.0,0.0,0.0,0.0,0.0,0.0,0.0,0.0,0.0,0.0,0.0,57.75067138671875,0.0,1.3461506366729736,0.0,16.945573806762695,0.0,0.0,0.0,0.0,0.0,20.025962829589844,61.88794708251953,0.0,23.303918838500977,0.0,28.01881217956543,0.0,0.0,0.0,0.0,0.0,0.0,8.484321594238281,0.0,0.0,0.0,0.0,0.0,0.0,0.0,0.0,0.0,0.0,0.0,0.0,0.0,0.0,0.0,0.0,0.0,0.0,0.0,0.0,0.0,0.0,0.0,0.0,0.0,0.0,0.0,5.638599395751953,48.37269592285156,0.0,0.0,0.0,16.780099868774414,0.0,0.0,11.45496940612793,0.0,0.0,0.0,0.0,0.0,0.0,0.0,0.0,20.873275756835938,0.0,0.0,0.0,0.0,0.0,0.0,0.0,0.0,0.0,0.0,0.0,0.0,0.0,0.0,0.0,22.25424575805664,0.0,0.0,0.0,0.0,6.284764289855957,16.175159454345703,0.0,0.0,0.0,0.0,22.559457778930664,0.0,10.68682861328125,0.0,0.0,0.0,0.0,0.0,6.763283729553223,0.0,16.1724796295166,10.131484031677246,0.0,0.0,0.0,0.0,0.0,51.07704544067383,0.0,0.0,0.0,0.0,3.6629080772399902,0.0,29.319684982299805,0.0,0.0,0.0,10.14682674407959,0.0,0.0,0.0,0.0,0.0,0.0,0.0,0.0,0.0,0.0,7.647063255310059,0.0,0.0,0.0,0.0,0.0,0.0,0.0,0.0,0.0,0.0,0.0,0.0,0.0,0.0,0.0,20.661508560180664,0.0,0.0,45.131710052490234,0.0,9.779224395751953,25.3442325592041,0.0,0.0,0.0,0.0,0.0,0.0,0.0,0.0,0.0,0.0,0.0,0.0,0.0,0.0,0.0,0.0,0.0,0.0,0.0,0.0,0.0,0.0,0.0,0.0,0.0,13.472399711608887,0.0,0.0,4.648902893066406,0.0,0.0,0.0,0.0,0.0,0.0,0.0,0.0,0.0,0.0,25.068696975708008,0.0,0.0,0.0,0.0,0.0,0.0,0.0,0.0,0.0,0.0,1.758560061454773,0.0,0.0,0.0,0.0,1.244763731956482,0.0,22.288999557495117,0.0,0.0,0.0,0.0,1.0909582376480103,0.0,0.0,1.455712914466858,0.0,19.775585174560547,0.0,7.666575908660889,0.0,0.0,0.0,1.80685293674469,0.0,0.0,0.0,0.0,0.0,0.0,0.0,0.0,0.0,0.0,0.0,38.60331726074219,0.0,0.0,0.0,0.0,24.81670570373535,0.0,0.0,0.0,0.0,0.0,0.0,0.0,0.0,1.008820652961731,21.236074447631836,0.0,0.0,0.0,0.0,0.0,0.0,0.0,31.761028289794922,0.0,44.42470169067383,0.0,0.0,0.0,0.0,26.13558006286621,0.0,2.1861932277679443,0.0,2.94516658782959,0.0,0.0,23.48113250732422,0.0,6.44073486328125,0.0,0.0,0.0,0.0,0.0,0.0,2.571916341781616,0.0,6.615796089172363,0.0,0.0,0.0,0.0,5.198842525482178,0.0,0.0,0.0,0.0,0.0,0.0,0.0,0.0,13.95123291015625,32.6175537109375,39.71075439453125,0.0,0.0,0.0,8.036014556884766,0.0,0.0,0.0,0.0,0.0,0.0,0.0,1.457651972770691,0.0,0.0,0.0,2.9977405071258545,0.0,0.0,0.0,0.0,48.57608413696289,0.0,0.0,0.0,0.0,0.0,9.789738655090332,0.0,0.0,0.0,67.84590148925781,21.51602554321289,0.0,0.0,0.0,0.0,7.833480358123779,0.0,0.0,0.0,0.0,0.0,0.0,0.0,0.0,1.6847376823425293,0.0,0.0,0.0,5.99898624420166,11.061236381530762,0.0,0.0,0.0,0.0,0.0,0.0,0.0,0.06522539258003235,0.0,4.872754096984863,0.0,0.0,0.0,0.0,0.0,0.0,0.0,0.0,0.0,0.0,0.0,32.45855712890625,0.0,0.0,0.0,0.0,0.0,0.0,0.0,0.0,0.0,0.0,0.0,41.002525329589844,0.0,0.0,0.0,0.0,0.0,0.0,0.0,0.0,8.433393478393555,0.0,0.0,0.0,0.0,8.457832336425781,0.0,0.0,0.0,0.0,0.0,0.0,0.0,0.0,0.0,0.0,0.0,50.29799270629883,5.6830363273620605,0.0,0.0,72.2967529296875,0.0,0.0,0.0,0.0,0.0,0.0,0.0,0.0,12.085800170898438,0.0,0.0,0.0,0.0,0.0,0.0,0.0,0.0,0.0,0.0,0.0,0.0,0.0,0.0,0.0,51.28548049926758,0.0,0.0,0.0,0.0,0.0,0.0,0.0,0.0,0.0,0.0,0.0,0.0,0.0,0.0,0.0,0.0,0.0,0.0,0.0,0.0,0.0,2.325962781906128,0.0,0.0,0.0,0.0,0.0,0.0,0.0,0.0,0.0,1.9920488595962524,0.14450521767139435,0.0,0.0,0.0,0.0,0.0,0.0,0.0,0.0,0.0,0.0,0.0,0.0,0.0,0.0,0.0,0.0,0.0,0.0,0.0,0.0,0.0,0.0,0.0,0.0,0.0,0.0,0.0,0.0,0.0,0.0,0.0,0.0,0.0,38.363616943359375,0.0,0.0,0.0,0.6507159471511841,0.0,0.0,0.0,0.0,0.0,22.5982666015625,22.797887802124023,0.0,5.807766914367676,0.0,24.71510887145996,0.0,0.0,0.0,0.0,0.0,0.0,0.0,0.0,0.0,0.0,0.0,0.0,0.0,0.0,0.0,0.0,0.0,0.0,0.0,0.0,0.0,0.0,0.0,0.0,0.0,0.0,0.0,0.0,0.0,0.0,0.0,0.0,0.0,0.0,0.0,8.138315200805664,0.0,0.0,0.0,7.996423244476318,0.0,0.0,0.0,0.0,0.0,1.351420521736145,0.0,0.0,0.0,0.0,0.0,0.0,0.0,0.0,0.0,0.0,0.0,0.0,0.0,0.0,0.0,0.0,0.0,0.0,2.08304500579834,0.0,0.0,0.0,0.0,0.0,0.0,0.0,5.952140808105469,0.0,0.0,0.0,0.0,0.0,0.0,0.0,3.3771016597747803,0.0,0.0,0.0,0.0,0.0,0.0,0.0,10.171195983886719,0.0,0.0,0.0,0.0,0.0,0.0,34.40502166748047,0.0,0.0,0.0,0.0,0.0,0.0,0.0,9.311898231506348,0.0,0.0,16.79241180419922,0.0,0.0,0.0,0.0,0.0,0.0,0.0,0.0,0.0,0.0,0.7636853456497192,0.0,0.0,0.0,0.0,0.0,0.0,0.0,0.0,0.0,0.0,0.0,0.0,0.0,0.0,0.0,5.012106895446777,0.0,0.0,32.4734992980957,0.0,0.0,0.0,0.0,0.0,0.0,0.0,0.0,0.0,0.0,0.0,0.0,0.0,0.0,0.0,0.0,0.0,0.0,0.0,0.0,0.0,0.0,0.0,0.0,0.0,0.0,2.149603843688965,0.0,0.0,0.0,0.0,0.0,0.0,0.0,0.0,0.0,2.2635207176208496,0.0,3.1156837940216064,0.0,0.0,0.0,0.0,0.0,0.0,0.0,0.0,0.0,0.0,0.0,0.0,0.0,0.0,0.2294202744960785,0.0,0.0,0.0,0.0,0.0,0.0,0.0,0.0,0.0,0.0,0.0,0.0,0.0,0.0,2.3371949195861816,0.0,0.0,0.0,0.0,0.0,0.0,0.0,0.0,0.0,0.0,0.0,0.0,0.0,0.0,0.0,0.0,0.0,0.0,0.0,3.711514949798584,0.0,0.0,0.0,0.0,0.17372754216194153,0.0,0.0,0.0,0.0,0.0,0.0,0.0,0.0,0.0,5.575103759765625,0.0,0.0,0.0,0.0,0.0,0.0,0.0,0.0,0.0,17.197282791137695,0.0,0.0,0.0,0.0,20.445261001586914,0.0,7.078188896179199,0.0,6.134153366088867,0.0,0.0,16.50106430053711,0.0,3.747744083404541,0.0,0.0,0.0,0.0,0.0,0.0,0.0,0.0,6.374676704406738,0.0,0.0,0.0,0.0,7.909017562866211,0.0,0.0,0.0,0.0,0.0,0.0,0.0,0.0,0.0,0.0,7.279333114624023,0.0,0.0,0.0,0.0,0.0,0.0,0.0,20.388195037841797,0.0,0.0,0.0,0.0,0.0,0.0,0.0,0.0,0.0,0.0,0.0,0.0,0.0,0.0,0.0,0.0,0.0,0.0,0.0,0.0,0.0,0.0,63.49005126953125,0.0,0.0,0.0,0.0,0.0,2.0224523544311523,0.0,0.0,0.0,0.0,0.0,0.0,0.0,0.0,0.0,0.0,0.0,0.0,13.929414749145508,0.0,0.0,0.0,0.0,0.0,0.0,0.0,0.0,0.0,0.0,0.009806618094444275,0.0,0.0,0.0,0.0,0.0,0.0,0.0,0.0,0.0,0.0,0.0,32.15342330932617,0.0,0.0,0.0,0.0,0.0,0.0,0.0,0.0,0.0,0.0,0.0,6.260144233703613,0.0,0.0,0.0,0.0,0.0,0.0,0.0,0.0,0.0,0.0,0.0,0.0,0.0,9.751193046569824,0.0,0.0,0.0,0.0,0.0,0.0,0.0,0.0,0.0,0.0,0.0,14.907941818237305,9.355667114257812,0.0,0.0,58.10873031616211,0.0,0.0,0.0,0.0,0.0,0.0,0.0,0.0,0.0,0.0,0.0,0.0,0.0,0.0,0.0,0.0,0.0,0.0,0.0,0.0,0.0,0.0,0.0,0.0,20.414058685302734,0.0,0.0,0.0,0.0,0.0,0.0,0.0,0.0,0.0,0.0,1.2125719785690308,0.0,0.0,0.0,0.0,0.0,0.0,0.0,0.0,0.0,0.0,0.0,0.0,0.0,0.0,0.0,0.0,0.0,0.0,0.0,0.0,0.0,0.0,0.0,0.0,0.0,0.0,0.0,0.0,0.0,0.0,0.0,0.0,0.0,0.0,0.0,0.0,0.0,0.0,0.0,0.0,0.0,0.0,0.0,0.0,0.0,2.4237329959869385,0.0,0.0,0.0,0.0,0.0,0.0,0.0,0.0,0.0,0.0,0.0,0.0,0.0,0.0,0.0,0.0,0.0,0.0,0.0,5.322744846343994,0.0,0.0,0.0,0.0,2.6843209266662598,0.0,0.0,0.0,0.0,0.0,0.0,0.0,0.0,0.0,0.0,0.0,0.0,0.0,0.0,0.0,0.0,0.0,0.0,0.0,0.0,0.0,0.0,0.0,0.0,0.0,0.0,0.0,0.0,0.0,0.0,0.0,0.0,0.0,0.0,0.0,0.0,0.0,0.0,0.0,0.0,0.0,0.0,0.0,0.0,0.0,8.402795791625977,0.0,0.0,0.0,0.0,0.0,0.0,0.0,0.0,0.0,0.0,0.0,0.0,0.0,0.0,0.0,0.0,0.0,0.0,8.685626983642578,0.0,0.0,0.0,0.0,0.0,0.0,0.0,0.0,0.0,0.0,0.0,0.0,0.0,0.0,0.0,0.0,0.0,0.0,0.0,0.0,0.0,0.0,0.0,0.0,0.0,0.0,0.0,0.0,0.0,0.0,0.0,0.0,0.0,0.0,0.0,0.0,0.0,0.0,0.0,0.0,0.0,11.036758422851562,0.0,0.0,0.0,0.0,0.0,0.0,0.0,0.0,0.0,0.0,0.0,0.0,0.0,0.0,0.0,0.0,0.0,0.0,0.0,0.0,0.0,0.0,0.0,0.0,0.0,0.0,0.0,0.0,0.0,0.0,0.0,0.0,0.0,0.0,0.0,0.0,0.0,0.0,0.0,0.0,0.0,0.0,0.0,0.0,0.0,0.0,0.0,0.0,0.0,0.0,0.0,0.0,0.0,0.0,0.0,0.0,0.0,0.0,0.0,0.0,0.0,0.0,0.0,0.0,0.0,0.0,1.0201181173324585,0.0,0.0,0.0,0.0,0.0,0.0,0.0,3.7172393798828125,0.0,0.0,0.0,0.0,0.0,0.0,0.0,0.0,0.0,0.0,0.0,0.0,0.0,0.0,0.0,0.0,0.0,0.0,0.0,0.0,0.0,0.0,0.0,0.0,0.0,0.0,0.0,0.0,0.0,0.0,0.0,0.0,0.0,0.0,0.0,0.0,0.0,0.0,0.0,0.0,0.0,0.0,0.0,0.0,0.0,0.0,0.0,0.0,0.0,0.0,0.0,0.0,0.0,0.0,0.0,0.0,0.0,0.0,0.0,0.0,0.0,0.0,0.0,0.0,0.0,0.0,0.0,0.0,0.0,0.0,0.0,0.0,0.0,9.137215614318848,0.0,0.0,0.0,0.0,0.0,0.0,0.0,0.0,0.0,0.0,0.0,0.0,0.0,0.0,0.0,0.0,0.0,0.6500638723373413,0.0,0.0,0.0,0.0,0.0,0.0,0.0,0.0,0.0,0.0,0.0,0.0,0.0,0.0,0.0,0.0,0.0,0.0,0.0,0.0,0.0,0.0,0.0,23.505325317382812,0.0,0.0,0.0,0.0,0.0,0.0,0.0,0.0,0.0,0.0,0.0,0.0,0.0,0.0,0.0,0.0,0.0,0.0,0.0,0.0,0.0,0.0,56.6860237121582,0.0,0.0,0.0,0.0,0.0,0.0,0.0,0.0,0.0,0.0,0.0,0.0,0.0,0.0,0.0,0.0,0.0,0.0,8.717347145080566,0.0,0.0,0.0,0.0,0.0,0.0,0.0,0.0,0.0,0.0,0.0,0.0,0.0,0.0,0.0,0.0,0.0,0.0,0.0,0.0,0.0,0.0,5.275439739227295,0.0,0.0,0.0,0.0,0.0,0.0,0.0,0.0,0.0,0.0,0.0,0.0,0.0,0.0,0.0,0.0,0.0,0.0,0.0,0.0,0.0,0.0,0.0,0.0,0.0,0.0,0.0,0.0,0.0,0.0,0.0,0.0,0.0,0.0,0.0,0.0,0.0,0.0,11.494369506835938,0.0,0.0,63.92803192138672,0.0,0.0,0.0,0.0,0.0,0.0,0.0,0.0,0.0,0.0,0.0,0.0,0.0,0.0,0.0,0.0,0.0,0.0,0.0,0.0,0.0,0.0,0.0,0.0,21.54254913330078,0.0,0.0,0.0,0.0,0.0,0.0,0.0,0.0,0.0,0.0,43.4468879699707,0.0,0.0,0.0,0.0,0.0,0.0,0.0,0.0,0.0,0.0,0.0,0.0,0.0,0.0,0.0,0.0,0.0,0.0,0.0,0.0,0.0,0.0,0.0,0.0,0.0,0.0,0.0,0.0,0.0,0.0,0.0,0.0,0.0,0.0,0.0,0.0,0.0,0.0,0.0,0.0,0.0,0.0,0.0,0.0,0.0,1.8642256259918213,0.0,0.0,0.0,0.0,0.0,0.0,0.0,0.0,0.0,0.0,0.0,0.0,0.0,0.0,0.0,0.0,0.0,0.0,0.0,16.068445205688477,0.0,0.0,6.45762825012207,0.0,7.067737102508545,0.0,0.0,0.0,0.0,0.0,0.0,0.0,0.0,0.0,0.0,0.0,0.0,0.0,0.0,0.0,0.0,0.0,0.0,0.0,0.0,0.0,0.0,0.0,0.0,0.0,0.0,0.0,0.0,0.0,0.0,0.0,0.0,0.0,0.0,0.0,0.0,0.0,0.0,0.0,0.0,0.0,0.0,0.0,0.0,0.0,0.0,0.0,0.0,0.0,0.0,0.0,0.0,0.0,0.0,0.0,0.0,0.0,0.0,0.0,0.0,0.0,0.0,0.0,0.0,0.0,0.0,0.0,0.0,0.0,0.0,0.0,0.0,11.303791999816895,14.04462718963623,0.0,0.0,0.0,0.0,0.0,0.0,0.0,0.0,0.0,0.0,0.0,0.0,0.0,0.0,0.0,0.0,0.0,0.0,0.0,0.0,0.0,0.0,0.0,0.0,0.0,0.0,0.0,0.0,0.0,0.0,0.0,0.0,0.0,0.0,0.0,0.0,0.0,0.0,0.0,0.0,0.0,0.0,0.0,0.0,0.0,0.0,0.0,0.0,0.0,0.0,0.0,0.0,7.333886623382568,0.0,0.0,0.0,0.0,0.0,0.0,0.0,0.0,0.0,17.084148406982422,0.0,0.0,0.0,0.0,0.0,0.0,0.0,0.0,0.0,0.0,0.0,0.0,0.0,0.0,0.0,0.0,0.0,0.0,0.0,0.0,0.0,0.0,0.0,0.0,0.0,0.0,0.0,0.0,0.0,0.0,0.0,0.0,0.0,0.0,0.0,0.0,0.0,0.0,0.0,0.0,0.0,0.0,0.0,0.0,0.0,0.0,0.0,0.0,0.0,0.0,0.0,0.0,0.0,0.0,0.0,0.0,0.0,0.0,0.0,0.0,0.0,0.0,0.0,0.0,0.0,0.0,0.0,0.0,0.0,0.0,0.0,0.0,0.0,0.0,0.0,0.0,0.0,0.0,0.0,0.0,0.0,0.0,0.0,0.0,0.0,0.0,0.0,0.0,0.0,0.0,0.0,0.0,0.0,0.0,0.0,0.0,0.0,0.0,0.0,0.0,0.0,0.0,0.0,0.0,0.0,0.0,0.0,0.0,0.0,0.0,0.0,0.0,0.0,0.0,0.0,0.0,0.0,0.0,6.346046447753906,0.0,0.0,0.0,0.0,0.0,0.0,0.0,0.0,0.0,0.0,0.0,0.0,0.0,0.0,0.0,0.0,0.0,8.707612037658691,0.0,0.0,0.0,0.0,0.0,0.0,0.0,0.0,0.0,0.0,0.0,0.0,0.0,0.0,0.0,0.0,0.0,0.0,0.0,0.0,0.0,0.0,0.0,21.71115493774414,0.0,0.0,0.0,0.0,0.0,0.0,0.0,0.0,0.0,0.0,0.0,0.0,0.0,0.0,0.0,0.0,0.0,0.0,0.0,0.0,0.0,0.0,78.93704986572266,0.0,0.0,0.0,0.0,0.0,0.0,0.0,0.0,0.0,0.0,0.0,0.0,0.0,0.0,0.0,0.0,0.0,0.0,17.790000915527344,0.0,0.0,0.0,0.0,0.0,0.0,0.0,0.0,0.0,0.0,0.0,0.0,0.0,0.0,0.0,0.0,0.0,0.0,0.0,0.0,0.0,0.0,0.6646625995635986,0.0,0.0,0.0,0.0,0.0,0.0,0.0,0.0,0.0,0.0,0.0,0.0,0.0,0.0,0.0,0.0,0.0,0.0,0.0,0.0,0.0,0.0,0.0,0.0,0.0,0.0,0.0,0.0,0.0,0.0,0.0,0.0,0.0,0.0,0.0,0.0,0.0,22.378135681152344,0.0,0.0,0.0,52.93065643310547,0.0,0.0,0.0,0.0,0.0,0.0,0.0,0.0,26.86602210998535,0.0,0.0,0.0,0.0,0.0,0.0,0.0,0.0,0.0,0.0,0.0,0.0,0.0,0.0,0.0,36.087501525878906,0.0,0.0,0.0,0.0,0.0,0.0,0.0,0.0,0.0,0.0,44.594913482666016,0.0,0.0,0.0,0.0,0.0,0.0,0.0,0.0,0.0,22.438962936401367,0.0,0.0,0.0,0.0,0.0,0.0,0.0,0.0,0.0,0.0,0.0,2.971400499343872,0.0,0.0,0.0,0.0,0.0,0.0,0.0,0.0,0.0,0.0,0.0,0.0,0.0,0.0,0.0,0.0,0.0,0.0,0.0,0.0,0.0,0.0,0.0,0.0,0.0,0.0,0.0,0.0,0.0,0.0,0.0,0.0,0.0,36.07898712158203,0.0,0.0,0.0,0.0,0.0,0.0,0.0,0.0,0.0,10.115803718566895,32.978248596191406,0.0,1.404418706893921,0.0,15.57925796508789,0.0,0.0,0.0,0.0,0.0,0.0,0.0,0.0,0.0,0.0,0.0,0.0,0.0,0.0,0.0,0.0,0.0,0.0,0.0,0.0,0.0,0.0,0.0,0.0,0.0,0.0,0.0,0.0,0.0,0.0,0.0,0.0,0.0,0.0,0.0,21.89824867248535,0.0,0.0,0.0,12.284724235534668,0.0,0.0,0.0,0.0,0.0,0.0,0.0,0.0,0.0,0.055575404316186905,0.0,0.0,0.0,0.0,0.0,0.0,0.0,0.0,0.0,0.0,0.0,0.0,0.0,0.0,0.0,0.0,0.0,0.0,0.0,0.0,0.0,0.0,19.465545654296875,19.763757705688477,0.0,0.0,0.0,0.0,0.0,0.0,21.181093215942383,0.0,0.0,0.0,0.0,0.0,8.333908081054688,0.0,0.0,12.600058555603027,0.0,0.0,0.0,0.0,0.0,0.0,0.0,0.0,0.0,0.0,0.0,0.0,0.0,16.13501739501953,18.8011417388916,0.0,0.0,0.0,0.0,0.0,0.0,0.0,0.0,0.0,0.0,0.0,0.0,0.0,0.0,0.0,0.0,0.0,0.0,0.0,0.0,0.0,9.873530387878418,0.0,0.0,0.0,0.0,0.0,0.0,0.0,0.0,0.0,20.003841400146484,0.0,0.0,0.0,0.0,0.0,0.0,0.0,0.0,0.0,0.0,0.0,0.0,0.0,0.0,0.0,0.0,0.0,0.0,0.0,0.0,0.0,0.0,0.0,0.0,0.0,0.0,0.0,0.0,0.0,0.0,0.0,0.0,0.0,0.0,0.0,0.0,0.0,0.0,0.0,0.0,0.0,0.0,0.0,0.0,0.0,0.0,0.0,0.0,0.0,0.0,0.0,0.0,0.0,0.0,0.0,0.0,0.0,0.0,0.0,0.0,0.0,0.0,0.0,0.0,0.0,0.0,0.0,0.0,0.0,0.0,0.0,0.0,0.0,0.0,0.0,0.0,0.0,0.0,0.0,0.0,0.0,1.6554702520370483,0.0,0.0,0.0,0.0,0.0,0.0,4.444432258605957,0.0,0.0,0.0,0.0,0.0,0.0,0.0,0.0,0.0,0.0,0.0,0.0,0.0,0.0,3.498021125793457,0.0,0.0,0.0,0.0,0.0,0.0,0.0,0.0,0.0,0.0,0.0,0.0,0.0,0.0,9.467113494873047,0.0,0.0,0.0,0.0,0.0,0.0,0.0,0.0,5.899560928344727,0.0,0.0,0.0,0.0,0.0,0.0,0.0,0.0,22.173255920410156,0.0,0.0,0.0,0.0,0.0,0.0,0.0,0.0,0.0,0.0,0.0,0.0,0.0,0.0,0.0,4.7878007888793945,0.0,0.0,0.0,0.0,0.0,0.0,0.0,1.535800814628601,0.0,0.0,0.0,0.0,0.0,0.0,0.0,0.0,0.0,0.0,0.0,0.0,0.0,0.0,0.0,0.0,0.0,0.0,0.0,0.0,0.0,0.0,76.88513946533203,0.0,0.0,0.0,0.0,0.0,0.0,0.0,0.0,0.0,0.0,0.0,0.0,0.0,0.0,5.384856700897217,0.0,0.0,0.0,24.751766204833984,3.523686647415161,0.0,0.0,0.0,0.0,0.0,0.0,0.13484320044517517,0.0,0.0,0.0,0.0,0.0,0.0,0.0,0.0,0.0,0.0,0.0,0.0,0.0,0.0,0.0,0.0,0.0,0.0,0.0,0.0,0.0,0.0,0.0,0.0,0.0,0.0,0.0,0.0,0.0,0.0,0.0,0.0,0.0,0.0,0.0,0.0,0.0,0.0,0.0,0.0,0.0,0.0,0.0,0.0,0.0,0.0,0.0,0.0,0.0,0.0,0.0,0.0,42.9282112121582,0.0,0.0,0.0,26.470333099365234,0.0,0.0,0.0,0.0,0.0,0.0,0.0,0.0,29.08047103881836,0.0,0.0,0.0,4.887748718261719,0.0,0.0,4.119246959686279,0.0,0.0,0.0,0.0,0.0,0.0,0.0,0.0,40.68757629394531,0.0,0.0,11.796735763549805,0.0,0.0,0.0,0.0,0.0,0.0,0.0,15.936461448669434,0.0,0.0,0.0,0.0,0.0,0.0,0.0,0.0,0.0,22.497690200805664,1.2317869663238525,0.0,0.0,0.0,0.0,0.0,0.0,0.0,10.027693748474121,0.0,0.0,0.0,0.0,0.0,0.0,0.0,0.0,0.0,23.619386672973633,0.0,0.0,0.0,0.6598079800605774,0.0,0.0,2.4670116901397705,14.446266174316406,0.0,0.0,0.0,0.0,0.0,0.0,0.0,0.0,3.212196111679077,0.0,0.0,0.0,0.0,0.0,0.0,0.0,0.0,0.0,47.71269226074219,0.0,0.0,0.0,0.0,0.0,0.0,0.0,0.0,0.0,3.8645541667938232,53.136226654052734,0.0,0.0,0.0,16.24642562866211,0.0,0.0,0.0,0.0,0.0,0.0,0.0,0.0,0.0,0.0,0.0,0.0,0.0,0.0,0.0,0.0,0.0,0.0,0.0,0.0,0.0,0.0,0.0,0.0,0.0,0.0,10.183011054992676,0.0,0.0,0.0,0.0,0.0,0.0,0.0,9.997133255004883,18.623464584350586,0.0,0.0,0.0,15.075246810913086,0.0,0.7279136180877686,0.0,0.0,0.0,0.0,0.0,0.0,0.0,0.0,0.0,0.0,0.0,0.0,12.8321533203125,0.0,0.0,0.0,0.0,0.0,0.0,0.0,0.0,0.0,0.0,0.0,0.0,3.803051233291626,0.0,0.0,0.0,0.0,14.555598258972168,0.0,0.0,0.0,0.0,0.0,0.0,0.0,27.810195922851562,0.0,7.777987957000732,0.0,0.0,0.0,13.03446102142334,0.0,9.742856979370117,21.518718719482422,0.0,0.0,0.0,3.573596239089966,0.0,0.0,0.6123783588409424,0.0,0.0,0.0,0.0,0.0,7.065874099731445,13.191149711608887,20.80510711669922,0.0,0.0,0.0,0.0,0.0,0.0,0.0,0.0,0.0,0.0,0.983717143535614,0.0,0.0,0.0,0.0,0.0,0.0,0.0,0.0,0.0,0.0,0.0,0.0,0.0,3.576629877090454,0.0,0.0,9.371655464172363,0.0,0.0,0.0,7.689720630645752,0.0,5.3724846839904785,0.0,0.0,0.0,0.0,0.0,0.0,0.0,0.0,0.0,0.0,0.0,0.0,0.0,0.0,5.951663017272949,0.0,0.0,0.0,0.0,0.0,0.0,4.739681243896484,0.0,3.730600118637085,0.0,0.0,14.64042854309082,0.0,0.0,0.0,0.0,0.0,0.0,0.0,0.0,1.7677204608917236,0.0,0.0,17.246227264404297,2.1762828826904297,13.85303783416748,0.0,0.0,0.0,0.0,0.0,0.0,0.0,0.0,0.0,0.0,0.0,0.0,0.0,0.0,0.0,0.0,0.0,8.002402305603027,0.0,0.0,0.0,0.0,0.0,0.0,0.0,9.99872875213623,0.0,0.0,0.0,4.948387622833252,0.0,0.0,0.0,0.0,0.0,0.0,0.0,0.0,0.0,0.0,0.0,0.0,0.37137654423713684,13.226461410522461,0.0,3.3274292945861816,0.0,0.0,0.0,0.0,0.0,15.278339385986328,0.0,0.0,0.0,0.0,0.0,0.0,0.0,0.0,8.29065227508545,0.0,0.0,0.0,0.0,0.0,0.0,0.0,12.21607494354248,0.0,1.609961986541748,0.0,0.0,0.0,0.0,2.8291115760803223,0.0,0.0,0.0,0.0,0.0,0.0,0.0,0.0,0.0,0.0,0.0,0.0,0.0,0.0,0.0,1.1124343872070312,0.0,16.049413681030273,0.0,0.0,1.0869730710983276,0.0,2.2801172733306885,0.0,0.0,0.0,0.0,0.0,0.0,0.0,0.8425554037094116,0.0,5.744401931762695,0.0,0.0,0.0,0.0,0.4624808728694916,9.254947662353516,0.0,0.0,0.0,9.96562671661377,0.0,0.0,0.0,5.724133014678955,0.0,0.0,0.0,0.0,0.0,0.0,0.0,0.0,0.0,0.0,0.0,0.0,0.0,0.0,0.0,0.0,0.0,38.63459777832031,6.715929985046387,0.0,0.0,0.0,2.980689287185669,0.0,0.0,0.0,0.0,0.0,0.0,0.0,0.0,0.0,26.407955169677734,0.0,0.0,0.0,19.784225463867188,7.494599342346191,0.0,0.0,0.0,0.0,0.0,0.0,0.0,0.0,0.0,0.0,0.0,0.833436131477356,0.0,0.0,0.0,0.0,0.0,0.0,0.0,0.0,0.0,0.0,0.0,0.0,4.782290935516357,0.0,0.0,0.0,0.0,0.0,0.0,0.0,0.0,0.0,0.0,0.0,5.696267604827881,0.0,0.0,0.0,0.0,0.0,0.0,0.0,0.0,0.0,0.0,0.0,0.0,0.0,0.0,0.0,0.0,7.929962635040283,0.0,0.0,0.0,0.0,0.0,15.989474296569824,0.0,0.0,0.0,74.71874237060547,0.0,0.0,0.0,0.0,0.0,0.0,0.0,0.0,0.0,0.0,0.0,0.0,0.0,0.0,0.0,0.0,0.0,0.0,0.0,0.0,0.0,0.0,0.0,0.0,10.945709228515625,0.0,0.0,0.0,0.0,0.0,0.0,0.0,5.634541988372803,0.0,0.0,0.0,0.0,0.0,0.0,0.0,0.0,0.0,0.0,0.0,0.0,0.0,10.078145027160645,0.0,0.0,0.0,0.0,0.0,0.0,0.0,0.0,0.0,0.0,0.0,0.0,0.0,0.0,0.0,0.0,0.0,0.0,0.0,0.0,0.0,0.0,0.0,0.0,0.9069160223007202,0.0,0.0,0.0,0.0,0.0,0.0,0.0,0.0,0.0,0.0,0.0,0.0,0.0,0.0,0.0,0.0,0.0,0.0,0.0,79.14442443847656,0.0,0.0,0.0,0.0,13.545345306396484,0.0,0.0,0.0,0.0,20.3682918548584,0.0,0.0,23.009798049926758,0.0,0.0,0.0,0.0,0.0,0.0,0.0,0.0,0.0,0.0,0.0,0.0,0.0,0.0,0.0,0.0,0.0,0.0,0.0,0.0,0.0,0.0,0.0,0.0,0.0,0.0,0.0,0.0,0.0,0.0,0.0,0.0,0.0,0.0,0.0,9.04586124420166,0.0,35.452571868896484,0.0,0.0,0.0,6.678943157196045,0.0,0.0,0.0,0.0,0.0,0.0,0.0,0.0,0.0,2.0977184772491455,0.0,0.0,0.0,0.0,0.0,7.883942604064941,0.0,0.0,0.0,0.0,0.0,0.0,0.0,0.0,0.0,0.0,0.0,0.0,16.563255310058594,0.0,0.0,0.0,0.0,0.0,0.0,0.0,0.0,0.0,1.196303129196167,0.0,0.0,0.0,0.0,0.0,0.0,0.0,0.0,0.0,0.0,0.0,0.0,0.0,0.0,0.0,0.0,2.758331060409546,0.0,0.0,0.0,0.0,0.0,0.0,0.0,0.0,17.681005477905273,0.0,0.0,0.0,0.0,0.0,0.0,0.0,0.0,0.0,0.0,0.0,0.0,0.0,0.0,0.0,0.0,0.0,0.0,0.0,0.0,0.0,0.0,0.0,0.0,0.0,0.0,0.0,0.0,15.194852828979492,0.0,0.0,0.0,0.0,0.0,0.0,0.0,0.0,0.0,0.0,2.3209524154663086,0.0,0.0,0.0,0.0,0.0,0.0,0.0,0.0,0.0,0.0,0.0,0.0,0.0,0.0,0.0,0.0,0.0,0.0,0.0,0.0,0.0,0.0,0.0,0.0,0.0,0.0,0.0,0.0,0.0,0.0,0.0,0.0,0.0,0.0,0.0,0.0,0.0,0.0,0.0,0.0,0.0,0.0,0.0,0.0,0.0,0.0,0.0,0.0,0.0,0.0,0.0,0.0,0.0,0.0,0.0,0.0,0.0,5.045889377593994,0.0,0.0,4.444305419921875,0.0,0.0,0.0,0.0,0.0,0.0,0.0,0.0,0.0,0.0,0.0,0.0,0.0,0.0,0.0,0.0,0.0,0.0,0.0,2.64878249168396,0.0,0.0,0.0,0.0,1.5450907945632935,0.0,0.0,0.0,0.0,0.0,0.0,0.0,0.0,0.0,0.0,0.0,0.0,0.0,0.0,0.0,0.0,0.0,8.92353630065918,0.0,0.7877654433250427,0.0,0.0,0.0,0.0,17.8660831451416,0.0,0.0,0.0,0.0,0.0,0.0,0.2413368970155716,0.0,23.996089935302734,0.0,0.0,0.0,0.0,0.0,0.0,0.0,0.0,26.54271697998047,0.0,0.0,0.0,0.0,0.0,0.0,0.0,0.0,0.0,1.692145586013794,0.0,0.0,0.0,0.0,0.0,0.0,0.0,0.0,0.0,0.0,0.0,0.0,0.0,31.89720344543457,0.0,0.0,0.0,0.0,0.0,0.0,0.0,0.0,0.0,0.0,0.0,0.0,2.26863956451416,0.0,0.0,0.0,0.0,0.0,0.0,0.0,0.0,0.0,73.55303192138672,0.0,0.0,0.0,0.0,0.0,0.0,0.0,0.0,0.0,0.0,0.0,0.0,0.0,0.0,0.0,0.0,0.0,0.0,33.08940124511719,0.0,0.0,0.0,0.0,0.0,0.0,0.0,0.0,0.0,0.0,0.0,0.0,0.0,0.0,0.0,0.0,0.0,0.0,0.0,0.0,0.0,0.0,0.0,0.0,0.0,0.0,0.0,0.0,0.0,39.01752853393555,0.0,0.0,0.0,0.0,0.0,0.0,0.0,0.0,0.0,0.0,0.0,0.0,0.0,0.0,0.0,0.0,0.0,0.0,0.0,0.0,0.0,0.0,0.0,0.0,0.0,0.0,0.0,0.0,0.0,0.0,22.540502548217773,0.0,0.0,0.0,62.06402587890625,0.0,0.0,0.0,0.0,0.0,0.0,0.0,0.0,0.0,0.0,0.0,0.0,29.858760833740234,0.0,0.0,0.0,0.0,0.0,0.0,0.0,0.0,0.0,0.0,0.0,14.237937927246094,0.0,0.0,0.0,0.0,0.0,0.0,0.0,0.0,0.0,0.0,10.841328620910645,0.0,0.0,0.0,0.0,0.0,0.0,0.0,0.0,0.0,0.0,9.198894500732422,0.0,0.0,0.0,0.0,0.0,0.0,0.0,0.0,0.0,0.0,8.468165397644043,0.0,0.0,0.0,0.0,0.0,0.0,0.0,0.0,0.0,0.0,0.0,0.0,5.340879917144775,0.0,0.0,0.0,0.0,0.0,0.0,0.0,0.0,0.0,0.0,1.585920810699463,0.0,0.0,0.0,0.0,0.0,11.815250396728516,0.0,0.0,0.0,62.97188186645508,0.0,0.0,0.0,0.0,0.0,0.0,0.0,0.0,0.0,0.27179601788520813,32.257938385009766,0.0,27.769351959228516,0.0,0.0,0.0,0.0,0.0,0.0,0.0,0.0,0.0,0.0,0.0,0.0,0.0,0.0,0.0,0.0,0.0,0.0,0.0,0.0,0.0,0.0,0.0,0.0,0.0,0.0,0.0,0.0,0.0,0.0,0.0,0.0,0.0,0.0,0.0,0.0,0.0,6.5497541427612305,0.0,0.0,9.08448600769043,23.68663787841797,0.0,0.0,0.0,0.0,0.0,0.0,0.0,0.0,0.0,0.0,0.0,35.396392822265625,0.0,0.0,0.0,1.7172040939331055,0.0,0.0,0.0,0.0,0.0,0.0,0.0,0.0,0.0,0.0,0.0,0.0,11.4437894821167,0.0,0.0,0.0,0.0,6.621015548706055,0.0,0.0,0.0,0.0,0.0,0.0,0.0,0.0,32.945823669433594,0.0,0.0,0.0,0.0,0.0,0.0,0.0,0.0,0.0,0.0,0.0,0.0,30.76158332824707,0.0,0.0,0.0,0.0,31.765092849731445,0.0,0.0,0.0,11.915878295898438,0.0,0.0,0.0,0.0,0.0,0.0,0.0,20.919118881225586,0.0,0.0,0.0,0.0,15.885337829589844,0.0,0.0,0.0,0.0,0.0,0.0,0.0,0.0,0.0,0.0,0.0,0.0,0.0,0.0,0.0,37.255985260009766,0.0,0.0,11.881847381591797,0.0,0.0,3.7985403537750244,0.0,0.0,0.0,0.0,0.0,0.0,0.0,0.0,0.0,0.0,0.0,0.0,0.0,0.0,0.0,0.0,0.0,0.0,7.162908554077148,0.0,0.0,0.0,0.0,0.0,0.0,0.0,0.0,0.0,22.420324325561523,0.0,30.653478622436523,0.0,0.0,0.0,0.0,0.0,0.0,0.0,0.0,0.0,0.0,0.0,0.0,0.0,0.0,0.0,0.0,0.0,0.0,0.0,0.0,0.0,0.0,0.0,0.0,0.0,0.0,0.0,0.0,0.0,0.0,0.0,2.4925053119659424,0.0,0.0,4.882497787475586,0.0,0.0,0.0,0.0,0.0,0.0,0.0,0.0,0.0,0.0,0.0,0.0,0.0,0.0,0.0,0.0,0.0,0.0,0.0,5.493793964385986,0.0,0.0,0.0,0.0,0.0,0.0,0.0,0.0,0.0,0.0,0.0,0.0,0.0,0.0,0.0,0.0,0.0,0.0,0.0,0.0,0.0,0.0,3.0633909702301025,0.0,0.0,0.0,0.0,0.0,0.0,0.0,0.0,0.0,0.0,0.0,0.0,0.0,9.8335542678833,0.0,29.845951080322266,0.0,0.0,8.725676536560059,0.0,0.0,0.0,0.0,0.0,20.61286163330078,0.0,0.0,0.0,0.0,0.0,0.0,0.0,0.0,0.0,0.0,0.0,0.0,0.0,0.0,14.574223518371582,6.8942742347717285,0.0,39.15337371826172,0.0,0.0,0.0,0.0,0.0,9.381546020507812,0.0,0.0,0.0,0.0,0.0,0.0,0.0,0.11509266495704651,0.0,0.0,0.0,0.0,12.101812362670898,0.0,0.0,0.0,0.0,0.0,0.0,0.0,0.0,0.0,69.60637664794922,27.878849029541016,0.0,0.0,0.0,0.0,31.35668182373047,0.0,0.0,0.0,0.0,0.0,0.0,0.0,0.0,0.0,0.0,0.0,0.0,15.39639663696289,0.0,0.0,0.0,0.0,0.0,0.0,0.0,0.0,0.0,0.0,0.0,0.0,0.0,0.0,0.0,0.0,0.0,0.0,0.0,0.0,0.0,0.0,5.506068706512451,0.0,0.0,0.0,0.0,0.0,0.0,0.0,7.770298480987549,0.0,0.0,0.0,15.733378410339355,0.0,0.0,0.0,0.0,0.0,0.0,0.0,0.0,16.076736450195312,0.0,0.0,0.0,0.0,18.86241912841797,0.0,0.0,0.0,0.0,0.0,0.0,0.0,0.0,0.0,0.0,0.0,0.0,0.0,0.0,0.0,26.21767234802246,0.0,0.0,0.0,0.0,0.0,0.0,0.0,0.0,0.0,0.0,0.0,0.0,38.862205505371094,0.0,0.0,0.0,0.0,0.0,0.0,0.0,0.0,0.0,0.0,0.0,31.024017333984375,0.0,0.0,0.0,0.0,0.0,0.0,0.0,0.0,0.0,0.0,0.0,0.0,0.0,0.0,0.0,0.0,0.0,0.0,0.0,0.0,0.0,0.0,2.8677783012390137,0.0,0.0,0.0,0.0,0.0,0.0,0.0,0.0,0.0,21.44934844970703,0.0,0.0,0.0,0.0,0.0,0.0,0.0,0.0,0.0,0.0,0.0,0.0,0.0,0.0,0.0,30.255949020385742,0.0,0.0,0.0,0.0,0.0,0.0,0.0,0.0,0.0,0.0,0.0,0.0,0.0,0.0,0.0,0.0,0.0,47.2669677734375,0.0,0.0,0.0,0.0,0.0,0.0,0.0,0.0,0.0,0.0,0.0,0.0,25.728879928588867,0.0,0.0,0.0,0.0,0.0,0.0,0.0,0.0,0.0,0.0,0.0,0.0,0.0,0.0,0.0,0.0,0.0,0.0,0.0,0.0,0.0,0.0,0.0,0.0,0.0,0.0,0.0,0.0,0.0,0.0,0.0,0.0,0.0,0.0,0.0,0.0,0.0,0.0,0.0,0.0,0.0,6.775213241577148,0.0,0.0,0.0,0.0,0.0,0.0,0.0,0.0,0.0,0.0,0.0,0.0,0.0,0.0,0.0,0.0,0.0,0.0,0.0,0.0,0.0,0.0,0.0,0.0,0.0,0.0,0.0,0.0,0.0,0.0,0.0,0.0,0.0,0.0,0.0,0.0,0.0,0.0,0.0,0.0,0.0,0.0,0.0,0.0,0.0,0.0,0.0,0.0,0.0,0.0,0.0,0.0,0.0,0.0,0.0,4.883679389953613,0.0,0.0,0.0,0.0,15.41707992553711,0.0,0.0,0.0,3.899113655090332,0.0,0.0,0.0,0.0,0.0,0.0,0.0,0.0,0.0,16.040977478027344,0.0,0.0,11.758639335632324,0.0,0.0,0.0,0.0,0.0,0.0,0.0,0.0,4.915928840637207,0.0,0.0,0.0,0.0,0.0,0.0,15.711418151855469,0.0,0.0,0.0,0.0,0.0,0.0,0.0,0.0,0.0,0.0,0.0,0.0,0.0,0.0,0.0,0.0,0.0,0.0,0.0,0.0,0.0,0.0,0.0,0.0,0.0,0.0,0.0,0.0,0.0,0.0,0.0,0.0,0.0,0.0,20.600942611694336,0.0,10.10905647277832,0.0,0.0,0.0,0.0,0.0,0.0,0.0,0.0,0.0,0.0,0.0,0.0,0.0,0.0,0.0,0.0,0.0,0.0,0.0,0.0,0.0,0.0,0.0,0.0,0.0,0.0,0.0,0.0,0.0,0.0,0.0,0.0,0.0,0.0,0.0,0.0,0.0,0.0,0.0,0.0,0.0,0.0,0.0,0.0,0.0,0.0,0.0,0.0,0.0,0.0,0.0,0.0,0.0,0.0,0.0,0.0,0.0,0.0,0.0,0.0,0.0,0.0,0.0,0.0,0.0,13.6204195022583,0.0,0.0,0.0,0.0,0.0,0.0,0.0,0.0,0.0,0.0,0.0,0.0,0.0,0.0,0.0,0.0,0.0,0.0,0.0,0.0,0.0,0.0,0.0,0.0,0.0,0.0,0.0,23.286502838134766,0.0,0.0,0.0,0.0,0.0,0.0,0.0,0.0,0.7019357681274414,0.0,0.0,0.0,0.0,0.0,0.0,0.0,0.0,0.0,0.0,0.0,0.0,0.0,0.0,0.0,0.0,0.0,6.441161632537842,0.0,0.0,0.0,0.0,0.0,0.0,0.0,0.0,0.0,0.0,0.0,0.0,0.0,0.0,0.0,0.0,0.0,0.0,0.0,0.0,0.0,0.0,0.0,0.0,0.0,3.7936575412750244,0.0,0.0,65.04737854003906,0.0,0.0,0.0,0.0,0.0,9.319192886352539,0.0,0.0,0.0,0.0,0.0,0.0,0.0,0.0,0.0,0.0,0.0,0.0,0.0,0.0,0.0,0.0,0.0,0.0,0.0,0.0,0.0,0.0,0.0,0.0,0.0,0.0,0.0,0.0,0.0,0.0,0.0,0.0,0.0,0.0,0.0,5.9148030281066895,0.0,0.0,0.0,0.0,0.0,0.0,0.0,0.0,0.0,0.0,0.0,0.0,0.0,0.0,0.0,0.0,0.0,0.0,0.0,0.0,0.0,0.0,0.0,0.0,0.0,29.03941535949707,0.0,0.0,0.0,0.0,0.0,0.0,0.0,0.0,0.0,0.0,0.0,0.0,0.0,0.0,0.0,0.0,0.0,0.0,0.0,0.0,0.0,0.0,0.0,0.0,0.0,0.0,0.0,0.0,0.0,0.0,0.0,0.0,0.0,0.0,0.0,0.0,0.0,0.0,0.0,0.0,9.6151704788208,0.0,0.0,0.0,0.0,0.0,0.0,0.0,0.0,0.0,0.0,0.0,0.0,0.0,0.0,0.0,0.0,0.0,0.0,0.0,0.0,0.0,0.0,0.0,0.0,0.0,0.0,0.0,0.0,0.0,0.0,0.0,0.0,0.0,0.0,0.0,0.0,0.0,0.0,0.0,0.0,0.0,0.0,0.0,0.0,0.0,0.0,0.0,0.0,27.511327743530273,0.0,0.0,0.0,0.0,0.0,0.0,0.0,0.0,0.0,0.0,0.0,0.0,0.0,0.0,0.0,0.0,0.0,0.0,0.0,0.0,0.0,0.0,0.0,0.0,0.0,0.0,0.0,0.0,0.0,0.0,22.218284606933594,0.0,0.0,0.0,0.0,0.0,0.0,0.0,0.0,0.0,0.0,0.0,0.0,0.0,0.0,0.0,0.0,0.0,0.0,0.0,0.0,0.0,0.0,0.0,0.0,0.0,0.0,0.0,0.0,0.0,0.0,0.0,0.0,0.0,0.0,0.0,0.0,0.0,0.0,0.0,0.0,0.0,0.0,0.0,0.0,0.0,0.0,0.0,0.0,0.0,0.0,0.0,0.0,0.0,0.0,0.0,0.0,0.0,0.0,0.0,0.0,0.0,0.0,0.0,0.0,0.0,0.0,0.0,0.0,0.0,0.0,0.0,0.0,0.0,0.0,0.0,0.0,0.0,0.0,0.0,0.0,0.0,0.0,0.0,0.0,0.0,0.0,0.0,0.0,0.0,0.0,0.0,0.0,0.0,0.0,0.0,0.0,0.0,0.0,0.0,0.0,0.0,0.0,0.0,0.0,0.0,0.0,0.0,0.0,0.0,0.0,0.0,0.0,0.0,0.0,0.0,0.0,12.847293853759766,0.0,0.0,0.0,0.0,0.0,0.0,0.0,0.0,0.0,0.0,0.0,0.0,0.0,0.0,0.0,0.0,0.0,0.0,0.0,0.0,0.0,0.0,0.0,0.0,0.0,0.0,0.0,0.0,0.0,0.0,0.0,0.0,0.0,0.0,0.0,0.0,0.0,0.0,0.0,0.0,0.0,0.0,0.0,0.0,0.0,0.0,0.0,0.0,0.0,0.0,0.0,0.0,0.0,0.0,0.0,0.0,0.0,0.0,0.0,0.0,0.0,0.0,0.0,0.0,0.0,0.0,0.0,0.0,0.0,0.0,0.0,0.0,0.0,0.0,0.0,0.0,0.0,0.0,0.0,0.0,0.0,0.0,0.0,0.0,0.0,0.0,0.0,0.0,0.0,0.0,0.0,0.0,0.0,0.0,0.0,0.0,0.0,0.0,0.0,0.0,0.0,0.0,0.0,0.0,0.0,0.0,0.0,0.0,0.0,0.0,0.0,0.0,0.0,0.0,0.0,0.0,0.0,0.0,0.0,0.0,0.0,14.438607215881348,0.0,0.0,0.0,0.0,0.0,0.0,0.0,0.0,0.0,0.0,0.0,0.0,0.0,0.0,0.0,0.0,0.0,0.0,0.0,0.0,0.0,0.0,0.0,0.0,0.0,0.0,0.0,8.417407035827637,0.0,0.0,0.0,0.0,0.0,0.0,0.0,0.0,0.0,0.0,0.0,0.0,0.0,0.0,0.0,0.0,0.0,0.0,0.0,0.0,0.0,0.0,0.0,0.0,0.0,0.0,0.0,0.0,0.0,0.0,0.0,0.0,0.0,0.0,0.0,0.0,0.0,0.0,0.0,0.0,0.0,0.0,0.0,0.0,0.0,0.0,0.0,0.0,0.0,0.0,0.0,0.0,0.0,0.0,0.0,43.13958740234375,0.0,0.0,0.0,0.0,0.0,0.0,0.0,0.0,0.0,0.0,0.0,0.0,0.0,0.0,0.0,0.0,0.0,0.0,0.0,0.0,0.0,0.0,0.0,0.0,0.0,0.0,0.0,0.0,0.0,0.0,0.0,0.0,0.0,0.0,0.0,0.0,0.0,0.0,0.0,0.0,0.0,0.0,0.0,0.0,0.0,0.0,0.0,0.0,0.0,0.0,0.0,0.0,0.0,0.0,0.0,0.0,0.0,0.0,0.0,0.0,0.0,0.0,0.0,0.0,0.0,0.0,0.0,2.162668466567993,0.0,0.0,0.0,0.0,0.0,0.0,0.0,0.0,0.0,0.0,0.0,0.0,0.0,0.0,0.0,0.0,0.0,0.0,0.0,0.0,0.0,0.0,0.0,0.0,0.0,0.0,0.0,0.0,0.0,0.0,0.0,0.0,0.0,0.0,0.0,0.0,0.0,0.0,0.0,0.0,0.0,0.0,0.0,0.0,0.0,0.0,0.0,0.0,0.0,0.0,0.0,0.0,0.0,0.0,0.0,0.0,0.0,0.0,0.0,0.0,0.0,0.0,0.0,0.0,0.0,0.0,0.0,0.0,0.0,0.0,0.0,0.0,0.0,0.0,0.0,0.0,0.0,0.0,0.0,0.0,0.0,0.0,0.0,0.0,0.0,0.0,0.0,0.0,0.0,0.0,0.0,0.0,0.0,0.0,0.0,0.0,0.0,0.0,0.0,0.0,0.0,0.0,0.0,0.0,0.0,0.0,0.0,0.0,0.0,0.0,0.0,0.0,0.0,0.0,0.0,0.0,0.0,0.0,0.0,0.0,22.826709747314453,0.0,0.0,0.0,0.0,0.0,0.0,0.0,0.0,0.0,0.0,0.0,0.0,0.0,0.0,0.0,0.0,0.0,0.0,0.0,0.0,0.0,0.0,0.0,0.0,0.0,0.0,0.0,0.0,0.0,0.0,0.0,0.0,0.0,0.0,0.0,0.0,0.0,0.0,0.0,8.78341293334961,0.0,0.0,0.0,0.0,0.0,0.0,0.0,0.0,0.0,0.0,0.0,0.0,0.0,0.0,0.0,0.0,0.0,0.0,0.0,0.0,0.0,0.0,0.0,0.0,0.0,0.0,0.0,0.0,0.0,0.0,0.0,0.0,0.0,0.0,0.0,0.0,0.0,0.0,0.0,0.0,0.0,0.0,0.0,0.0,0.0,0.0,0.0,0.0,0.0,0.0,0.0,0.0,0.0,0.0,0.0,0.0,0.0,0.0,0.0,0.0,0.0,0.0,0.0,0.0,0.0,0.0,12.296136856079102,0.0,0.0,0.0,0.0,0.0,0.0,0.0,0.0,0.0,0.0,0.0,0.0,0.0,0.0,0.0,0.0,0.0,0.0,0.0,0.0,0.0,0.0,0.0,0.0,0.0,0.0,0.0,0.0,0.0,0.0,0.0,0.0,0.0,0.0,0.0,0.0,0.0,0.0,0.0,0.0,0.0,0.0,0.0,0.0,0.0,0.0,0.0,0.0,0.0,0.0,0.0,0.0,0.0,0.0,0.0,0.0,0.0,0.0,0.0,0.0,0.0,0.0,0.0,0.0,0.0,0.0,0.0,0.0,0.0,0.0,0.0,0.0,0.0,0.0,0.0,0.0,0.0,0.0,0.0,0.0,0.0,0.0,0.0,0.0,0.0,0.0,0.0,0.0,0.0,0.0,0.0,0.0,0.0,0.0,0.0,0.0,0.0,0.0,0.0,0.0,0.0,0.0,0.0,0.0,0.0,0.0,0.0,0.0,0.0,0.0,0.0,0.0,0.0,0.0,0.0,0.0,0.0,0.0,0.0,0.0,0.0,0.0,0.0,0.0,0.0,0.0,0.0,0.0,0.0,0.0,0.0,0.0,0.0,0.0,0.0,0.0,0.0,0.0,0.0,0.0,0.0,0.0,0.0,0.0,0.0,0.0,0.0,0.0,0.0,0.0,0.0,0.0,0.0,0.0,0.0,0.0,0.0,0.0,0.0,14.644026756286621,0.0,0.0,0.0,0.0,0.0,0.0,0.0,0.0,0.0,0.0,0.0,0.0,0.0,0.0,0.0,0.0,0.0,0.0,0.0,0.0,0.0,0.0,0.0,0.0,0.0,0.0,0.0,0.0,0.0,0.0,0.0,0.0,0.0,0.0,0.0,0.0,0.0,0.0,0.0,0.0,0.0,0.0,0.0,0.0,0.0,0.0,0.0,0.0,0.0,0.0,0.0,0.0,0.0,0.0,0.0,57.280914306640625,0.0,0.0,0.0,0.0,0.0,0.0,0.0,0.0,0.0,0.0,0.0,0.0,0.0,0.0,0.0,0.0,0.0,0.0,0.0,0.0,0.0,0.0,0.0,0.0,0.0,0.0,0.0,0.0,0.0,0.0,0.0,0.0,0.0,0.0,0.0,0.0,0.0,0.0,0.0,0.0,0.0,0.0,0.0,0.0,0.0,0.0,0.0,0.0,0.0,0.0,0.0,0.0,0.0,0.0,0.0,0.0,0.0,0.0,0.0,0.0,0.0,0.0,0.0,0.0,0.0,0.0,0.0,0.0,0.0,0.0,0.0,0.0,0.0,0.0,0.0,0.0,0.0,0.0,0.0,0.0,0.0,0.0,0.0,0.0,0.0,0.0,0.0,0.0,0.0,0.0,0.0,0.0,0.0,0.0,0.0,0.0,6.876240253448486,0.0,0.0,0.0,0.0,0.0,0.0,0.0,0.0,0.0,0.0,0.0,0.0,0.0,0.0,0.0,0.0,0.0,0.0,0.0,0.0,0.0,0.0,0.0,0.0,0.0,0.0,0.0,0.0,0.0,0.0,0.0,0.0,0.0,0.0,0.0,0.0,0.0,0.0,0.0,0.0,0.0,0.0,0.0,0.0,0.0,0.0,0.0,0.0,0.0,0.0,0.0,0.0,0.0,0.0,0.0,0.0,0.0,0.0,0.0,0.0,0.0,0.0,0.0,0.0,0.0,0.0,0.0,0.0,0.0,0.0,0.0,0.0,0.0,0.0,0.0,0.0,0.0,0.0,14.418431282043457,0.0,0.0,0.0,0.0,0.0,0.0,0.0,0.0,0.0,0.0,0.0,0.0,20.82421875,0.0,0.0,0.0,0.0,0.0,0.0,0.0,0.0,0.0,0.0,0.0,0.0,0.0,0.0,0.0,0.0,0.0,0.0,0.0,0.0,0.0,0.0,0.0,0.0,0.0,0.0,0.0,0.0,0.0,0.0,0.0,0.0,0.0,0.0,0.0,0.0,0.0,0.0,0.0,2.1026341915130615,0.0,0.0,0.0,0.0,0.0,0.0,0.0,0.0,0.0,0.0,0.0,0.0,0.0,0.0,0.0,0.0,0.0,0.0,0.0,0.0,0.0,0.0,0.0,0.0,0.0,0.0,0.0,0.0,0.0,0.0,0.0,0.0,0.0,0.0,0.0,0.0,0.0,0.0,0.0,0.0,0.0,0.0,0.0,0.0,0.0,0.0,0.0,0.0,0.0,0.0,0.0,0.0,0.0,0.0,0.0,0.0,0.0,0.0,0.0,0.0,0.0,0.0,0.0,0.0,0.0,0.0,53.372283935546875,0.0,0.0,0.0,0.0,0.0,0.0,0.0,18.537601470947266,0.0,0.0,0.0,0.0,0.0,0.0,0.0,0.0,0.0,0.0,0.0,0.0,0.0,0.0,0.0,0.0,0.0,0.0,0.0,0.0,0.0,0.0,0.0,0.0,0.0,0.0,0.0,0.0,0.0,0.0,0.0,0.0,0.0,0.0,0.0,0.0,0.0,0.0,0.0,0.0,0.0,0.0,0.0,0.0,0.0,0.0,0.0,0.0,0.0,0.0,0.0,0.0,0.0,0.0,0.0,0.0,0.0,0.0,0.0,0.0,0.0,0.0,0.0,0.0,0.0,0.0,0.0,0.0,0.0,0.0,0.0,0.0,0.0,0.0,0.0,0.0,0.0,0.0,0.0,0.0,0.0,0.0,0.0,0.0,0.0,0.0,0.0,0.0,0.0,0.0,0.0,0.0,0.0,0.0,0.0,0.0,0.0,0.0,0.0,0.0,0.0,0.0,0.0,0.0,0.0,0.0,0.0,0.0,0.0,0.0,0.0,0.0,0.0,0.0,0.0,0.0,0.0,0.0,0.0,0.0,0.0,0.0,0.0,0.0,0.0,0.0,0.0,0.0,0.0,0.0,0.0,0.0,0.0,0.0,0.0,0.0,0.0,0.0,0.0,0.0,0.0,0.0,0.0,0.0,0.0,0.0,0.0,0.0,0.0,0.0,0.0,23.780689239501953,0.0,0.0,0.0,0.0,0.0,0.0,0.0,0.0,18.000085830688477,0.0,0.0,0.0,0.0,0.0,0.0,0.0,0.0,0.0,0.0,0.0,0.0,0.0,0.0,0.0,0.0,0.0,0.0,0.0,0.0,0.0,0.0,0.0,0.0,0.0,0.0,0.0,0.0,0.0,0.0,0.0,0.0,0.0,0.0,0.0,0.0,0.0,0.0,0.0,0.0,0.0,0.0,0.0,0.5999844670295715,0.0,0.0,74.11266326904297,0.0,0.0,0.0,0.0,0.0,0.0,0.0,0.0,0.0,0.0,0.0,0.0,0.0,0.0,0.0,0.0,0.0,0.0,5.496044635772705,0.0,0.0,0.0,0.0,0.0,0.0,0.0,0.0,0.0,0.0,0.0,0.0,0.0,0.0,0.0,0.0,0.0,0.0,0.0,0.0,0.0,0.0,0.0,0.0,0.0,0.0,0.0,0.0,0.0,0.0,0.0,0.0,0.0,0.0,0.0,0.0,0.0,0.0,0.0,0.0,0.0,0.0,0.0,0.0,0.0,0.0,0.0,0.0,11.86247730255127,0.0,0.0,0.0,0.0,0.0,0.0,0.0,0.0,0.0,0.0,0.0,7.551907539367676,0.0,0.0,0.0,0.0,0.0,0.0,0.0,0.0,0.0,0.0,0.0,0.0,0.0,0.0,0.0,0.0,0.0,0.0,0.0,0.0,0.0,0.0,0.0,0.0,0.0,0.0,0.0,0.0,18.627403259277344,0.0,0.0,0.0,0.0,0.0,0.0,0.0,0.0,0.0,0.0,0.0,0.0,0.0,0.0,0.0,0.0,0.0,0.0,0.0,0.0,0.0,0.0,0.0,0.0,0.0,0.0,0.0,0.0,0.0,0.0,0.0,0.0,0.0,0.0,0.0,0.0,0.0,0.0,0.0,0.0,0.0,0.0,0.0,0.0,0.0,0.0,0.0,0.0,0.0,0.0,0.0,0.0,0.0,0.0,0.0,0.0,0.0,0.0,0.0,0.0,0.0,0.0,2.217841625213623,0.0,0.0,0.0,41.17617416381836,0.0,0.0,0.0,0.0,0.0,0.0,0.0,0.0,0.0,0.0,0.0,0.0,0.0,0.0,0.0,0.0,0.0,0.0,0.0,0.0,0.0,0.0,0.0,0.0,0.0,0.0,0.0,0.0,0.0,0.0,0.0,0.0,0.0,0.0,0.0,0.0,0.0,0.0,0.0,0.0,0.0,0.0,0.0,0.0,0.0,0.0,0.0,0.0,0.0,0.0,0.0,0.0,0.0,0.0,0.0,0.0,0.0,0.0,0.0,0.0,0.0,0.0,0.0,0.0,0.0,0.0,0.0,0.0,0.0,0.0,0.0,0.0,0.0,0.0,0.0,0.0,0.0,0.0,0.0,0.0,0.0,0.0,0.0,0.0,0.0,0.0,0.0,0.0,0.0,0.0,0.0,0.0,0.0,0.0,0.0,0.0,0.0,0.0,0.0,0.0,0.0,0.0,0.0,0.0,0.0,0.0,0.0,0.0,0.0,0.0,0.0,0.0,0.0,0.0,0.0,0.0,0.0,0.0,0.0,49.72770690917969,0.0,0.0,0.0,0.0,0.0,0.0,0.0,0.0,0.0,0.0,0.0,0.0,0.0,0.0,0.0,0.0,0.0,0.0,0.0,0.0,0.0,0.0,0.0,0.0,0.0,0.0,0.0,0.0,0.0,0.0,0.0,0.0,0.0,0.0,0.0,0.0,0.0,0.0,0.0,0.0,0.0,0.0,0.0,0.0,0.0,0.0,0.0,0.0,0.0,0.0,0.0,0.0,0.0,0.0,0.0,0.0,0.0,0.0,0.0,0.0,0.0,0.0,0.0,0.0,0.0,0.0,0.0,0.0,0.0,0.0,0.0,0.0,0.0,0.0,0.0,0.0,0.0,0.0,0.0,0.0,0.0,0.0,0.0,0.0,0.0,0.0,0.0,0.0,0.0,0.0,0.0,0.0,0.0,0.0,0.0,0.0,0.0,0.0,0.0,0.0,0.0,0.0,0.0,0.0,0.0,0.0,0.0,0.0,0.0,0.0,0.0,0.0,0.0,0.0,0.0,0.0,0.0,0.0,0.0,0.0,0.0,0.0,0.0,0.0,0.0,0.0,0.0,0.0,0.0,0.0,0.0,0.0,0.0,0.0,0.0,0.0,0.0,0.0,0.0,0.0,0.0,0.0,0.0,0.0,0.0,0.0,0.0,0.0,0.0,0.0,0.0,0.0,0.0,0.0,0.0,0.0,0.0,0.0,0.0,0.0,0.0,0.0,0.0,0.0,0.0,0.0,0.0,0.0,50.073265075683594,0.0,0.0,0.0,0.0,0.0,0.0,0.0,0.0,0.0,0.0,0.0,0.0,0.0,0.0,0.0,0.0,0.0,0.0,0.0,0.0,0.0,0.0,0.0,0.0,0.0,0.0,0.0,0.0,0.0,0.0,0.0,0.0,0.0,0.0,0.0,0.0,0.0,0.0,0.0,0.0,0.06438162922859192,0.0,0.0,0.0,0.0,0.0,52.64259719848633,0.0,0.0,0.0,0.0,5.570221900939941,0.0,0.0,0.0,0.0,0.0,0.0,0.0,0.0,0.0,0.0,0.0,0.0,0.0,14.438776969909668,0.0,0.0,0.0,0.0,0.0,0.0,0.0,0.0,0.0,0.0,0.0,0.0,0.0,0.0,0.0,0.0,0.0,0.0,0.0,0.0,0.0,0.0,0.0,0.0,0.0,0.0,0.0,0.0,0.0,0.0,0.0,0.0,0.0,0.0,0.0,0.0,0.0,0.0,0.0,0.0,0.0,0.0,0.0,0.0,0.0,0.0,0.0,0.0,5.6316399574279785,0.0,0.0,0.0,0.0,0.0,0.0,0.0,0.0,0.0,0.0,0.0,0.0,0.0,0.0,0.0,6.829346179962158,0.0,0.0,0.0,0.0,0.0,0.0,0.0,0.0,0.0,0.0,0.0,0.0,0.0,0.0,0.0,0.0,0.0,0.0,0.0,0.0,0.0,0.0,0.0,0.0,0.0,0.0,0.0,0.0,0.0,0.0,0.0,0.0,0.0,0.0,0.0,0.0,0.0,0.0,0.0,0.0,0.0,0.0,0.0,0.0,0.0,0.0,10.2417631149292,0.0,0.0,0.0,0.0,0.0,0.0,0.0,0.0,0.0,0.0,0.0,0.0,0.0,0.0,0.0,0.0,0.0,0.0,0.0,0.0,0.0,0.0,0.0,0.0,0.0,0.0,0.0,0.0,0.0,0.0,0.0,0.0,0.0,0.0,0.0,0.0,0.0,0.0,0.0,0.0,0.0,0.0,0.0,0.0,8.601140975952148,0.0,0.0,0.0,0.0,0.0,0.0,0.0,0.0,0.0,0.0,0.0,0.0,30.601396560668945,0.0,0.0,0.0,0.0,0.0,0.0,0.0,0.0,0.0,0.0,0.0,0.0,0.0,0.0,0.0,0.0,0.0,0.0,0.0,0.0,0.0,0.0,0.0,0.0,0.0,0.0,0.0,0.0,0.0,0.0,0.0,0.0,0.0,0.0,0.0,0.0,0.0,0.0,40.03005599975586,0.0,0.0,0.0,0.0,0.0,0.0,0.0,0.0,0.0,0.0,0.0,0.0,0.0,0.0,0.0,0.0,0.0,0.0,0.0,0.0,0.0,0.0,0.0,0.0,0.0,0.0,0.0,0.0,0.0,0.0,0.0,0.0,0.0,0.0,0.0,0.0,0.0,0.0,0.0,0.0,0.0,0.0,0.0,0.0,0.0,0.0,0.0,0.0,0.0,0.0,0.0,0.0,0.0,0.0,0.0,0.0,0.0,0.0,0.0,0.0,0.0,0.0,0.0,0.0,0.0,0.0,0.0,0.0,0.0,0.0,0.0,0.0,0.0,0.0,0.0,10.47984504699707,0.0,0.0,0.0,0.0,0.0,0.0,0.0,0.0,0.0,0.0,0.0,0.0,0.0,0.0,0.0,0.0,0.0,0.0,0.0,0.0,0.0,0.0,0.0,0.0,0.0,0.0,0.0,0.0,0.0,0.0,0.0,0.0,0.0,0.0,0.0,0.0,0.0,0.0,0.0,0.0,0.0,0.0,0.0,0.0,0.0,0.0,0.0,0.0,0.0,0.0,0.0,0.0,0.0,0.0,0.0,0.0,0.0,0.0,0.0,0.0,0.0,0.0,0.0,0.0,0.0,0.0,0.0,0.0,0.0,0.0,0.0,0.0,0.0,0.0,0.0,0.0,0.0,0.0,0.0,0.0,0.0,0.0,0.0,0.0,0.0,0.0,0.0,0.0,0.0,0.0,0.0,0.0,5.0137786865234375,0.0,0.0,0.0,0.0,0.0,0.0,0.0,0.0,0.0,0.0,0.0,0.0,0.0,0.0,0.0,0.0,0.0,0.0,0.0,0.0,0.0,0.0,0.0,0.0,0.0,0.0,0.0,0.0,0.0,0.0,0.0,0.0,0.0,0.0,0.0,0.0,0.0,0.0,0.0,0.0,0.0,0.0,0.0,0.0,0.0,0.0,0.0,0.0,0.0,0.0,0.0,0.0,0.0,0.0,0.0,0.0,0.0,0.0,0.0,0.0,0.0,0.0,0.0,0.0,0.0,0.0,0.0,38.993080139160156,0.0,0.0,0.0,0.0,0.0,0.0,0.0,0.0,0.0,0.0,0.0,0.0,0.0,0.0,0.0,0.0,0.0,0.0,0.0,0.0,0.0,0.0,0.0,0.0,0.0,0.0,0.0,0.0,0.0,0.0,0.0,0.0,0.0,0.0,0.0,0.0,0.0,0.0,0.0,0.0,0.0,0.0,0.0,0.0,0.0,0.0,66.82115173339844,0.0,0.0,0.0,0.0,0.0,0.0,0.0,0.0,0.0,0.0,0.0,0.0,0.0,0.0,0.0,0.0,0.0,0.0,0.0,0.0,0.0,0.0,0.0,0.0,0.0,0.0,0.0,0.0,0.0,0.0,0.0,0.0,0.0,0.0,0.0,0.0,0.0,0.0,0.0,0.0,0.0,0.0,0.0,0.0,0.0,0.0,0.0,0.0,25.043800354003906,0.0,0.0,0.0,0.0,0.0,0.0,0.0,0.0,0.0,0.0,0.0,0.0,0.0,0.0,0.0,0.0,0.0,0.0,0.0,0.0,0.0,0.0,0.0,0.0,0.0,0.0,0.0,0.0,0.0,0.0,0.0,0.0,0.0,0.0,0.0,0.0,0.0,0.0,0.0,0.0,0.0,0.0,0.0,0.0,0.0,0.0,0.0,23.524017333984375,0.0,0.0,0.0,0.0,0.0,0.0,0.0,0.0,0.0,0.0,0.0,0.0,0.0,0.0,0.0,0.0,0.0,0.0,0.0,0.0,0.0,0.0,0.0,0.0,0.0,0.0,0.0,0.0,0.0,0.0,0.0,0.0,0.0,0.0,0.0,0.0,0.0,0.0,0.0,0.0,0.0,0.0,0.0,0.0,0.0,0.0,0.0,0.0,0.0,0.0,0.0,0.0,0.0,0.0,0.0,0.0,0.0,0.0,0.0,0.0,0.0,0.0,0.0,0.0,0.0,0.0,0.0,0.0,0.0,0.0,0.0,0.0,0.0,0.0,0.0,0.0,0.0,0.0,0.0,0.0,0.0,0.0,0.0,0.0,0.0,0.0,0.0,0.0,0.0,0.0,0.0,0.0,0.0,0.0,0.0,0.0,0.0,0.0,0.0,0.0,0.0,0.0,0.0,0.0,0.0,0.0,0.0,0.0,0.0,0.0,0.0,0.0,0.0,0.0,0.0,0.0,0.0,0.0,0.0,0.0,0.0,0.0,0.0,0.0,0.0,0.0,0.0,0.0,0.0,0.0,44.848628997802734,0.0,0.0,0.0,0.0,0.0,0.0,0.0,0.0,0.0,0.0,0.0,0.0,0.0,0.0,0.0,0.0,0.0,0.0,0.0,0.0,0.0,0.0,0.0,0.0,0.0,0.0,0.0,0.0,0.0,0.0,0.0,0.0,0.0,0.0,0.0,0.0,0.0,0.0,0.0,0.0,0.0,0.0,0.0,0.0,0.0,0.0,0.0,0.0,0.0,0.0,0.0,0.0,0.0,0.0,0.0,0.9007091522216797,0.0,0.0,0.0,0.0,0.0,0.0,0.0,0.0,0.0,0.0,0.0,0.0,0.0,0.0,0.0,0.0,0.0,0.0,0.0,40.13566589355469,0.0,0.0,0.0,0.0,0.0,0.0,0.0,0.0,0.0,0.0,0.0,0.0,0.0,0.0,0.0,0.0,0.0,0.0,0.0,0.0,0.0,0.0,0.0,0.0,0.0,0.0,0.0,0.0,0.0,0.0,0.0,0.0,0.0,0.0,0.0,0.0,0.0,0.0,0.0,0.0,0.0,0.0,0.0,0.0,0.0,0.0,0.0,0.0,0.0,0.0,0.0,0.0,0.0,0.0,0.0,0.0,0.0,0.0,0.0,0.0,0.0,0.0,0.0,0.0,0.0,0.0,0.0,0.0,0.0,0.0,0.0,0.0,0.0,0.0,0.0,0.0,0.0,0.0,0.0,0.0,0.0,0.0,0.0,0.0,0.0,0.0,0.0,0.0,0.0,0.0,0.0,0.0,28.920753479003906,0.0,0.0,0.0,0.0,0.0,0.0,0.0,0.0,0.0,0.0,0.0,0.0,0.0,0.0,0.0,0.0,0.0,0.0,0.0,0.0,0.0,0.0,0.0,0.0,0.0,0.0,0.0,0.0,0.0,0.0,0.0,0.0,0.0,0.0,0.0,0.0,0.0,0.0,0.0,0.0,0.0,0.0,0.0,0.0,0.0,0.0,0.0,0.0,0.0,0.0,0.0,0.0,0.0,0.0,0.0,0.0,0.0,0.0,0.0,0.0,0.0,0.0,0.0,0.0,0.0,0.0,0.0,0.4625025987625122,0.0,0.0,0.0,0.0,0.0,0.0,0.0,0.0,0.0,0.0,0.0,0.0,0.0,0.0,0.0,0.0,0.0,45.08271026611328,0.0,0.0,0.0,0.0,0.0,0.0,0.0,0.0,0.0,0.0,0.0,0.0,0.0,0.0,0.0,0.0,0.0,0.0,0.0,0.0,0.0,0.0,0.0,0.0,0.0,0.0,0.0,0.0,61.711639404296875,0.0,0.0,0.0,0.0,0.0,0.0,0.0,0.0,0.0,0.0,0.0,0.0,0.0,0.0,0.0,0.0,0.0,0.0,0.0,0.0,0.0,0.0,0.0,0.0,0.0,0.0,0.0,0.0,0.0,0.0,0.0,0.0,0.0,0.0,0.0,0.0,0.0,0.0,0.0,0.0,0.0,0.0,0.0,0.0,0.0,0.0,0.0,0.0,0.0,2.753507614135742,0.0,0.0,0.0,0.0,0.0,0.0,0.0,0.0,0.0,0.0,0.0,0.0,0.0,0.0,0.0,0.0,0.0,0.0,0.0,0.0,0.0,0.0,1.9976736307144165,0.0,0.0,0.0,0.0,0.0,0.0,0.0,0.0,0.0,0.0,0.0,0.0,0.0,0.0,0.0,0.0,0.0,0.0,0.0,0.0,0.0,0.0,0.0,31.378721237182617,0.0,0.0,0.0,0.0,0.0,0.0,0.0,0.0,0.0,0.0,0.0,0.0,0.0,0.0,0.0,0.0,0.0,0.0,0.0,0.0,0.0,0.0,0.0,0.0,0.0,0.0,0.0,0.0,0.0,0.0,0.0,0.0,0.0,0.0,9.347233772277832,0.0,0.0,0.0,0.0,0.0,0.0,0.0,0.0,0.0,0.0,0.0,0.0,0.0,0.0,0.0,0.0,0.0,0.0,0.0,0.0,0.0,0.0,0.0,0.0,0.0,0.0,0.0,0.0,0.0,0.0,0.0,0.0,0.0,0.0,0.0,0.0,0.0,0.0,0.0,0.0,0.0,0.0,0.0,0.0,0.0,0.0,0.0,0.0,0.0,0.0,0.0,0.0,0.0,0.0,0.0,0.0,6.5755839347839355,0.0,0.0,0.0,0.0,0.0,0.0,0.0,0.0,0.0,0.0,0.0,0.0,0.0,0.0,0.0,0.0,0.0,0.0,0.0,0.0,0.0,0.0,0.0,0.0,0.0,0.0,0.0,0.0,0.0,0.0,0.0,0.0,0.0,0.0,0.0,0.0,0.0,0.0,50.17853927612305,0.0,0.0,0.0,0.0,0.0,0.0,0.0,0.0,0.0,0.0,0.0,0.0,0.0,0.0,0.0,0.0,0.0,0.0,0.0,0.0,0.0,0.0,0.0,0.0,0.0,0.0,0.0,0.0,0.0,0.0,0.0,0.0,0.0,0.0,0.0,0.0,0.0,0.0,0.0,0.0,0.0,0.0,0.0,0.0,0.0,0.0,0.0,0.0,0.0,0.0,0.0,0.0,0.0,0.0,0.0,0.0,0.0,0.0,0.0,0.0,0.0,0.0,0.0,0.0,0.0,0.0,0.0,0.0,0.0,0.0,0.0,0.0,0.0,0.0,0.0,0.0,0.0,8.896831512451172,0.0,0.0,0.0,0.0,0.0,0.0,0.0,0.0,0.0,0.0,0.0,0.0,0.0,0.0,0.0,0.0,0.0,0.0,0.0,0.0,0.0,0.0,0.0,0.0,0.0,0.0,0.0,0.0,0.0,0.0,0.0,0.0,0.0,0.0,0.0,0.0,0.0,0.0,0.0,0.0,0.0,0.0,0.0,0.0,0.0,0.0,0.0,0.0,0.0,0.0,0.0,0.0,0.0,0.0,0.0,0.0,0.0,0.0,0.0,0.0,0.0,0.0,0.0,0.0,0.0,0.0,0.0,0.0,0.0,0.0,0.0,0.0,0.0,0.0,0.0,0.0,0.0,0.0,0.0,0.0,0.0,0.0,0.0,0.0,0.0,0.0,0.0,0.0,0.0,0.0,0.0,0.0,0.0,0.0,0.0,0.0,0.0,0.0,0.0,0.0,0.0,0.0,0.0,0.0,0.0,0.0,0.0,0.0,0.0,0.0,0.0,0.0,0.0,0.0,0.0,0.0,0.0,0.0,0.0,0.0,0.0,0.0,0.0,0.0,0.0,0.0,0.0,0.0,0.0,0.0,0.0,0.0,0.0,0.0,0.0,0.0,0.0,0.0,0.0,0.0,0.0,0.0,0.0,0.0,0.0,0.0,0.0,0.0,0.0,2.197192668914795,0.0,0.0,0.0,0.0,0.0,0.0,0.0,0.0,0.0,0.0,0.0,0.0,0.0,0.0,0.0,0.0,0.0,0.0,0.0,0.0,0.0,0.0,0.0,0.0,0.0,0.0,26.58755111694336,0.0,0.0,0.0,0.0,0.0,0.0,0.0,0.0,0.0,0.0,0.0,0.0,0.0,0.0,0.0,0.0,0.0,0.0,0.0,0.0,0.0,0.0,0.0,0.0,0.0,4.188028335571289,0.0,0.0,66.20077514648438,0.0,0.0,0.0,0.0,0.0,0.0,0.0,0.0,0.0,0.0,0.0,0.0,0.0,0.0,0.0,0.0,0.0,0.0,0.0,0.0,0.0,0.0,0.0,0.0,0.0,0.0,0.0,0.0,0.0,0.0,0.0,0.0,0.0,0.0,0.0,0.0,0.0,0.0,0.0,0.0,0.0,0.0,0.0,0.0,0.0,0.0,0.0,0.0,0.0,0.0,0.0,0.0,0.0,0.0,0.0,0.0,0.0,0.0,0.0,0.0,0.0,0.0,0.0,0.0,0.0,0.0,0.0,0.0,0.0,0.0,0.0,0.0,26.53156280517578,0.0,0.0,0.0,0.0,0.0,0.0,0.0,0.0,0.0,0.0,0.0,0.0,0.0,0.0,0.0,0.0,0.0,0.0,0.0,0.0,0.0,0.0,0.0,0.0,0.0,0.0,0.0,0.0,0.0,0.0,0.0,0.0,0.0,0.0,0.0,0.0,0.0,0.0,0.0,0.0,0.0,0.0,0.0,0.0,0.0,0.0,0.0,0.0,0.0,0.0,0.0,0.0,0.0,0.0,0.0,0.0,0.0,0.0,12.805134773254395,0.0,0.0,0.0,0.0,0.0,0.0,0.0,0.0,0.0,0.0,0.0,0.0,0.0,0.0,0.0,0.0,0.0,0.0,0.0,0.0,0.0,0.0,0.0,0.0,0.0,0.0,0.0,0.0,0.0,0.0,0.0,0.0,0.0,0.0,0.0,0.0,0.0,0.0,0.0,0.0,0.0,0.0,0.0,0.0,0.0,0.0,0.0,0.0,0.0,0.0,0.0,0.0,0.0,0.0,0.0,0.0,0.0,0.0,0.0,0.0,0.0,0.0,0.0,0.0,0.0,0.0,0.0,0.0,0.0,0.0,0.0,0.0,0.0,0.0,0.0,0.0,0.0,0.0,0.0,0.0,0.0,0.0,0.0,0.0,0.0,0.0,0.0,0.0,0.0,0.0,0.0,0.0,0.0,0.0,0.0,63.704566955566406,0.0,0.0,0.0,0.0,0.0,0.0,0.0,0.0,0.0,0.0,0.0,0.0,0.0,0.0,0.0,0.0,0.0,0.0,0.0,0.0,0.0,0.0,0.0,0.0,0.0,0.0,0.0,0.0,0.0,0.0,0.0,0.0,0.0,0.0,0.0,0.0,0.0,0.0,0.0,0.0,0.0,0.0,0.0,0.0,0.0,0.0,0.0,0.0,0.0,0.0,0.0,0.0,0.0,0.0,0.0,0.0,0.0,0.0,0.0,0.0,0.0,0.0,0.0,0.0,0.0,0.0,0.0,0.0,0.0,0.0,0.0,0.0,0.0,0.0,0.0,0.0,0.0,15.840368270874023,0.0,0.0,0.0,0.0,0.0,0.0,0.0,0.0,0.0,0.0,0.0,0.0,0.0,0.0,0.0,0.0,0.0,0.0,0.0,0.0,0.0,0.0,0.0,0.0,0.0,0.0,0.0,0.0,0.0,0.0,0.0,0.0,0.0,0.0,0.0,0.0,30.539119720458984,0.0,0.0,0.0,0.0,0.0,0.0,0.0,0.0,0.0,0.0,0.0,0.0,0.0,0.0,0.0,0.0,0.0,0.0,0.0,0.0,0.0,0.0,0.0,0.0,0.0,0.0,0.0,0.0,0.0,0.0,0.0,0.0,0.0,0.0,0.0,0.0,0.0,0.0,0.0,0.0,0.0,0.0,0.0,0.0,0.0,0.0,0.0,0.0,0.0,0.0,0.0,0.0,0.0,0.0,0.0,0.0,0.0,0.0,0.0,0.0,0.0,0.0,0.0,0.0,0.0,0.0,0.0,0.0,0.0,0.0,0.0,0.0,0.0,0.0,0.0,0.0,0.0,0.0,0.0,0.0,0.0,0.0,0.0,0.0,0.0,0.0,0.0,0.0,0.0,0.0,0.0,0.0,0.0,0.0,0.0,0.0,0.0,0.0,0.0,0.0,0.0,0.0,0.0,0.0,0.0,0.0,0.0,0.0,0.0,0.0,0.0,0.0,0.0,0.0,0.0,0.0,0.0,0.0,0.0,0.0,0.0,0.0,0.0,0.0,0.0,0.0,0.0,0.0,0.0,0.0,0.0,0.0,0.0,0.0,0.0,0.0,0.0,0.0,0.0,0.0,0.0,0.0,0.0,0.0,0.0,0.0,0.0,0.0,0.0,0.0,0.0,0.0,0.0,0.0,0.0,0.0,0.0,0.0,0.0,0.0,0.0,0.0,0.0,0.0,0.0,3.1714508533477783,0.0,0.0,24.30282974243164,0.0,0.0,0.0,0.0,15.565462112426758,0.0,0.0,0.0,0.0,0.0,0.0,0.0,0.0,0.0,0.0,0.0,0.0,0.0,0.0,0.0,0.0,0.0,0.0,0.0,0.0,0.0,0.0,0.0,0.0,0.0,0.0,0.0,0.0,0.0,0.0,0.0,0.0,0.0,0.0,0.0,0.0,0.0,0.0,0.0,0.0,0.0,0.0,0.0,0.0,23.63667869567871,0.0,0.0,0.0,0.0,0.0,0.0,0.0,0.0,0.0,0.0,0.0,0.0,0.0,0.0,0.0,0.0,0.0,0.0,0.0,0.0,0.0,0.0,18.705963134765625,0.0,0.0,0.0,0.0,0.0,0.0,0.0,0.0,0.0,0.0,0.0,0.0,0.0,0.0,0.0,0.0,0.0,0.0,0.0,0.0,0.0,0.0,0.0,23.713224411010742,0.0,0.0,0.0,0.0,0.0,0.0,0.0,0.0,0.0,0.0,0.0,0.0,0.0,0.0,0.0,0.0,0.0,0.0,0.0,0.0,0.0,0.0,0.0,0.0,0.0,0.0,0.0,0.0,0.0,0.0,0.0,0.0,0.0,0.0,6.702437877655029,0.0,0.0,0.0,0.0,0.0,0.0,0.0,0.0,0.0,0.0,0.0,0.0,0.0,0.0,0.0,0.0,0.0,0.0,0.0,0.0,0.0,0.0,0.0,0.0,0.0,0.0,0.0,0.0,0.0,0.0,0.0,0.0,0.0,0.0,0.0,0.0,0.0,0.0,0.0,0.0,0.0,0.0,0.0,0.0,0.0,0.0,0.0,0.0,0.0,0.0,0.0,0.0,0.0,0.0,0.0,0.0,0.0,0.0,0.0,0.0,0.0,0.0,0.0,0.0,0.0,0.0,0.0,0.0,0.0,0.0,0.0,0.0,0.0,0.0,0.0,0.0,0.0,0.0,0.0,0.0,0.0,0.0,0.0,0.0,0.0,0.0,0.0,0.0,0.0,0.0,0.0,0.0,0.0,0.0,0.0,51.2025260925293,0.0,0.0,0.0,0.0,0.0,0.0,0.0,0.0,0.0,0.0,0.0,0.0,0.0,0.0,0.0,0.0,0.0,0.0,0.0,0.0,0.0,0.0,0.0,0.0,0.0,0.0,0.0,0.0,0.0,0.0,0.0,0.0,0.0,0.0,0.0,0.0,0.0,0.0,0.0,0.0,0.0,0.0,0.0,0.0,0.0,0.0,0.0,0.0,0.0,0.0,0.0,0.0,0.0,0.0,0.0,0.0,0.0,0.0,0.0,0.0,0.0,0.0,0.0,0.0,0.0,0.0,0.0,0.0,0.0,0.0,0.0,0.0,0.0,0.0,0.0,0.0,0.0,0.0,0.0,0.0,0.0,0.0,0.0,0.0,0.0,0.0,0.0,0.0,0.0,0.0,0.0,0.0,0.0,0.0,0.0,0.0,0.0,0.0,0.0,0.0,0.0,0.0,0.0,0.0,0.0,0.0,0.0,0.0,0.0,0.0,0.0,0.0,0.0,0.0,0.0,0.0,0.0,0.0,0.0,0.0,0.0,0.0,0.0,0.0,0.0,0.0,0.0,0.0,0.0,0.0,0.0,0.0,0.0,0.0,0.0,0.0,0.0,0.0,0.0,0.0,0.0,0.0,0.0,0.0,0.0,0.0,0.0,0.0,0.0,0.0,0.0,0.0,0.0,0.0,0.0,0.0,0.0,0.0,0.0,0.0,0.0,0.0,0.0,0.0,0.0,0.0,0.0,0.0,0.0,0.0,0.0,0.0,0.0,0.0,0.0,0.0,0.0,0.0,0.0,0.0,0.0,0.0,0.0,0.0,0.0,0.0,0.0,0.0,0.0,0.0,0.0,0.0,0.0,0.0,0.0,0.0,0.0,0.0,0.0,0.0,0.0,0.0,0.0,0.0,0.0,0.0,0.0,0.0,0.0,0.0,0.0,0.0,0.0,0.0,0.0,0.0,0.0,0.0,0.0,0.0,0.0,0.0,0.0,0.0,0.0,0.0,0.0,0.0,0.0,0.0,0.0,0.0,0.0,0.0,0.0,0.0,0.0,0.0,0.0,0.0,0.0,0.0,0.0,0.0,0.0,0.0,0.0,0.0,0.0,0.0,0.0,0.0,0.0,0.0,0.0,0.0,0.0,0.0,0.0,0.0,0.0,0.0,0.0,0.0,0.0,0.0,0.0,0.0,0.0,0.0,0.0,0.0,0.0,0.0,0.0,0.0,0.0,0.0,0.0,0.0,0.0,0.0,0.0,1.1234526634216309,0.0,0.0,0.0,0.0,0.27940845489501953,0.0,0.0,0.0,0.0,0.0,0.0,0.0,0.0,0.0,0.0,0.0,0.0,0.0,0.0,0.0,0.0,0.0,0.0,0.0,0.0,0.0,0.0,0.0,0.0,0.0,0.0,0.0,0.0,0.0,0.0,0.0,0.0,0.0,0.0,0.0,0.0,0.0,0.0,0.0,0.0,0.0,0.0,0.0,0.0,15.119815826416016,0.0,0.0,0.0,0.0,0.0,0.0,0.0,0.0,0.0,0.0,0.0,0.0,0.0,0.0,0.0,0.0,0.0,0.0,0.0,0.0,0.0,0.0,0.0,0.0,0.0,0.0,0.0,0.0,0.0,0.0,0.0,0.0,0.0,0.0,0.0,0.0,0.0,0.0,0.0,0.0,0.0,0.0,0.0,0.0,0.0,0.0,42.12552261352539,0.0,0.0,0.0,0.0,0.0,0.0,0.0,0.0,0.0,0.0,0.0,0.0,0.0,0.0,0.0,0.0,0.0,0.0,0.0,0.0,0.0,0.0,0.0,0.0,0.0,0.0,0.0,0.0,0.0,0.0,0.0,0.0,0.0,0.0,0.0,0.0,0.0,0.0,0.0,0.0,0.0,0.0,0.0,0.0,0.0,0.0,0.0,0.0,0.0,0.0,0.0,0.0,0.0,0.0,0.0,0.0,0.0,0.0,0.0,0.0,0.0,0.0,0.0,0.0,0.0,0.0,0.0,0.0,0.0,0.0,0.0,0.0,0.0,0.0,0.0,0.0,0.0,0.0,0.0,0.0,0.0,0.0,0.0,0.0,0.0,0.0,0.0,0.0,0.0,0.0,0.0,0.0,0.0,0.0,0.0,0.0,0.0,0.0,0.0,0.0,0.0,0.0,0.0,0.0,0.0,0.0,0.0,0.0,0.0,0.0,0.0,0.0,0.0,0.0,0.0,0.0,0.0,0.0,0.0,0.0,0.0,0.0,0.0,0.0,0.0,0.0,0.0,0.0,0.0,0.0,32.57320785522461,0.0,0.0,0.0,0.0,0.0,0.0,0.0,0.0,0.0,0.0,0.0,0.0,0.0,0.0,0.0,0.0,0.0,0.0,0.0,0.0,0.0,0.0,0.0,0.0,0.0,0.0,0.0,0.0,0.0,0.0,0.0,0.0,0.0,0.0,0.0,0.0,0.0,0.0,0.0,0.0,0.0,0.0,0.0,0.0,0.0,0.0,0.0,0.0,0.0,0.0,0.0,0.0,0.0,0.0,0.0,0.0,0.0,0.0,0.0,0.0,0.0,0.0,0.0,0.0,0.0,0.0,0.0,0.0,0.0,0.0,0.0,0.0,0.0,0.0,0.0,11.085615158081055,0.0,0.0,0.0,0.0,0.0,0.0,0.0,0.0,0.0,0.0,0.0,0.0,0.0,0.0,0.0,0.0,0.0,0.0,0.0,0.0,0.0,0.0,0.0,0.0,0.0,0.0,0.0,0.0,0.0,0.0,0.0,0.0,0.0,0.0,0.0,0.0,0.0,0.0,0.0,0.0,0.0,0.0,0.0,0.0,0.0,0.0,0.0,0.0,0.0,0.0,0.0,0.0,0.0,0.0,0.0,0.0,0.0,0.0,0.0,0.0,0.0,0.0,0.0,0.0,0.0,0.0,0.0,0.0,0.0,0.0,0.0,0.0,0.0,0.0,0.0,0.0,0.0,0.0,0.0,0.0,0.0,0.0,0.0,0.0,0.0,0.0,0.0,0.0,0.0,0.0,0.0,0.0,0.0,0.0,0.0,0.0,0.0,0.0,0.0,0.0,0.0,0.0,0.0,0.0,0.0,0.0,0.0,0.0,0.0,0.0,0.0,0.0,0.0,0.0,0.0,0.0,0.0,0.0,0.0,0.0,0.0,0.0,0.0,0.0,0.0,0.0,0.0,0.0,0.0,0.0,0.0,0.0,0.0,0.0,0.0,0.0,0.0,0.0,0.0,0.0,0.0,0.0,0.0,0.0,0.0,0.0,0.0,0.0,0.0,0.0,0.0,0.0,0.0,0.0,0.0,0.0,0.0,0.0,0.0,0.0,0.0,0.0,0.0,0.0,0.0,0.0,0.0,0.0,0.0,0.0,0.0,0.0,0.0,0.0,0.0,0.0,0.0,0.0,0.0,0.0,0.0,0.0,0.0,0.0,0.0,0.0,0.0,0.0,0.0,0.0,0.0,0.0,0.0,0.0,0.0,0.0,0.0,0.0,0.0,0.0,0.0,0.0,0.0,0.0,8.36713981628418,0.0,0.0,40.86286926269531,0.0,0.0,0.0,0.0,0.0,0.0,0.0,0.0,0.0,0.0,0.0,0.0,0.0,0.0,0.0,0.0,0.0,0.0,0.0,0.0,0.0,0.0,0.0,0.0,0.0,0.0,0.0,0.0,0.0,0.0,0.0,0.0,0.0,0.0,0.0,0.0,0.0,0.0,0.0,0.0,0.0,0.0,0.0,0.0,0.0,0.0,0.0,0.0,0.0,1.2492996454238892,0.0,0.0,0.0,0.0,0.0,0.0,0.0,0.0,0.0,0.0,0.0,0.0,0.0,0.0,0.0,0.0,0.0,0.0,0.0,0.0,0.0,0.0,0.0,0.0,0.0,0.0,0.0,0.0,0.0,0.0,0.0,0.0,0.0,0.0,0.0,0.0,0.0,0.0,0.0,0.0,0.0,0.0,0.0,0.0,0.0,0.0,0.0,0.0,0.0,0.0,0.0,0.0,0.0,0.0,0.0,0.0,0.0,0.0,0.0,0.0,0.0,0.0,0.0,0.0,0.0,0.0,0.0,0.0,0.0,0.0,0.0,0.0,0.0,0.0,0.0,0.0,0.0,0.0,0.0,0.0,0.0,0.0,0.0,0.0,0.0,0.0,0.0,0.0,0.0,0.0,0.0,0.0,0.0,0.0,0.0,0.0,0.0,0.0,0.0,0.0,0.0,0.0,0.0,0.0,0.0,0.0,0.0,0.0,0.0,0.0,0.0,0.0,0.0,0.0,0.0,0.0,0.0,0.0,0.0,0.0,0.0,0.0,0.0,0.0,0.0,0.0,0.0,0.0,0.0,0.0,0.0,0.0,0.0,0.0,0.0,0.0,0.0,0.0,0.0,0.0,0.0,0.0,0.0,0.0,0.0,0.0,0.0,0.0,0.0,0.0,0.0,0.0,0.0,0.0,0.0,0.0,0.0,0.0,0.0,0.0,0.0,0.0,0.0,0.0,0.0,0.0,0.0,0.0,0.0,0.0,0.0,0.0,0.0,0.0,0.0,0.0,0.0,9.086657524108887,0.0,0.0,0.0,0.0,0.0,0.0,0.0,0.0,0.0,0.0,0.0,0.0,0.0,0.0,0.0,0.0,0.0,0.0,0.0,0.0,0.0,0.0,0.0,0.0,0.0,0.0,0.0,0.0,0.0,0.0,0.0,0.0,0.0,0.0,0.0,0.0,0.0,0.0,0.0,0.0,0.0,0.0,0.0,0.0,0.0,0.0,0.0,0.0,0.0,0.0,0.0,0.0,0.0,0.0,0.0,0.0,0.0,0.0,0.0,0.0,0.0,0.0,0.0,0.0,0.0,0.0,0.0,17.619529724121094,0.0,0.0,0.0,0.0,0.0,0.0,0.0,25.353899002075195,0.0,0.0,0.0,0.0,0.0,0.0,0.0,0.0,0.0,0.0,0.0,0.0,0.0,0.0,0.0,0.0,0.0,0.0,0.0,0.0,0.0,0.0,0.0,0.0,0.0,0.0,0.0,0.0,0.0,0.0,0.0,0.0,0.0,0.0,0.0,0.0,0.0,0.0,0.0,0.0,0.0,0.0,0.0,0.0,0.0,0.0,0.0,0.0,0.0,0.0,0.0,0.0,0.0,0.0,0.0,0.0,0.0,0.0,0.0,0.0,0.0,0.0,0.0,0.0,0.0,0.0,0.0,0.0,0.0,0.0,0.0,0.0,0.0,0.0,0.0,0.0,0.0,0.0,0.0,0.0,0.0,0.0,0.0,0.0,0.0,0.0,0.0,0.0,0.0,0.0,0.0,0.0,0.0,0.0,0.0,0.0,0.0,0.0,0.0,0.0,0.0,0.0,0.0,0.0,0.0,0.0,0.0,0.0,0.0,0.0,0.0,0.0,0.0,0.0,0.0,0.0,0.0,0.0,0.0,0.0,0.0,0.0,0.0,0.0,0.0,0.0,0.0,0.0,0.0,0.0,0.0,0.0,0.0,0.0,0.0,0.0,0.0,0.0,0.0,0.0,0.0,0.0,0.0,0.0,0.0,0.0,0.0,0.0,0.0,0.0,0.0,0.0,0.0,0.0,0.0,0.0,0.0,0.0,0.0,0.0,38.73652648925781,0.0,0.0,0.0,0.0,0.0,0.0,0.0,0.0,0.0,0.0,0.0,0.0,0.0,0.0,0.0,0.0,0.0,0.0,0.0,0.0,0.0,0.0,0.0,0.0,0.0,0.0,0.0,0.0,0.0,0.0,0.0,0.0,0.0,0.0,0.0,0.0,0.0,0.0,0.0,0.0,0.0,0.0,0.0,13.517899513244629,0.0,0.0,55.710784912109375,0.0,0.0,0.0,0.0,26.211671829223633,0.0,0.0,0.0,0.0,0.0,0.0,0.0,0.0,0.0,0.0,0.0,0.0,0.0,0.0,0.0,0.0,0.0,0.0,0.0,0.0,0.0,0.0,0.0,0.0,0.0,0.0,0.0,0.0,0.0,0.0,0.0,0.0,0.0,0.0,0.0,0.0,0.0,0.0,0.0,0.0,0.0,0.0,0.0,0.0,8.494215965270996,0.0,0.0,0.0,0.0,0.0,0.0,0.0,0.0,0.0,0.0,0.0,0.0,0.0,0.0,0.0,0.0,0.0,0.0,0.0,0.0,0.0,0.0,0.0,0.0,0.0,0.0,0.0,0.0,0.0,0.0,0.0,0.0,0.0,0.0,0.0,0.0,0.0,0.0,0.0,0.0,0.0,0.0,0.0,0.0,0.0,0.0,0.0,0.0,0.0,0.0,0.0,0.0,0.0,0.0,0.0,0.0,0.0,0.0,0.0,0.0,0.0,0.0,0.0,0.0,0.0,0.0,0.0,0.0,0.0,0.0,0.0,0.0,0.0,0.0,0.0,0.0,0.0,0.0,0.0,0.0,0.0,0.0,0.0,0.0,0.0,0.0,0.0,0.0,0.0,0.0,0.0,0.0,0.0,0.0,0.0,0.0,0.0,0.0,0.0,0.0,0.0,0.0,0.0,0.0,0.0,0.0,0.0,0.0,0.0,0.0,0.0,0.0,0.0,0.0,0.0,0.0,0.0,0.0,0.0,0.0,0.0,0.0,0.0,0.0,0.0,0.0,0.0,0.0,0.0,0.0,0.0,0.0,0.0,0.0,0.0,0.0,0.0,0.0,0.7949272394180298,0.0,0.0,0.0,0.0,0.0,0.0,0.0,0.0,0.0,0.0,0.0,0.0,0.0,0.0,0.0,0.0,0.0,0.0,0.0,0.0,0.0,0.0,0.0,0.0,0.0,0.0,0.0,0.0,0.0,0.0,0.0,0.0,0.0,0.0,0.0,0.0,0.0,0.0,0.0,0.0,0.0,0.0,0.0,0.0,0.0,0.0,0.0,0.0,0.0,0.0,0.0,0.0,0.0,0.0,0.0,0.0,0.0,0.0,0.0,0.0,0.0,0.0,0.0,0.0,0.0,0.0,0.0,0.0,0.0,0.0,0.0,0.0,0.0,0.0,0.0,0.0,0.0,0.0,0.0,0.0,0.0,0.0,0.0,0.0,0.0,0.0,0.0,0.0,0.0,0.0,0.0,0.0,0.0,0.0,0.0,0.0,0.0,0.0,0.0,0.0,0.0,0.0,0.0,0.0,0.0,0.0,11.389863967895508,0.0,0.0,0.0,0.0,0.0,0.0,0.0,0.0,0.0,0.0,0.0,0.0,0.0,0.0,0.0,0.0,0.0,0.0,0.0,0.0,0.0,0.0,0.0,0.0,0.0,0.0,0.0,0.0,0.0,0.0,0.0,0.0,0.0,0.0,0.0,0.0,0.0,0.0,0.0,0.0,0.0,0.0,0.0,0.0,0.0,0.0,0.0,0.0,0.0,0.0,0.0,0.0,0.0,0.0,0.0,0.0,0.0,0.0,0.0,0.0,0.0,0.0,0.0,0.0,0.0,0.0,0.0,0.0,0.0,0.0,0.0,0.0,0.0,0.0,0.0,0.0,0.0,0.0,0.0,0.0,0.0,0.0,0.0,0.0,0.0,0.0,0.0,0.0,0.0,0.0,0.0,0.0,0.0,0.0,0.0,0.0,0.0,0.0,0.0,0.0,0.0,0.0,0.0,0.0,0.0,0.0,0.0,0.0,0.0,0.0,0.0,0.0,0.0,0.0,0.0,0.0,0.0,0.0,0.0,0.0,0.0,0.0,0.0,0.0,0.0,0.0,0.0,0.0,0.0,0.0,0.0,0.0,0.0,0.0,0.0,0.0,0.0,0.0,0.0,0.0,0.0,0.0,0.0,0.0,0.0,0.0,0.0,0.0,0.0,0.0,0.0,0.0,0.0,0.0,0.0,0.0,0.0,0.0,0.0,0.0,0.0,0.0,0.0,0.0,0.0,0.0,0.0,0.0,14.76256275177002,0.0,0.0,0.0,0.0,0.0,0.0,0.0,0.0,0.0,0.0,0.0,0.0,0.0,0.0,0.0,0.0,0.0,0.0,0.0,0.0,0.0,0.0,0.0,0.0,0.0,0.0,0.0,0.0,0.0,0.0,0.0,0.0,0.0,0.0,0.0,0.0,0.0,0.0,0.0,0.0,0.0,0.0,0.0,0.0,0.0,0.0,42.95016098022461,0.0,0.0,0.0,0.0,0.2785148620605469,0.0,0.0,0.0,0.0,0.0,0.0,0.0,0.0,0.0,0.0,0.0,0.0,0.0,0.0,0.0,0.0,0.0,0.0,0.0,0.0,0.0,0.0,0.0,0.0,0.0,0.0,0.0,0.0,0.0,0.0,0.0,0.0,0.0,0.0,0.0,0.0,0.0,0.0,0.0,0.0,0.0,0.0,0.0,0.0,3.946648120880127,0.0,0.0,0.0,0.0,0.0,0.0,0.0,0.0,0.0,0.0,0.0,0.0,0.0,0.0,0.0,0.0,0.0,0.0,0.0,0.0,0.0,0.0,0.0,0.0,0.0,0.0,0.0,0.0,0.0,0.0,0.0,0.0,0.0,0.0,0.0,0.0,0.0,0.0,0.0,0.0,0.0,0.0,0.0,0.0,0.0,0.0,0.0,0.0,0.0,0.0,0.0,0.0,0.0,0.0,0.0,0.0,0.0,0.0,0.0,0.0,0.0,0.0,0.0,0.0,0.0,0.0,0.0,0.0,0.0,0.0,0.0,0.0,0.0,0.0,0.0,0.0,0.0,0.0,0.0,0.0,0.0,0.0,0.0,0.0,0.0,0.0,0.0,0.0,0.0,0.0,0.0,0.0,0.0,0.0,0.0,0.0,0.0,0.0,0.0,0.0,0.0,0.0,0.0,0.0,0.0,0.0,0.0,0.0,0.0,0.0,0.0,0.0,0.0,0.0,0.0,0.0,0.0,0.0,0.0,0.0,0.0,0.0,0.0,0.0,0.0,0.0,0.0,0.0,0.0,0.0,0.0,0.0,0.0,0.0,0.0,0.0,0.0,0.0,0.0,0.0,0.0,0.0,0.0,0.0,0.0,0.0,0.0,0.0,0.0,0.0,0.0,0.0,0.0,0.0,0.0,0.0,0.0,0.0,0.0,0.0,0.0,0.0,0.0,0.0,0.0,0.0,0.0,0.0,0.0,0.0,0.0,0.0,0.0,0.0,0.0,0.0,0.0,0.7062710523605347,0.0,0.0,0.0,0.0,0.0,0.0,0.0,0.0,0.0,0.0,0.0,0.0,0.0,0.0,0.0,0.0,0.0,0.0,0.0,0.0,0.0,0.0,0.0,0.0,0.0,0.0,0.0,0.0,0.0,0.0,0.0,0.0,0.0,0.0,0.0,0.0,0.0,0.0,0.0,0.0,0.0,0.0,0.0,0.0,0.0,0.0,0.0,0.0,0.0,0.0,0.0,0.0,0.0,0.0,0.0,0.0,0.0,0.0,0.0,0.0,0.0,0.0,0.0,0.0,0.0,0.0,0.0,0.0,0.0,0.0,0.0,0.0,0.0,0.0,0.0,0.0,0.0,0.0,0.0,0.0,0.0,0.0,0.0,0.0,0.0,0.0,0.0,0.0,0.0,0.0,0.0,0.0,0.0,0.0,0.0,0.0,0.0,0.0,0.0,0.0,0.0,0.0,0.0,0.0,0.0,0.0,0.0,0.0,0.0,0.0,0.0,0.0,0.0,0.0,0.0,0.0,0.0,0.0,0.0,0.0,0.0,0.0,0.0,0.0,0.0,0.0,0.0,0.0,0.0,0.0,0.0,0.0,0.0,0.0,0.0,0.0,0.0,0.0,0.0,0.0,0.0,0.0,0.0,0.0,0.0,0.0,0.0,0.0,0.0,0.0,0.0,0.0,0.0,0.0,0.0,0.0,0.0,0.0,0.0,0.0,0.0,0.0,0.0,0.0,0.0,0.0,0.0,0.0,0.0,0.0,0.0,0.0,0.0,0.0,0.0,0.0,0.0,0.0,0.0,0.0,0.0,0.0,0.0,0.0,0.0,0.0,0.0,0.0,0.0,0.0,0.0,0.0,0.0,0.0,0.0,0.0,0.0,0.0,0.0,0.0,0.0,0.0,0.0,0.0,0.0,0.0,0.0,0.0,0.0,0.0,0.0,0.0,0.0,0.0,0.0,0.0,0.0,0.0,0.0,0.0,0.0,0.0,0.0,0.0,0.0,0.0,0.0,0.0,0.0,0.0,0.0,0.0,0.0,0.0,0.0,0.0,0.0,0.0,0.0,0.0,0.0,0.0,0.0,0.0,0.0,0.0,0.0,0.0,0.0,0.0,0.0,0.0,0.0,0.0,0.0,0.0,0.0,0.0,0.0,0.0,0.0,0.0,0.0,0.0,0.0,0.0,0.0,0.0,0.0,0.0,0.0,0.0,0.0,0.0,0.0,0.0,0.0,0.0,0.0,0.0,0.0,0.0,0.0,20.291259765625,0.0,0.0,0.0,0.0,24.588359832763672,0.0,0.0,0.0,0.0,0.0,0.0,0.0,0.0,0.0,0.0,0.0,0.0,0.0,0.0,0.0,0.0,0.0,0.0,0.0,0.0,0.0,0.0,0.0,0.0,0.0,0.0,0.0,0.0,0.0,0.0,0.0,0.0,0.0,0.0,0.0,0.0,0.0,0.0,0.0,0.0,0.0,0.0,0.0,0.0,0.0,0.0,0.0,0.0,0.0,0.0,0.0,0.0,0.0,0.0,0.0,0.0,0.0,0.0,0.0,0.0,0.0,0.0,0.0,0.0,0.0,0.0,0.0,0.0,0.0,0.0,0.0,0.0,0.0,0.0,0.0,0.0,0.0,0.0,0.0,0.0,0.0,0.0,0.0,0.0,0.0,0.0,0.0,0.0,0.0,0.0,0.0,0.0,0.0,0.0,0.0,0.0,0.0,0.0,0.0,0.0,0.0,0.0,0.0,0.0,0.0,0.0,0.0,0.0,0.0,0.0,0.0,0.0,0.0,0.0,0.0,0.0,0.0,0.0,0.0,0.0,0.0,0.0,0.0,0.0,0.0,0.0,0.0,0.0,0.0,0.0,0.0,0.0,0.0,0.0,0.0,0.0,0.0,0.0,0.0,0.0,0.0,0.0,0.0,0.0,0.0,0.0,0.0,0.0,0.0,0.0,0.0,0.0,0.0,0.0,0.0,0.0,0.0,0.0,0.0,0.0,0.0,0.0,0.0,0.0,0.0,0.0,0.0,0.0,0.0,0.0,0.0,0.0,0.0,0.0,0.0,0.0,0.0,0.0,0.0,0.0,0.0,0.0,0.0,0.0,0.0,0.0,0.0,0.0,0.0,0.0,0.0,0.0,0.0,0.0,0.0,0.0,0.0,0.0,0.0,0.0,0.0,0.0,0.0,0.0,0.0,0.0,0.0,0.0,0.0,0.0,0.0,0.0,0.0,0.0,0.0,0.0,0.0,0.0,0.0,0.0,0.0,0.0,15.465875625610352,0.0,0.0,0.0,0.0,0.0,0.0,0.0,0.0,0.0,0.0,0.0,0.0,0.0,0.0,0.0,0.0,0.0,0.0,0.0,0.0,0.0,0.0,0.0,0.0,0.0,0.0,0.0,0.0,0.0,0.0,0.0,0.0,0.0,0.0,0.0,0.0,0.0,0.0,0.0,0.0,0.0,0.0,0.0,0.0,0.0,0.0,0.0,0.0,0.0,0.0,0.0,0.0,0.0,0.0,0.0,0.0,0.0,0.0,0.0,0.0,0.0,0.0,0.0,0.0,0.0,0.0,0.0,0.0,0.0,0.0,0.0,0.0,0.0,0.0,0.0,0.0,0.0,0.0,0.0,0.0,0.0,0.0,0.0,0.0,0.0,0.0,0.0,0.0,0.0,0.0,0.0,0.0,0.0,0.0,0.0,0.0,0.0,0.0,0.0,0.0,0.0,0.0,0.0,0.0,0.0,0.0,0.0,0.0,0.0,0.0,0.0,0.0,0.0,0.0,0.0,0.0,0.0,0.0,0.0,0.0,0.0,0.0,0.0,0.0,0.0,0.0,0.0,0.0,0.0,0.0,0.0,0.0,0.0,0.0,0.0,0.0,0.0,0.0,0.0,0.0,0.0,0.0,0.0,0.0,0.0,0.0,0.0,0.0,0.0,0.0,0.0,0.0,0.0,0.0,0.0,0.0,0.0,0.0,0.0,0.0,0.0,0.0,0.0,0.0,0.0,0.0,0.0,0.0,0.0,0.0,0.0,0.0,0.0,0.0,0.0,0.0,0.0,0.0,0.0,0.0,0.0,0.0,0.0,0.0,0.0,0.0,0.0,0.0,0.0,0.0,0.0,0.0,0.0,0.0,0.0,0.0,0.0,0.0,0.0,0.0,0.0,0.0,0.0,0.0,0.0,0.0,0.0,0.0,0.0,0.0,0.0,0.0,0.0,0.0,0.0,0.0,0.0,0.0,0.0,0.0,0.0,0.0,0.0,0.0,0.0,0.0,0.0,0.0,0.0,0.0,0.0,0.0,0.0,0.0,0.0,0.0,0.0,0.0,0.0,0.0,0.0,0.0,0.0,0.0,0.0,0.0,0.0,0.0,0.0,0.0,0.0,0.0,0.0,0.0,0.0,0.0,0.0,0.0,0.0,0.0,0.0,0.0,0.0,0.0,0.0,0.0,0.0,0.0,0.0,0.0,0.0,0.0,0.0,0.0,0.0,0.0,0.0,0.0,0.0,0.0,0.0,0.0,0.0,0.0,0.0,0.0,0.0,0.0,24.000940322875977,0.0,0.0,0.0,0.0,0.0,0.0,0.0,0.0,0.0,0.0,0.0,0.0,0.0,0.0,0.0,0.0,0.0,0.0,0.0,0.0,0.0,0.0,0.0,0.0,0.0,0.0,0.0,0.0,0.0,0.0,0.0,0.0,0.0,0.0,0.0,0.0,0.0,0.0,0.0,0.0,0.0,0.0,0.0,0.0,2.967949390411377,0.0,0.0,0.0,0.0,0.0,0.0,0.0,0.0,0.0,0.0,0.0,0.0,0.0,0.0,0.0,0.0,0.0,0.0,0.0,0.0,0.0,0.0,0.0,0.0,0.0,0.0,0.0,0.0,0.0,0.0,0.0,0.0,0.0,0.0,0.0,0.0,0.0,0.0,0.0,0.0,0.0,0.0,0.0,0.0,0.0,0.0,0.0,0.0,0.0,0.0,0.0,0.0,0.0,0.0,0.0,0.0,0.0,0.0,0.0,0.0,0.0,0.0,0.0,0.0,0.0,0.0,0.0,0.0,0.0,0.0,0.0,0.0,0.0,0.0,0.0,0.0,0.0,0.0,0.0,0.0,0.0,8.322803497314453,0.0,0.0,0.0,0.0,0.0,0.0,0.0,0.0,0.0,0.0,0.0,0.0,0.0,0.0,0.0,0.0,0.0,0.0,0.0,0.0,0.0,0.0,0.0,0.0,0.0,0.0,0.0,0.0,0.0,0.0,0.0,0.0,0.0,0.0,0.0,0.0,0.0,0.0,0.0,0.0,0.0,0.0,0.0,0.0,0.0,0.0,0.0,0.0,0.0,0.0,0.0,0.0,0.0,0.0,0.0,0.0,0.0,0.0,0.0,0.0,0.0,0.0,0.0,0.0,0.0,0.0,0.0,0.0,0.0,0.0,0.0,0.0,0.0,0.0,0.0,0.0,0.0,0.0,0.0,0.0,0.0,0.0,0.0,0.0,0.0,0.0,0.0,0.0,0.0,0.0,0.0,0.0,0.0,0.0,0.0,20.386547088623047,0.0,0.0,0.0,0.0,0.0,0.0,0.0,0.0,0.0,0.0,0.0,0.0,0.0,0.0,0.0,0.0,0.0,0.0,0.0,0.0,0.0,0.0,0.0,0.0,0.0,0.0,0.0,0.0,0.0,0.0,0.0,0.0,0.0,0.0,0.0,0.0,0.0,0.0,0.0,0.0,0.0,0.0,0.0,0.0,0.0,0.0,0.0,0.0,0.0,0.0,0.0,0.0,0.0,0.0,0.0,0.0,0.0,0.0,0.0,0.0,0.0,0.0,0.0,0.0,0.0,0.0,0.0,0.0,0.0,0.0,0.0,0.0,0.0,0.0,0.0,0.0,0.0,0.0,0.0,0.0,0.0,0.0,0.0,0.0,0.0,0.0,0.0,0.0,0.0,0.0,0.0,0.0,0.0,0.0,0.0,0.0,0.0,0.0,0.0,0.0,0.0,0.0,0.0,0.0,0.0,0.0,0.0,0.0,0.0,0.0,0.0,0.0,0.0,0.0,0.0,0.0,0.0,0.0,0.0,0.0,0.0,0.0,0.0,0.0,0.0,0.0,0.0,0.0,0.0,0.0,0.0,0.0,0.0,0.0,0.0,0.0,0.0,0.0,0.0,0.0,0.0,0.0,0.0,0.0,0.0,0.0,0.0,0.0,0.0,0.0,0.0,0.0,0.0,0.0,0.0,0.0,0.0,0.0,0.0,0.0,0.0,0.0,0.0,0.0,0.0,0.0,0.0,0.0,0.0,0.0,0.0,0.0,0.0,0.0,0.0,0.0,0.0,0.0,0.0,0.0,0.0,0.0,0.0,0.0,0.0,0.0,0.0,0.0,0.0,0.0,0.0,0.0,0.0,0.0,0.0,0.0,0.0,0.0,0.0,0.0,0.0,0.0,0.0,0.0,0.0,0.0,0.0,0.0,0.0,0.0,0.0,0.0,0.0,0.0,0.0,0.0,0.0,0.0,0.0,0.0,0.0,0.0,0.0,0.0,0.0,0.0,0.0,21.598329544067383,0.0,0.0,0.0,0.0,0.0,0.0,0.0,0.0,0.0,0.0,0.0,0.0,0.0,0.0,0.0,0.0,0.0,0.0,0.0,0.0,0.0,0.0,0.0,0.0,0.0,0.0,0.0,0.0,0.0,0.0,0.0,0.0,0.0,0.0,0.0,0.0,0.0,0.0,0.0,0.0,0.0,0.0,0.0,0.0,0.0,0.0,0.0,0.0,0.0,0.0,0.0,0.0,0.0,4.030243873596191,0.0,0.0,0.0,0.0,0.0,0.0,29.464405059814453,0.0,0.0,0.0,0.0,0.0,0.0,0.0,0.0,0.0,0.0,0.0,0.0,0.0,0.0,0.0,0.0,0.0,0.0,0.0,0.0,0.0,0.0,0.0,0.0,0.0,0.0,0.0,0.0,0.0,0.0,0.0,0.0,0.0,0.0,0.0,0.0,0.0,0.0,0.0,0.0,0.0,0.0,0.0,0.0,36.09318542480469,0.0,0.0,0.0,0.0,0.0,0.0,0.0,0.0,0.0,0.0,0.0,0.0,0.0,0.0,0.0,0.0,0.0,0.0,0.0,0.0,0.0,0.0,0.0,0.0,0.0,0.0,0.0,0.0,0.0,0.0,0.0,0.0,0.0,0.0,0.0,0.0,0.0,0.0,0.0,0.0,0.0,0.0,0.0,0.0,0.0,0.0,0.0,0.0,0.0,0.0,0.0,0.0,0.0,0.0,0.0,0.0,0.0,0.0,0.0,0.0,0.0,0.0,0.0,0.0,0.0,0.0,0.0,0.0,0.0,0.0,0.0,0.0,0.0,0.0,0.0,0.0,0.0,0.0,0.0,0.0,0.0,0.0,0.0,0.0,0.0,0.0,0.0,0.0,0.0,0.0,0.0,0.0,0.0,0.0,0.0,0.0,0.0,0.0,0.0,0.0,0.0,0.0,0.0,0.0,0.0,0.0,0.0,0.0,0.0,0.0,0.0,0.0,0.0,0.0,0.0,0.0,0.0,0.0,0.0,0.0,0.0,0.0,0.0,0.0,0.0,0.0,0.0,0.0,0.0,0.0,0.0,0.0,0.0,0.0,0.0,0.0,0.0,0.0,0.0,0.0,0.0,0.0,0.0,0.0,0.0,0.0,0.0,0.0,0.0,0.0,0.0,0.0,0.0,0.0,0.0,0.0,0.0,0.0,0.0,0.0,0.0,0.0,0.0,0.0,0.0,0.0,0.0,0.0,0.0,0.0,0.0,0.0,0.0,0.0,0.0,0.0,0.0,19.36663055419922,0.0,0.0,0.0,0.0,0.0,0.0,0.0,0.0,0.0,0.0,0.0,0.0,0.0,0.0,0.0,0.0,0.0,0.0,0.0,0.0,0.0,0.0,0.0,0.0,0.0,0.0,0.0,0.0,0.0,0.0,0.0,0.0,0.0,0.0,0.0,0.0,0.0,0.0,0.0,0.0,0.0,0.0,0.0,0.0,0.0,0.0,0.0,0.0,0.0,0.0,0.0,0.0,0.0,0.0,0.0,0.0,0.0,0.0,0.0,0.0,0.0,0.0,0.0,0.0,0.0,0.0,0.0,0.0,0.0,0.0,0.0,0.0,0.0,0.0,0.0,0.0,0.0,0.0,0.0,0.0,0.0,0.0,0.0,0.0,0.0,0.0,0.0,0.0,0.0,0.0,0.0,0.0,0.0,0.0,0.0,0.0,0.0,0.0,0.0,0.0,0.0,0.0,0.0,0.0,0.0,0.0,0.0,0.0,0.0,0.0,0.0,0.0,0.0,0.0,0.0,0.0,0.0,0.0,0.0,0.0,0.0,0.0,0.0,0.0,0.0,0.0,0.0,0.0,0.0,0.0,0.0,0.0,0.0,0.0,0.0,0.0,0.0,0.0,0.0,0.0,0.0,0.0,0.0,0.0,0.0,0.0,0.0,0.0,0.0,0.0,0.0,0.0,0.0,0.0,0.0,0.0,0.0,0.0,0.0,0.0,0.0,0.0,0.0,0.0,0.0,0.0,0.0,0.0,0.0,0.0,0.0,0.0,0.0,0.0,0.0,0.0,0.0,0.0,0.0,0.0,0.0,0.0,0.0,0.0,0.0,0.0,0.0,0.0,0.0,0.0,0.0,0.0,0.0,0.0,0.0,0.0,0.0,0.0,0.0,0.0,0.0,0.0,0.0,0.0,0.0,0.0,0.0,0.0,0.0,0.0,0.0,0.0,0.0,0.0,0.0,0.0,0.0,0.0,0.0,0.0,0.0,0.0,0.0,0.0,0.0,0.0,0.0,24.423059463500977,0.0,0.0,0.0,0.0,0.0,0.0,0.0,0.0,0.0,0.0,0.0,0.0,0.0,0.0,0.0,0.0,0.0,0.0,0.0,0.0,0.0,0.0,0.0,0.0,0.0,0.0,0.0,0.0,0.0,0.0,0.0,0.0,0.0,0.0,0.0,0.0,0.0,0.0,0.0,0.0,0.0,0.0,0.0,0.0,0.0,0.0,0.0,0.0,0.0,0.0,0.0,0.0,0.0,0.0,0.0,0.0,0.0,0.0,0.0,0.0,15.830968856811523,0.0,0.0,0.0,0.0,0.0,0.0,0.0,0.0,0.0,0.0,0.0,0.0,0.0,0.0,0.0,0.0,0.0,0.0,0.0,0.0,0.0,0.0,0.0,0.0,0.0,0.0,0.0,0.0,0.0,0.0,0.0,0.0,0.0,0.0,0.0,0.0,0.0,0.0,0.0,0.0,0.0,0.0,0.0,0.0,11.512869834899902,0.0,0.0,0.0,0.0,0.0,0.0,0.0,0.0,0.0,0.0,0.0,0.0,0.0,0.0,0.0,0.0,0.0,0.0,0.0,0.0,0.0,0.0,0.0,0.0,0.0,0.0,0.0,0.0,0.0,0.0,0.0,0.0,0.0,0.0,0.0,0.0,0.0,0.0,0.0,0.0,0.0,0.0,0.0,0.0,0.0,0.0,0.0,0.0,0.0,0.0,0.0,0.0,0.0,0.0,0.0,0.0,0.0,0.0,0.0,0.0,0.0,0.0,0.0,0.0,0.0,0.0,0.0,0.0,0.0,0.0,0.0,0.0,0.0,0.0,0.0,0.0,0.0,0.0,0.0,0.0,0.0,0.0,0.0,0.0,0.0,0.0,0.0,0.0,0.0,0.0,0.0,0.0,0.0,0.0,0.0,0.0,0.0,0.0,0.0,0.0,0.0,0.0,0.0,0.0,0.0,0.0,0.0,0.0,0.0,0.0,0.0,0.0,0.0,0.0,0.0,0.0,0.0,0.0,0.0,0.0,0.0,0.0,0.0,0.0,0.0,0.0,0.0,0.0,0.0,0.0,0.0,0.0,0.0,0.0,0.0,0.0,0.0,0.0,0.0,0.0,0.0,0.0,0.0,0.0,0.0,0.0,0.0,0.0,0.0,0.0,0.0,0.0,0.0,0.0,0.0,0.0,0.0,0.0,0.0,0.0,0.0,0.0,0.0,0.0,0.0,0.0,0.0,0.0,0.0,0.0,0.0,0.0,0.0,0.0,0.0,0.0,0.0,9.898221015930176,0.0,0.0,0.0,0.0,0.0,0.0,0.0,0.0,0.0,0.0,0.0,0.0,0.0,0.0,0.0,0.0,0.0,0.0,0.0,0.0,0.0,0.0,0.0,0.0,0.0,0.0,0.0,0.0,0.0,0.0,0.0,0.0,0.0,0.0,0.0,0.0,0.0,0.0,0.0,0.0,0.0,0.0,0.0,0.0,0.0,0.0,0.0,0.0,0.0,0.0,0.0,0.0,0.0,0.0,0.0,0.0,0.0,0.0,0.0,0.0,0.0,0.0,0.0,0.0,0.0,0.0,0.0,0.0,0.0,0.0,0.0,0.0,0.0,0.0,0.0,0.0,0.0,0.0,0.0,0.0,0.0,0.0,0.0,0.0,0.0,0.0,0.0,0.0,0.0,0.0,0.0,0.0,0.0,0.0,0.0,0.0,0.0,0.0,0.0,0.0,0.0,0.0,0.0,0.0,0.0,0.0,0.0,0.0,0.0,0.0,0.0,0.0,0.0,0.0,0.0,0.0,0.0,0.0,0.0,0.0,0.0,0.0,0.0,0.0,0.0,0.0,0.0,0.0,0.0,0.0,0.0,0.0,0.0,0.0,0.0,0.0,0.0,0.0,0.0,0.0,0.0,0.0,0.0,0.0,0.0,0.0,0.0,0.0,0.0,0.0,0.0,0.0,0.0,0.0,0.0,0.0,0.0,0.0,0.0,0.0,0.0,0.0,0.0,0.0,0.0,0.0,0.0,0.0,0.0,0.0,0.0,0.0,0.0,0.0,0.0,0.0,0.0,0.0,0.0,0.0,0.0,0.0,0.0,0.0,0.0,0.0,0.0,0.0,0.0,0.0,0.0,0.0,0.0,0.0,0.0,0.0,0.0,0.0,0.0,0.0,0.0,0.0,0.0,0.0,0.0,0.0,0.0,0.0,0.0,0.0,0.0,0.0,0.0,0.0,0.0,0.0,0.0,0.0,0.0,0.0,0.0,0.0,0.0,0.0,0.0,0.0,0.0,0.0,0.0,0.0,0.0,0.0,0.0,0.0,0.0,0.0,0.0,0.0,0.0,0.0,0.0,0.0,0.0,0.0,0.0,0.0,0.0,0.0,0.0,0.0,0.0,0.0,0.0,0.0,0.0,0.0,0.0,0.0,0.0,0.0,0.0,0.0,0.0,0.0,0.0,0.0,0.0,0.0,0.0,0.0,0.0,0.0,0.0,0.0,0.0,0.0,0.0,0.0,0.0,0.0,0.0,0.0,0.0,0.0,0.0,0.0,0.0,0.0,41.88850021362305,0.0,0.0,0.0,0.0,0.0,0.0,0.0,0.0,0.0,0.0,0.0,0.0,0.0,0.0,0.0,0.0,0.0,0.0,0.0,0.0,0.0,0.0,0.0,0.0,0.0,0.0,0.0,0.0,0.0,0.0,0.0,0.0,0.0,0.0,0.0,0.0,0.0,0.0,0.0,0.0,0.0,0.0,0.0,0.0,0.0,0.0,0.0,0.0,0.0,0.0,0.0,0.0,0.0,0.0,0.0,0.0,0.0,0.0,0.0,0.0,0.0,0.0,0.0,0.0,0.0,0.0,0.0,0.0,0.0,0.0,0.0,0.0,0.0,0.0,0.0,0.0,0.0,0.0,0.0,0.0,0.0,0.0,0.0,0.0,0.0,0.0,0.0,0.0,0.0,0.0,0.0,0.0,0.0,0.0,0.0,0.0,0.0,0.0,0.0,0.0,0.0,0.0,0.0,0.0,0.0,0.0,0.0,0.0,0.0,0.0,0.0,0.0,0.0,0.0,0.0,0.0,0.0,0.0,0.0,0.0,0.0,0.0,0.0,0.0,0.0,0.0,0.0,0.0,0.0,0.0,0.0,0.0,0.0,0.0,0.0,0.0,0.0,0.0,0.0,0.0,0.0,0.0,0.0,0.0,0.0,0.0,0.0,0.0,0.0,0.0,0.0,0.0,0.0,0.0,0.0,0.0,0.0,0.0,0.0,0.0,0.0,0.0,0.0,0.0,0.0,0.0,0.0,0.0,0.0,0.0,0.0,0.0,0.0,0.0,0.0,0.0,0.0,0.0,0.0,0.0,0.0,0.0,0.0,13.167582511901855,0.0,0.0,0.0,0.0,0.0,0.0,0.0,0.0,0.0,0.0,0.0,0.0,0.0,0.0,0.0,0.0,0.0,0.0,0.0,0.0,0.0,0.0,0.0,0.0,0.0,0.0,0.0,0.0,0.0,0.0,0.0,0.0,0.0,0.0,0.0,0.0,0.0,0.0,0.0,0.0,0.0,0.0,0.0,0.0,0.0,0.0,0.0,0.0,0.0,0.0,0.0,0.0,0.0,0.0,0.0,0.0,0.0,0.0,0.0,0.0,0.0,0.0,0.0,0.0,0.0,0.0,0.0,0.0,0.0,0.0,0.0,0.0,0.0,0.0,0.0,0.0,0.0,0.0,0.0,0.0,0.0,0.0,0.0,0.0,0.0,0.0,0.0,0.0,0.0,0.0,0.0,0.0,0.0,0.0,0.0,0.0,0.0,0.0,0.0,0.0,0.0,0.0,0.0,0.0,0.0,0.0,17.387920379638672,0.0,0.0,0.0,0.0,0.0,0.0,0.0,0.0,0.0,0.0,0.0,0.0,0.0,0.0,0.0,0.0,0.0,0.0,0.0,0.0,0.0,0.0,0.0,0.0,0.0,0.0,0.0,0.0,0.0,0.0,0.0,0.0,0.0,0.0,0.0,0.0,0.0,0.0,0.0,0.0,0.0,0.0,0.0,0.0,0.0,0.0,0.0,0.0,0.0,0.0,0.0,0.0,0.0,0.0,0.0,0.0,0.0,0.0,0.0,0.0,0.0,0.0,0.0,0.0,0.0,0.0,0.0,0.0,0.0,0.0,0.0,0.0,0.0,0.0,0.0,0.0,0.0,0.0,0.0,0.0,0.0,0.0,0.0,0.0,0.0,0.0,0.0,0.0,0.0,0.0,0.0,0.0,0.0,0.0,0.0,0.0,0.0,0.0,0.0,0.0,0.0,0.0,0.0,0.0,0.0,0.0,0.0,0.0,0.0,0.0,0.0,0.0,0.0,0.0,0.0,0.0,0.0,0.0,0.0,0.0,0.0,0.0,0.0,0.0,0.0,0.0,0.0,0.0,0.0,0.0,0.0,0.0,0.0,0.0,0.0,0.0,0.0,0.0,0.0,0.0,0.0,0.0,0.0,0.0,0.0,0.0,0.0,0.0,0.0,0.0,0.0,0.0,0.0,0.0,0.0,0.0,0.0,0.0,0.0,0.0,0.0,0.0,0.0,0.0,0.0,0.0,0.0,0.0,0.0,0.0,0.0,0.0,0.0,0.0,0.0,0.0,0.0,0.0,0.0,0.0,0.0,0.0,0.0,0.0,0.0,0.0,0.0,0.0,0.0,0.0,0.0,0.0,0.0,0.0,0.0,0.0,0.0,0.0,0.0,0.0,0.0,0.0,0.0,0.0,0.0,0.0,0.0,0.0,0.0,3.0806891918182373,0.0,0.0,0.0,0.8802127242088318,0.0,46.63516616821289,0.0,0.0,0.0,0.0,44.90853500366211,0.0,0.0,0.0,0.0,0.0,0.0,0.0,0.0,0.0,0.0,0.0,0.0,0.0,0.0,0.0,0.0,0.0,0.0,0.0,0.0,0.0,0.0,0.0,0.0,0.0,0.0,0.0,0.0,0.0,0.0,0.0,0.0,0.0,0.0,0.0,0.0,0.0,0.0,0.0,0.0,0.0,0.0,0.0,0.0,2.1021103858947754,0.0,0.0,0.0,0.0,0.0,0.0,0.0,0.0,0.0,0.0,0.0,0.0,0.0,0.0,0.0,0.0,0.0,0.0,0.0,0.0,0.0,0.0,0.0,0.0,0.0,0.0,15.212267875671387,0.0,0.0,0.0,0.0,0.0,0.0,0.0,0.0,0.0,0.0,0.0,0.0,0.0,0.0,0.0,0.0,0.0,0.0,0.0,0.0,0.0,0.0,0.0,0.0,0.0,0.0,0.0,0.0,0.0,0.0,0.0,0.0,0.0,0.0,0.0,0.0,0.0,0.0,0.0,0.0,0.0,0.0,0.0,0.0,0.0,0.0,0.0,0.0,0.0,0.0,0.0,0.0,0.0,0.0,0.0,0.0,0.0,0.0,0.0,0.0,0.0,0.0,0.0,0.0,0.0,0.0,0.0,0.0,0.0,0.0,0.0,0.0,0.0,0.0,0.0,0.0,0.0,0.0,0.0,0.0,0.0,0.0,0.0,0.0,0.0,0.0,0.0,0.0,0.0,0.0,0.0,0.0,0.0,0.0,0.0,0.0,0.0,0.0,0.0,0.0,0.0,0.0,0.0,0.0,0.0,0.0,0.0,0.0,0.0,0.0,0.0,6.003664016723633,0.0,0.0,0.0,0.0,0.0,0.0,0.0,0.0,0.0,0.0,0.0,0.0,0.0,0.0,0.0,0.0,0.653889000415802,0.0,0.0,0.0,0.0,0.0,0.0,0.0,0.0,0.0,0.0,0.0,0.0,0.0,0.0,0.0,0.0,0.0,0.0,0.0,0.0,0.0,0.0,0.0,0.0,0.0,0.0,0.0,0.0,0.0,0.0,0.0,0.0,0.0,0.0,0.0,0.0,0.0,0.0,0.0,0.0,0.0,0.0,0.0,0.0,0.0,0.0,0.0,0.0,0.0,0.0,0.0,0.0,0.0,0.0,0.0,0.0,0.0,0.0,0.0,0.0,0.0,0.0,0.0,0.0,0.0,0.0,0.0,0.0,0.0,0.0,0.0,0.0,0.0,0.0,0.0,0.0,0.0,0.0,0.0,0.0,0.0,0.0,0.0,0.0,0.0,0.0,0.0,0.0,0.0,23.14828872680664,0.0,0.0,0.0,0.0,0.0,0.0,0.0,0.0,0.0,0.0,0.0,0.0,0.0,0.0,0.0,0.0,0.0,0.0,0.0,0.0,0.0,0.0,0.0,0.0,0.0,0.0,0.0,0.0,0.0,0.0,0.0,0.0,0.0,0.0,0.0,0.0,0.0,0.0,0.0,0.0,0.0,0.0,0.0,0.0,5.9365105628967285,0.0,0.0,0.0,0.0,0.0,0.0,0.0,0.0,0.0,0.0,0.0,0.0,0.0,0.0,0.0,0.0,0.0,0.0,0.0,0.0,0.0,0.0,0.0,0.0,0.0,0.0,0.0,0.0,0.0,0.0,0.0,0.0,0.0,0.0,0.0,0.0,0.0,0.0,0.0,0.0,0.0,0.0,0.0,0.0,0.0,0.0,0.0,0.0,0.0,0.0,0.0,0.0,0.0,0.0,0.0,6.870156288146973,0.0,0.0,0.0,0.0,0.0,0.0,0.0,0.0,0.0,0.0,0.0,0.0,0.0,0.0,0.0,0.0,0.0,0.0,0.0,0.0,0.0,0.0,0.0,0.0,0.0,0.0,0.0,0.0,0.0,0.0,0.0,0.0,0.0,0.0,0.0,0.0,0.0,0.0,0.0,0.0,10.534479141235352,0.0,0.0,0.0,0.0,0.0,0.0,0.0,0.0,0.0,0.0,0.0,0.0,0.0,0.0,0.0,0.0,0.0,5.600132465362549,0.0,0.0,0.0,0.0,0.0,0.0,0.0,0.0,0.0,0.0,0.0,0.0,0.0,0.0,0.0,0.0,0.0,0.0,0.0,0.0,0.0,0.0,0.0,0.0,0.0,0.0,0.0,0.0,0.0,0.0,0.0,0.0,0.0,0.0,0.0,0.0,0.0,0.0,0.0,0.0,0.0,0.0,0.0,0.0,0.0,0.0,0.0,0.0,0.0,0.0,0.0,0.0,0.0,5.783885478973389,0.0,22.952104568481445,0.0,0.0,0.0,0.0,4.963505744934082,0.0,0.0,0.0,0.0,0.0,0.0,0.0,0.0,0.0,0.0,0.0,0.0,0.0,0.0,0.0,0.0,0.0,0.0,0.0,0.0,0.0,0.0,0.0,0.0,0.0,0.0,0.0,0.0,0.0,0.0,0.0,0.0,0.0,0.0,0.0,0.0,0.0,0.0,0.0,0.0,0.0,0.0,0.0,0.0,8.861143112182617,0.0,0.0,0.0,0.0,0.0,0.0,0.0,0.0,0.0,0.0,0.0,0.0,0.0,0.0,0.0,0.0,0.0,0.0,0.0,0.0,0.0,0.0,0.0,0.0,0.0,0.0,0.0,0.0,0.0,0.0,0.0,0.0,0.0,0.0,0.0,0.0,0.0,0.0,0.0,0.0,0.0,0.0,0.0,0.0,0.0,0.0,0.0,0.0,0.0,0.0,0.0,0.0,0.0,0.0,0.0,0.0,0.0,0.0,0.0,0.0,0.0,0.0,0.0,0.0,0.0,0.0,0.0,0.0,0.0,0.0,0.0,0.0,0.0,0.0,0.0,0.0,0.0,0.0,0.0,0.0,0.0,0.0,0.0,0.0,0.0,0.0,0.0,0.0,0.0,0.0,0.0,0.0,0.0,0.0,0.0,0.0,0.0,0.0,0.0,0.0,0.0,0.0,0.0,0.0,0.0,0.0,0.0,0.0,0.0,0.0,0.0,0.0,0.0,0.0,0.0,0.0,0.0,0.0,0.0,0.0,0.0,0.0,0.0,0.0,0.0,0.0,0.0,0.0,0.0,0.0,0.0,0.0,0.0,0.0,0.0,0.0,0.0,0.0,0.0,0.0,0.0,0.0,0.0,0.0,0.0,0.0,0.0,0.0,0.0,0.0,0.0,0.0,0.0,0.0,0.0,0.0,0.0,0.0,0.0,0.0,0.0,0.0,0.0,0.0,0.0,0.0,0.0,0.0,0.0,0.0,0.0,0.0,0.0,0.0,0.0,0.0,0.0,0.0,0.0,0.0,0.0,0.0,0.0,0.0,0.0,0.0,0.0,0.0,0.0,0.0,0.0,0.0,0.0,0.0,0.0,0.0,0.0,0.0,0.0,0.0,0.0,0.0,0.0,0.0,0.0,0.0,0.0,0.0,0.0,0.0,0.0,0.0,0.0,0.0,0.0,0.0,0.0,0.0,0.0,0.0,0.0,0.0,0.0,0.0,0.0,0.0,0.0,0.0,0.0,0.0,0.0,0.0,0.0,0.0,0.0,0.0,0.0,0.0,0.0,0.0,0.0,0.0,0.0,0.0,0.0,1.6425215005874634,0.0,0.0,0.0,0.0,0.0,0.0,0.0,0.0,0.0,0.0,0.0,0.0,0.0,0.0,0.0,0.0,0.0,0.0,0.0,0.0,0.0,0.0,0.0,0.0,0.0,0.0,0.0,0.0,0.0,0.0,0.0,0.0,0.0,0.0,0.0,0.0,0.0,0.0,0.0,0.0,0.0,0.0,0.0,0.0,0.0,0.0,0.0,0.0,0.0,0.0,0.0,0.0,0.0,0.0,0.0,0.0,0.0,0.0,0.0,0.0,0.0,0.0,0.0,0.0,0.0,0.0,0.0,0.0,0.0,0.0,0.0,0.0,0.0,0.0,0.0,0.0,0.0,0.0,0.0,0.0,0.0,0.0,0.0,0.0,0.0,0.0,0.0,0.0,0.0,0.0,0.0,0.0,0.0,0.0,0.0,0.0,0.0,0.0,0.0,0.0,0.0,0.0,0.0,0.0,0.0,0.0,0.0,0.0,0.0,0.0,0.0,0.0,0.0,0.0,0.0,0.0,0.0,0.0,0.0,0.0,0.0,0.0,0.0,0.0,0.0,0.0,0.0,0.0,0.0,0.0,0.0,0.0,0.0,0.0,0.0,0.0,0.0,0.0,0.0,0.0,0.0,0.0,0.0,0.0,0.0,0.0,0.0,0.0,0.0,0.0,0.0,0.0,0.0,0.0,0.0,0.0,0.0,0.0,0.0,0.0,0.0,0.0,0.0,0.0,0.0,0.0,0.0,0.0,0.0,0.0,0.0,0.0,0.0,0.0,0.0,0.0,0.0,0.0,0.0,0.0,0.0,0.0,0.0,0.0,0.0,0.0,0.0,0.0,0.0,0.0,0.0,0.0,0.0,0.0,0.0,0.0,0.0,0.0,0.0,0.0,0.0,0.0,0.0,0.0,0.0,0.0,0.0,0.0,0.0,0.0,0.0,0.0,0.0,0.0,0.0,10.890825271606445,0.0,0.0,0.0,0.0,23.218427658081055,0.0,0.0,0.0,0.0,0.0,0.0,0.0,0.0,0.0,0.0,0.0,0.0,0.0,0.0,0.0,0.0,0.0,0.0,0.0,0.0,0.0,0.0,0.0,0.0,0.0,0.0,0.0,0.0,0.0,0.0,0.0,0.0,0.0,0.0,0.0,0.0,0.0,0.0,0.0,0.0,0.0,0.0,0.0,0.0,0.0,0.0,0.0,0.0,0.0,0.0,0.0,0.0,0.0,0.0,0.0,0.0,0.0,0.0,0.0,0.0,0.0,0.0,0.0,0.0,0.0,0.0,0.0,0.0,0.0,0.0,0.0,0.0,0.0,0.0,0.0,0.0,0.0,0.0,0.0,0.0,0.0,0.0,0.0,0.0,0.0,0.0,0.0,0.0,0.0,0.0,0.0,0.0,0.0,0.0,0.0,0.0,0.0,0.0,0.0,0.0,0.0,0.0,0.0,0.0,0.0,0.0,0.0,0.0,0.0,0.0,0.0,51.765804290771484,0.0,0.0,0.0,0.0,0.0,0.0,0.0,0.0,0.0,0.0,0.0,0.0,0.0,0.0,2.892275094985962,0.0,0.0,0.0,0.0,0.0,0.0,0.0,0.0,0.0,0.0,0.0,0.0,0.0,0.0,0.0,0.0,0.0,0.0,0.0,0.0,0.0,0.0,0.0,0.0,0.0,0.0,0.0,0.0,0.0,0.0,0.0,0.0,0.0,0.0,0.0,0.0,0.0,0.0,0.0,0.0,0.0,0.0,0.0,0.0,0.0,0.0,0.0,0.0,0.0,0.0,0.0,0.0,0.0,0.0,0.0,0.0,0.0,0.0,0.0,0.0,0.0,0.0,0.0,0.0,0.0,0.0,0.0,0.0,0.0,0.0,0.0,0.0,0.0,6.255387783050537,0.0,0.0,0.0,0.0,0.0,0.0,0.0,0.0,0.0,0.0,0.0,0.0,0.0,0.0,0.0,0.0,0.0,0.0,0.0,0.0,0.0,0.0,0.0,0.0,0.0,0.0,0.0,0.0,0.0,0.0,0.0,0.0,0.0,0.0,0.0,0.0,0.0,0.0,0.0,0.0,12.82593822479248,0.0,0.0,0.0,0.0,0.0,0.0,0.0,0.0,0.0,0.0,0.0,0.0,0.0,0.0,0.0,0.0,0.0,0.0,0.0,0.0,0.0,0.0,0.0,0.0,0.0,0.0,0.0,0.0,0.0,0.0,0.0,0.0,0.0,0.0,0.0,0.0,0.0,0.0,0.0,0.0,0.0,0.0,0.0,0.0,0.0,0.0,0.0,0.0,30.835575103759766,0.0,0.0,0.0,0.0,0.0,34.956478118896484,0.0,1.2513618469238281,0.0,0.0,0.0,0.0,0.0,0.0,0.0,0.0,0.0,0.0,0.0,0.0,0.0,0.0,74.6679916381836,0.0,0.0,0.0,0.0,0.0,0.0,0.0,0.0,0.0,0.0,0.0,0.0,0.0,0.0,0.0,0.0,0.0,0.0,0.0,0.0,0.0,34.51225280761719,0.0,0.0,0.0,0.0,0.0,0.0,0.0,0.0,0.0,0.0,0.0,0.0,0.0,0.0,0.0,0.0,0.0,0.0,0.0,0.0,0.0,0.0,0.0,0.0,0.0,0.0,0.0,0.0,0.0,0.0,0.0,0.0,0.0,0.0,0.0,0.0,0.0,0.0,0.0,0.0,0.0,0.0,0.0,0.0,0.0,0.0,0.0,0.0,0.0,0.0,0.0,0.0,0.0,0.0,0.0,0.0,0.0,0.0,0.0,0.0,0.0,0.0,0.0,0.0,0.0,0.0,0.0,0.0,0.0,0.0,0.0,0.0,0.0,0.0,0.0,0.0,0.0,0.0,0.0,0.0,0.0,0.0,0.0,0.0,0.0,0.0,0.0,0.0,0.0,0.0,0.0,0.0,0.0,0.0,0.0,0.0,0.0,0.0,0.0,0.0,0.0,0.0,0.0,0.0,0.0,0.0,0.0,0.0,0.0,0.0,0.0,0.0,0.0,0.0,10.066792488098145,0.0,0.0,0.0,0.0,0.0,0.0,0.0,0.0,0.0,0.0,0.0,0.0,0.0,0.0,0.0,0.0,0.0,0.0,0.0,0.0,0.0,0.0,0.0,0.0,0.0,0.0,0.0,0.0,0.0,0.0,0.0,9.19291877746582,0.0,0.0,0.0,0.0,0.0,0.0,0.0,7.31290864944458,0.0,0.0,0.0,0.0,0.0,0.0,0.0,0.0,0.0,0.0,0.0,0.0,0.0,0.0,0.0,6.05318021774292,0.0,0.0,0.0,0.0,19.405275344848633,0.0,0.0,0.0,0.0,0.0,0.0,0.0,0.0,0.0,0.0,0.0,0.0,0.0,0.0,0.0,0.0,0.0,0.0,0.0,0.0,0.0,0.0,0.0,0.0,0.0,0.0,0.0,0.0,0.0,0.0,0.0,0.0,0.0,0.0,0.0,0.0,0.0,0.0,0.0,0.0,0.0,0.0,0.0,0.0,0.0,0.0,0.0,0.0,0.0,0.0,0.0,0.0,0.0,0.0,0.0,0.0,0.0,0.0,0.0,0.0,0.0,0.0,0.0,0.0,0.0,0.0,0.0,0.0,0.0,0.0,0.0,0.0,0.0,0.0,0.0,0.0,0.0,0.0,0.0,0.0,0.0,0.0,0.0,0.0,0.0,0.0,0.0,0.0,0.0,0.0,0.0,0.0,0.0,0.0,0.0,0.0,0.0,0.0,0.0,0.0,0.0,0.0,0.0,0.0,0.0,0.0,0.0,0.0,0.0,0.0,0.0,46.260318756103516,0.0,0.0,0.0,0.0,0.0,0.0,0.0,0.0,0.0,0.0,0.0,0.0,0.0,0.0,0.0,0.0,0.0,0.0,0.0,0.0,0.0,0.0,0.0,0.0,0.0,0.0,0.0,0.0,0.0,0.0,0.0,0.0,0.0,0.0,0.0,0.0,0.0,0.0,0.0,0.0,0.0,0.0,0.0,0.0,0.0,0.0,0.0,0.0,0.0,0.0,0.0,0.0,0.0,0.0,0.0,0.0,0.0,0.0,0.0,0.0,0.0,0.0,0.0,0.0,0.0,0.0,0.0,0.0,0.0,0.0,0.0,0.0,0.0,0.0,0.0,0.0,0.0,0.0,0.0,0.0,0.0,0.0,0.0,0.0,0.0,0.0,0.0,0.0,0.0,0.0,0.0,0.0,0.0,0.0,0.0,0.0,0.0,0.0,0.0,0.0,0.0,0.0,0.0,0.0,0.0,0.0,0.0,0.0,0.0,0.0,0.0,0.0,0.0,0.0,7.122456073760986,0.0,0.0,0.0,0.0,0.0,0.0,0.0,0.0,0.0,0.0,0.0,0.0,0.0,0.0,0.0,0.0,0.0,0.0,0.0,0.0,0.0,0.0,0.0,0.0,0.0,0.0,0.0,0.0,0.0,0.0,0.0,0.0,0.0,0.0,0.0,0.0,0.0,0.0,0.0,0.0,0.0,0.0,0.0,0.0,0.0,0.0,0.0,0.0,0.0,0.0,0.0,0.0,0.0,0.0,0.0,0.0,0.0,0.0,0.0,0.145406574010849,0.0,0.0,0.0,26.122173309326172,0.0,0.0,0.0,0.0,0.0,45.476383209228516,0.0,7.9284820556640625,0.0,0.0,0.0,0.0,0.0,0.0,0.0,0.0,0.0,0.0,0.0,0.0,0.0,0.0,75.6280517578125,0.0,0.0,0.0,0.0,0.0,0.0,0.0,0.0,0.0,0.0,0.0,0.0,0.0,0.0,0.0,0.0,0.0,0.0,0.0,0.0,0.0,21.618135452270508,0.0,0.0,0.0,0.0,0.0,0.0,0.0,0.0,0.0,0.0,0.0,0.0,0.0,0.0,0.0,0.0,0.0,0.0,0.0,0.0,1.073379635810852,0.0,0.0,0.0,0.0,0.0,0.0,0.0,0.0,0.0,0.0,0.0,0.0,0.0,0.0,0.0,0.0,0.0,0.0,0.0,0.0,0.0,0.0,0.0,0.0,0.0,0.0,0.0,0.0,0.0,0.0,0.0,0.0,0.0,0.0,0.0,0.0,0.0,0.0,0.0,0.0,0.0,0.0,0.0,0.0,0.0,0.0,0.0,0.0,0.0,0.0,0.0,0.0,0.0,0.0,0.0,0.0,0.0,0.0,0.0,0.0,0.0,0.0,0.0,0.0,0.0,0.0,0.0,0.0,0.0,0.0,6.9183173179626465,0.0,32.602298736572266,0.0,0.0,0.0,2.906663179397583,0.0,0.0,0.0,0.0,0.0,0.0,0.0,0.0,0.0,0.0,0.0,0.0,0.0,0.0,0.0,0.0,44.167232513427734,0.0,0.0,0.0,0.0,0.0,0.0,0.0,0.0,0.0,0.0,0.0,0.0,0.0,0.0,0.0,0.0,0.0,0.0,0.0,0.0,0.0,0.0,0.0,0.0,0.0,0.0,0.0,0.0,0.0,0.0,0.0,24.14128875732422,0.0,0.0,0.0,0.0,0.0,13.138394355773926,0.0,8.207314491271973,0.0,0.0,0.0,0.0,0.0,0.0,0.0,0.0,0.0,0.0,0.0,0.0,0.0,3.9422898292541504,0.0,0.0,0.0,0.0,0.0,0.0,4.569806098937988,0.0,0.0,0.0,0.0,0.0,0.0,0.0,0.0,0.0,0.0,0.0,0.0,7.819231986999512,0.0,0.0,0.0,0.0,0.0,0.0,0.0,0.0,0.0,0.0,0.0,0.0,0.0,0.0,0.0,0.0,0.0,0.0,0.0,0.0,0.0,0.0,0.0,0.0,0.0,0.0,0.0,0.0,0.0,0.0,0.0,17.649234771728516,0.0,0.0,0.0,0.0,0.0,0.0,0.0,0.0,0.0,0.0,0.0,0.0,0.0,0.0,0.0,0.0,0.0,0.0,0.0,0.0,0.0,0.0,0.0,0.0,0.0,0.0,0.0,0.0,0.0,0.0,0.0,0.0,0.0,0.0,0.0,0.0,0.0,0.0,0.0,0.0,0.0,0.0,0.0,0.0,0.0,0.0,0.0,0.0,0.0,0.0,0.0,0.0,0.0,0.0,0.0,0.0,0.0,0.0,0.0,0.0,0.0,0.0,0.0,0.0,0.0,0.0,28.714488983154297,0.0,0.0,0.0,0.0,0.0,0.0,0.0,0.0,0.0,0.0,0.0,0.0,0.0,0.0,0.0,0.0,0.0,0.0,0.0,0.0,0.0,0.0,0.0,0.0,0.0,0.0,0.0,0.0,0.0,0.0,0.0,0.0,0.0,0.0,0.0,0.0,0.0,0.0,0.0,0.0,0.0,0.0,0.0,0.0,0.0,0.0,0.0,0.0,0.0,0.0,0.0,0.0,0.0,0.0,0.0,0.0,0.0,0.0,0.0,0.0,0.0,0.0,0.0,0.0,0.0,0.0,0.0,0.0,0.0,0.0,0.0,0.0,0.0,0.0,0.0,0.0,0.0,0.0,0.0,0.0,0.0,0.0,0.0,0.0,0.0,0.0,0.0,0.0,6.391800403594971,0.0,0.0,0.0,0.0,0.0,0.0,0.0,0.0,0.0,0.0,0.0,0.0,0.0,0.0,0.0,0.0,0.0,0.0,0.0,0.0,0.0,0.0,0.0,0.0,0.0,0.0,0.0,0.0,0.0,0.0,0.0,0.0,0.0,0.0,0.0,0.0,0.0,0.0,0.0,0.0,0.0,0.0,0.0,0.0,0.0,0.0,0.0,0.0,0.0,0.0,0.0,0.0,0.0,0.0,0.0,0.0,0.0,0.0,0.0,0.0,0.0,0.0,0.0,0.0,0.0,0.0,0.0,0.0,0.0,0.0,0.0,0.0,0.0,0.0,0.0,0.0,0.0,0.0,0.0,0.0,0.0,0.0,0.0,0.0,0.0,0.0,0.0,0.0,0.0,13.174372673034668,0.0,0.0,0.0,0.0,0.0,32.310585021972656,0.0,0.0,0.0,0.0,0.0,0.0,0.0,0.0,0.0,0.0,0.0,0.0,0.0,0.0,0.0,0.0,0.0,0.0,0.0,0.0,0.0,0.0,0.0,0.0,0.0,0.0,0.0,0.0,0.0,0.0,0.0,0.0,0.0,0.0,0.0,0.0,0.0,0.0,0.0,0.0,0.0,0.0,0.0,0.0,0.0,0.0,0.0,0.0,0.0,0.0,0.0,0.0,0.0,0.0,0.0,0.0,0.0,0.0,0.0,0.0,0.0,0.0,0.0,0.0,0.0,0.0,0.0,0.0,0.0,0.0,0.0,0.0,0.0,0.0,0.0,0.0,0.0,0.0,0.0,0.0,0.0,0.0,0.0,0.0,0.0,0.0,0.0,0.0,0.0,0.0,0.0,0.0,0.0,0.0,0.0,0.0,0.0,0.0,0.0,0.0,0.0,0.0,0.0,0.0,0.0,0.0,0.0,0.0,0.0,0.0,0.0,0.0,0.0,0.0,0.0,0.0,0.0,0.0,0.0,0.0,0.0,0.0,0.0,0.0,0.0,0.0,0.0,0.0,0.0,0.0,0.0,0.0,0.0,0.0,0.0,0.0,0.0,0.0,0.0,0.0,0.0,0.0,0.0,0.0,0.0,0.0,0.0,0.0,0.0,0.0,0.0,0.0,0.0,45.53387451171875,0.0,0.0,0.0,0.0,0.0,0.0,0.0,0.0,0.0,0.0,0.0,0.0,0.0,0.0,0.0,0.0,0.0,0.0,0.0,0.0,0.0,0.0,0.0,0.0,0.0,0.0,0.0,0.0,0.0,0.0,0.0,0.7326599359512329,0.0,0.0,0.0,0.0,0.0,0.0,0.0,0.0,0.0,0.0,0.0,0.0,0.0,0.0,0.0,0.0,0.0,0.0,0.0,0.0,0.0,0.0,0.0,0.0,0.0,0.0,0.0,0.0,0.3485112190246582,0.0,0.0,0.0,0.0,0.0,0.0,0.0,0.0,0.0,0.0,0.0,0.0,0.0,0.0,0.0,0.0,0.0,0.0,0.0,0.0,0.0,0.0,0.0,0.0,0.0,0.0,0.0,0.0,0.0,0.0,0.0,0.0,0.0,0.0,0.0,0.0,0.0,0.0,0.0,0.0,0.0,0.0,0.0,0.0,0.0,0.0,0.0,0.0,0.0,0.0,0.0,0.0,0.0,0.0,0.0,0.0,0.0,0.0,0.0,0.0,0.0,0.0,0.0,0.0,0.0,0.0,0.0,0.0,0.0,0.0,0.0,0.0,0.0,0.0,0.0,0.0,0.0,0.0,0.0,0.0,0.0,0.0,0.0,0.0,0.0,0.0,0.0,0.0,0.0,0.0,0.0,0.0,0.0,0.0,0.0,0.0,0.0,0.0,0.0,0.0,0.0,0.0,0.0,0.0,0.0,0.0,0.0,0.0,0.0,0.0,0.0,0.0,0.0,0.0,0.0,0.0,0.0,0.0,0.0,0.0,0.0,0.0,0.0,0.0,0.0,0.0,0.0,0.0,0.0,0.0,0.0,0.0,0.0,0.0,0.0,0.0,0.0,0.0,0.0,0.0,0.0,0.0,0.0,0.0,0.0,0.0,0.0,0.0,0.0,0.0,0.0,0.0,0.0,0.0,0.0,0.0,0.0,0.0,0.0,0.0,0.0,0.0,0.0,0.0,0.0,0.0,0.0,0.0,0.0,0.0,0.0,0.0,0.0,0.0,0.0,0.0,0.0,0.0,0.0,0.0,0.0,0.0,0.0,0.0,0.0,0.0,0.0,0.0,0.0,0.0,0.0,0.0,0.0,0.0,0.0,0.0,0.0,0.0,0.0,0.0,0.0,0.0,0.0,0.0,0.0,0.0,0.0,0.0,0.0,0.0,0.0,0.0,0.0,0.0,0.0,0.0,0.0,0.0,0.0,0.0,0.0,0.0,0.0,0.0,0.0,0.0,0.0,0.0,0.0,0.0,0.0,0.0,0.0,0.0,0.0,0.0,0.0,0.0,0.0,0.0,0.0,0.0,0.0,0.0,0.0,0.0,0.0,0.0,0.0,0.0,0.0,0.0,0.0,0.0,0.0,0.0,0.0,0.0,0.0,0.0,0.0,0.0,0.0,0.0,0.0,0.0,0.0,0.0,0.0,0.0,0.0,0.0,0.0,0.0,0.0,0.0,0.0,0.0,0.0,0.0,0.0,0.0,0.0,0.0,0.0,0.0,0.0,0.0,0.0,0.0,29.41221809387207,0.0,0.0,0.0,0.0,0.0,0.0,0.0,0.0,0.0,0.0,0.0,0.0,0.0,0.0,0.0,0.0,0.0,0.0,0.0,0.0,0.0,0.0,0.0,0.0,0.0,0.0,0.0,0.0,0.0,0.0,0.0,0.0,0.0,0.0,0.0,0.0,0.0,0.0,0.0,0.0,0.0,0.0,0.0,0.0,16.94866180419922,0.0,0.0,0.0,0.0,0.0,0.0,0.0,0.0,0.0,0.0,0.0,0.0,0.0,0.0,0.0,0.0,0.0,0.0,0.0,0.0,0.0,0.0,0.0,0.0,0.0,0.0,0.0,0.0,0.0,0.0,0.0,0.0,0.0,0.0,0.0,0.0,0.0,0.0,0.0,0.0,0.0,0.0,0.0,0.0,0.0,0.0,0.0,0.0,0.0,0.0,0.0,0.0,0.0,0.0,0.0,0.0,0.0,0.0,0.0,0.0,0.0,0.0,0.0,0.0,0.0,0.0,0.0,0.0,0.0,0.0,0.0,0.0,0.0,0.0,0.0,0.0,0.0,0.0,0.0,0.0,0.0,0.0,0.0,0.0,0.0,0.0,0.0,0.0,0.0,0.0,0.0,0.0,0.0,0.0,0.0,0.0,0.0,0.0,0.0,0.0,0.0,0.0,0.0,0.0,0.0,0.0,0.0,0.0,0.0,0.0,0.0,0.0,0.0,0.0,0.0,0.0,0.0,0.0,0.0,0.0,0.0,0.0,0.0,0.0,4.299535274505615,0.0,0.0,0.0,0.0,0.0,0.0,0.0,0.0,0.0,0.0,0.0,0.0,0.0,0.0,0.0,0.0,0.0,0.0,0.0,0.0,0.0,0.0,0.0,0.0,0.0,0.0,0.0,0.0,0.0,0.0,0.0,0.0,0.0,0.0,0.0,0.0,0.0,0.0,0.0,0.0,0.0,0.0,0.0,0.0,0.0,48.771202087402344,0.0,0.0,0.0,0.0,34.1035041809082,0.0,0.0,0.0,0.0,0.0,0.0,0.0,0.0,0.0,0.0,0.0,0.0,0.0,0.0,0.0,0.0,0.0,0.0,0.0,0.0,0.0,0.0,0.0,0.0,0.0,0.0,0.0,0.0,0.0,0.0,0.0,0.0,0.0,0.0,0.0,0.0,0.0,0.0,0.0,0.0,0.0,0.0,0.0,0.0,0.0,0.0,0.0,0.0,0.0,0.0,0.0,0.0,0.0,0.0,0.0,0.0,0.0,0.0,0.0,0.0,0.0,0.0,0.0,0.0,0.0,0.0,0.0,0.0,0.0,0.0,0.0,0.0,0.0,0.0,0.0,0.0,0.0,0.0,0.0,0.0,0.0,0.0,0.0,0.0,0.0,0.0,0.0,0.0,0.0,0.0,0.0,0.0,0.0,0.0,0.0,0.0,0.0,0.0,0.0,0.0,0.0,0.0,0.0,0.0,0.0,0.0,0.0,0.0,0.0,0.0,0.0,0.0,0.0,0.0,0.0,0.0,0.0,0.0,0.0,0.0,0.0,0.0,0.0,0.0,0.0,0.0,0.0,0.0,0.0,0.0,0.0,0.0,0.0,0.0,0.0,0.0,0.0,0.0,0.0,0.0,0.0,0.0,0.0,0.0,0.0,0.0,0.0,0.0,0.0,0.0,0.0,0.0,0.0,0.0,0.0,0.0,0.0,0.0,0.0,0.0,0.0,0.0,0.0,0.0,0.0,0.0,0.0,0.0,0.0,0.0,0.0,0.0,0.0,0.0,0.0,0.0,0.0,0.0,0.0,0.0,0.0,0.0,0.0,15.646814346313477,0.0,0.0,0.0,0.0,0.0,0.0,0.0,0.0,0.0,0.0,0.0,0.0,0.0,0.0,0.0,0.0,0.0,0.0,0.0,0.0,0.0,0.0,0.0,0.0,0.0,0.0,0.0,0.0,0.0,0.0,0.0,0.0,0.0,0.0,0.0,0.0,0.0,0.0,0.0,0.0,0.0,0.0,0.0,0.0,0.0,0.0,0.0,0.0,0.0,0.0,0.0,0.0,0.0,0.0,0.0,0.0,0.0,0.0,0.0,0.0,0.0,0.0,0.0,0.0,0.0,0.0,0.0,0.0,0.0,0.0,0.0,0.0,0.0,0.0,0.0,0.0,0.0,0.0,0.0,0.0,0.0,0.0,0.0,0.0,0.0,0.0,0.0,0.0,0.0,0.0,0.0,0.0,0.0,0.0,0.0,0.0,0.0,0.0,0.0,0.0,0.0,0.0,0.0,0.0,0.0,0.0,26.243648529052734,0.0,0.0,0.0,0.0,0.0,0.0,0.0,0.0,0.0,0.0,0.0,0.0,0.0,0.0,0.0,0.0,0.0,0.0,0.0,0.0,0.0,0.0,0.0,0.0,0.0,0.0,0.0,0.0,0.0,0.0,0.0,0.0,0.0,0.0,0.0,0.0,0.0,0.0,0.0,0.0,0.0,0.0,0.0,0.0,0.0,0.0,0.0,0.0,0.0,0.0,0.0,7.96740198135376,0.0,0.0,0.0,0.0,0.0,0.0,0.0,0.0,0.0,0.0,0.0,0.0,0.0,0.0,0.0,0.0,0.0,0.0,0.0,0.0,0.0,0.0,0.0,0.0,0.0,0.0,0.0,0.0,0.0,0.0,0.0,0.0,0.0,0.0,0.0,0.0,0.0,0.0,0.0,0.0,0.0,0.0,0.0,0.0,0.0,0.0,0.0,0.0,0.0,0.0,0.0,0.0,0.0,0.0,0.0,0.0,0.0,0.0,0.0,0.0,0.0,0.0,0.0,0.0,0.0,0.0,0.0,0.0,0.0,0.0,0.0,0.0,0.0,0.0,0.0,0.0,0.0,0.0,0.0,0.0,0.0,0.0,0.0,0.0,0.0,0.0,0.0,0.0,0.0,0.0,0.0,0.0,0.0,0.0,0.0,0.0,0.0,0.0,0.0,0.0,0.0,0.0,0.0,0.0,0.0,0.0,0.0,0.0,0.0,0.0,0.0,0.0,0.0,0.0,0.0,0.0,0.0,0.0,0.0,0.0,0.0,0.0,0.0,0.0,0.0,0.0,0.0,0.0,0.0,0.0,0.0,0.0,0.0,0.0,0.0,0.0,0.0,0.0,0.0,0.0,0.0,0.0,0.0,0.0,0.0,0.0,0.0,0.0,0.0,0.0,0.0,0.0,0.0,0.0,0.0,0.0,0.0,0.0,0.0,0.0,0.0,12.271149635314941,0.0,49.49219512939453,0.0,0.0,0.0,0.0,35.57986831665039,0.0,0.0,0.0,0.0,0.0,0.0,0.0,0.0,0.0,0.0,0.0,0.0,0.0,0.0,0.0,0.0,0.0,0.0,0.0,0.0,0.0,0.0,0.0,0.0,0.0,0.0,0.0,0.0,0.0,0.0,0.0,0.0,0.0,0.0,0.0,0.0,0.0,0.0,0.0,0.0,0.0,0.0,0.0,0.0,0.0,0.0,0.0,0.0,0.0,0.0,0.0,0.0,0.0,0.0,0.0,0.0,0.0,0.0,0.0,0.0,0.0,0.0,0.0,0.0,0.0,0.0,0.0,0.0,0.0,0.0,23.076078414916992,54.38450241088867,0.0,6.5546979904174805,0.0,0.0,0.0,0.0,0.0,18.339147567749023,0.0,0.0,0.0,0.0,0.0,0.0,4.644284248352051,0.0,91.83399963378906,0.0,0.0,0.0,0.0,0.0,0.0,2.811190605163574,0.0,0.0,0.0,0.0,7.650892734527588,0.0,0.0,0.0,0.0,0.0,32.503780364990234,0.0,0.0,0.0,11.735295295715332,0.0,0.0,0.0,0.0,0.0,0.0,0.0,18.100914001464844,0.0,0.0,0.0,0.0,0.0,0.0,0.0,24.555322647094727,0.0,0.0,6.042189121246338,0.0,30.099605560302734,0.0,19.621614456176758,0.0,0.0,0.0,0.0,0.0,0.0,0.0,0.0,40.3649787902832,0.0,0.0,0.3452480435371399,0.0,16.847509384155273,2.1985950469970703,1.7254588603973389,0.0,52.723793029785156,0.0,0.0,38.1489372253418,0.0,0.0,30.873228073120117,0.0,0.0,0.0,22.641956329345703,0.0,8.332378387451172,1.0672122240066528,0.0,0.0,0.0,0.0,0.0,12.40489387512207,0.0,0.0,0.0,0.0,0.0,18.766204833984375,0.0,0.0,0.0,0.0,0.0,0.0,11.764654159545898,0.0,0.0,0.0,0.0,0.0,0.0,1.9683171510696411,0.0,0.0,0.0,0.0,8.71358585357666,0.0,0.0,20.937028884887695,0.0,1.7250829935073853,0.0,0.0,15.74648380279541,0.281912237405777,0.0,60.98807907104492,0.0,0.0,0.0,0.0,0.0,0.0,0.0,0.0,0.0,0.0,0.0,0.0,1.3238319158554077,0.0,0.0,0.0,0.0,0.0,0.0,0.0,0.0,0.0,24.890363693237305,0.0,0.0,0.0,0.0,11.205636024475098,0.0,39.04695510864258,0.0,0.0,18.054901123046875,0.0,0.0,0.0,0.0,38.06264114379883,0.0,0.0,0.0,0.0,0.0,0.0,18.54526138305664,0.0,0.0,0.0,0.0,0.0,0.0,0.0,6.343244552612305,0.0,0.0,0.0,0.0,0.0,12.153997421264648,0.0,0.0,15.639619827270508,13.716118812561035,0.0,0.0,27.38503074645996,0.0,0.0,0.0,0.0,0.0,0.0,18.330474853515625,0.0,45.632965087890625,0.0,0.0,0.0,0.0,0.0,0.0,0.0,0.0,43.64583969116211,0.0,0.0,4.463318824768066,0.0,0.0,0.0,0.0,1.827176809310913,0.0,0.0,0.0,0.0,0.0,7.238246440887451,29.947662353515625,0.0,0.0,0.0,4.176543235778809,3.237377405166626,0.0,0.0,0.0,2.1970903873443604,62.00299072265625,0.0,30.629318237304688,58.619964599609375,28.713037490844727,0.0,0.0,0.0,0.0,0.0,0.0,0.0,0.0,0.0,0.0,0.0,0.0,0.0,0.0,0.0,10.958022117614746,0.0,0.0,0.0,0.0,55.40861892700195,0.0,0.0,0.0,0.0,0.0,0.0,32.40107727050781,0.0,0.0,0.0,2.776054859161377,0.0,0.0,14.147183418273926,0.0,0.0,0.6960371136665344,43.57884979248047,0.0,26.972431182861328,6.907588958740234,0.0,28.912235260009766,2.9756217002868652,0.0,0.0,0.0,0.0,0.0,0.0,82.85870361328125,0.0,0.0,0.0,0.0,0.0,0.0,0.0,0.0,0.0,31.64431381225586,0.0,0.0,0.0,0.0,0.0,0.0,0.0,0.0,0.0,23.04109764099121,0.0,0.0,0.0,2.96205735206604,0.0,0.0,0.0,29.336912155151367,39.20448684692383,0.0,0.0,3.596389055252075,5.100010395050049,19.219459533691406,0.0,0.0,0.0,0.0,4.605792999267578,0.0,0.0,0.0,0.0,0.0,0.0,0.0,0.0,0.0,0.0,0.0,0.0,0.0,0.0,0.0,0.0,0.0,0.0,26.37385368347168,0.0,0.0,8.636916160583496,0.0,0.0,0.0,0.0,0.0,0.0,0.0,0.0,4.945523738861084,0.0,0.0,0.0,0.0,0.0,52.65874099731445,34.325775146484375,0.0,15.644999504089355,0.0,0.0,16.313812255859375,0.0,0.0,0.0,11.59029483795166,0.0,10.311718940734863,0.0,34.28083419799805,0.0,11.545036315917969,0.0,0.0,0.0,21.901662826538086,1.9503694772720337,34.00492858886719,18.260692596435547,0.0,0.0,0.0,30.232507705688477,0.0,64.24681854248047,0.0,0.0,0.0,1.613469123840332,0.0,0.0,0.0,0.0,0.0,0.0,0.0,0.0,0.0,0.0,0.0,6.428833961486816,0.0,0.0,0.0,0.0,14.801824569702148,0.0,0.0,0.0,0.0,0.0,15.514087677001953,0.0,0.0,4.444950580596924,0.0,0.0,24.640085220336914,0.0,0.4219663143157959,0.0,0.0,0.0,0.0,0.0,66.09292602539062,0.0,91.2539291381836,0.0,0.0,0.0,0.0,0.0,0.0,0.0,11.9418363571167,0.0,26.13594627380371,0.0,0.0,46.15292739868164,0.0,0.0,0.0,14.626070022583008,0.0,0.0,0.0,0.0,6.43475866317749,0.0,0.0,0.0,7.343692779541016,0.0,0.0,0.0,0.0,0.0,0.0,0.0,0.0,0.0,13.430898666381836,0.0,0.0,0.0,34.00237274169922,0.0,0.0,0.0,0.0,0.0,0.46805399656295776,0.0,0.0,0.0,0.0,0.0,0.0,0.0,0.0,0.0,0.0,0.0,0.0,0.0,3.4604439735412598,0.0,1.568019986152649,0.0,0.0,0.0,0.0,0.0,0.0,0.0,0.0,0.0,0.0,0.0,0.0,0.0,0.0,0.0,0.0,0.0,0.0,0.0,0.0,0.0,0.0,0.0,0.0,0.0,0.0,0.0,0.0,0.0,0.0,0.0,0.0,0.0,0.0,0.0,0.0,0.0,0.0,0.0,0.0,0.0,0.0,0.0,0.0,0.0,0.0,0.0,0.0,0.0,0.0,0.0,0.0,0.0,0.0,0.0,0.0,0.0,0.0,0.0,0.0,0.0,0.0,3.0255517959594727,0.0,0.0,0.0,0.0,0.0,0.0,0.0,0.0,0.0,0.0,0.0,0.0,0.0,0.0,0.0,0.0,0.0,0.0,0.0,0.0,0.0,0.0,0.0,0.0,0.0,0.0,0.0,0.0,0.0,0.0,0.0,0.0,0.0,0.0,0.0,0.0,0.0,0.0,0.0,0.0,0.0,0.0,0.0,0.0,0.0,0.0,0.0,0.0,0.0,0.0,0.0,0.0,0.0,0.0,0.0,0.0,0.0,0.0,0.0,0.0,0.0,0.0,0.0,0.0,0.0,0.0,0.0,0.0,0.0,0.0,0.0,0.0,0.0,0.0,0.0,0.0,0.0,0.0,0.0,0.0,0.0,0.0,0.0,0.0,0.0,0.0,0.0,0.0,0.0,0.0,0.0,0.0,0.0,0.0,0.0,0.0,0.0,0.0,0.0,0.0,0.0,0.0,0.0,0.0,0.0,0.0,0.0,0.0,0.0,0.0,0.0,0.0,0.0,0.0,0.0,0.0,0.0,0.0,0.0,0.0,0.0,0.0,0.0,0.0,0.0,0.0,0.0,0.0,0.0,0.0,0.0,0.0,0.0,0.0,0.0,0.0,0.0,0.0,0.0,0.0,0.0,0.0,0.0,0.0,0.0,0.0,0.0,0.0,0.0,0.0,0.0,0.0,0.0,0.0,0.0,0.0,0.0,39.66734313964844,0.0,0.0,0.0,0.0,0.0,0.0,0.0,1.8713452816009521,0.0,10.439373970031738,0.0,0.0,0.0,0.0,0.0,0.0,0.0,0.0,0.0,0.0,0.0,0.0,0.0,4.396580219268799,0.0,0.0,0.0,0.0,12.336642265319824,0.0,0.0,0.0,0.0,0.0,0.0,0.0,0.0,0.0,0.0,0.0,0.0,0.0,0.0,0.0,99.88307189941406,0.0,0.0,0.0,0.0,0.0,0.0,0.0,0.0,0.0,0.0,0.0,0.0,0.0,0.0,0.0,0.0,0.0,0.0,0.0,0.0,0.0,0.0,0.0,0.0,0.0,0.0,0.0,0.0,0.0,0.0,0.0,0.0,0.0,0.0,0.0,0.0,0.0,0.0,0.0,0.0,0.0,0.0,0.0,0.0,0.0,0.0,0.0,0.0,0.0,0.0,0.0,0.0,0.0,0.0,0.0,0.0,0.0,0.0,0.0,0.0,0.0,0.0,0.0,0.0,0.0,0.0,0.0,0.0,0.0,0.0,0.0,0.0,0.0,0.0,0.0,0.0,0.0,0.0,0.0,0.0,0.0,0.0,0.0,0.0,0.0,0.0,0.0,0.0,0.0,0.0,5.831785202026367,0.0,0.0,0.0,0.0,0.0,44.44939422607422,0.0,0.0,0.0,0.0,0.0,0.0,0.0,0.0,0.0,0.0,0.0,0.0,0.0,0.0,0.0,0.0,0.0,0.0,0.0,0.0,0.0,0.0,0.0,0.0,0.0,0.0,0.0,0.0,0.0,0.0,0.0,0.0,0.0,0.0,0.0,0.0,0.0,0.0,0.0,0.0,0.0,0.0,0.0,0.0,0.0,0.0,0.0,0.0,0.0,0.0,0.0,0.0,0.0,0.0,0.0,0.0,0.0,0.0,0.0,0.0,0.0,0.0,0.0,0.0,0.0,0.0,0.0,0.0,0.0,0.0,0.0,0.0,0.0,13.380874633789062,0.0,0.0,0.0,0.0,10.567277908325195,0.0,0.0,0.0,0.0,0.0,0.0,0.0,0.0,0.0,0.0,0.0,0.0,0.0,0.0,0.0,0.0,0.0,0.0,0.0,0.0,0.0,0.0,0.0,0.0,0.0,0.0,0.0,0.0,0.0,0.0,0.0,0.0,0.0,0.0,0.0,0.0,0.0,0.0,0.0,0.0,0.0,0.0,0.0,0.0,0.0,0.0,0.0,0.0,0.0,0.0,0.0,0.0,0.0,0.0,0.0,0.0,0.0,0.0,0.0,0.0,0.0,0.0,0.0,0.0,0.0,0.0,0.0,0.0,0.0,0.0,0.0,0.0,0.0,0.0,0.0,0.0,0.0,0.0,0.0,0.0,0.0,0.0,0.0,0.0,0.0,0.0,0.0,0.0,0.0,0.0,0.0,0.0,0.0,0.0,0.0,0.0,0.0,0.0,0.0,0.0,0.0,0.0,0.0,0.0,0.0,0.0,0.0,0.0,0.0,0.0,0.0,83.04893493652344,0.0,0.0,0.0,0.0,0.0,0.0,0.0,0.0,0.0,0.0,0.0,9.879365921020508,0.0,0.0,0.0,0.0,0.0,0.0,0.0,0.0,0.0,0.0,0.0,0.0,0.0,0.0,0.0,0.0,0.0,0.0,0.0,0.0,0.0,0.0,0.0,0.0,0.0,0.0,0.0,0.0,0.0,0.0,0.0,0.0,0.0,0.0,0.0,0.0,0.0,0.0,0.0,0.0,0.0,0.0,0.0,0.0,0.0,0.0,0.0,0.0,0.0,0.0,0.0,0.0,0.0,0.0,0.0,0.0,0.0,0.0,0.0,0.0,0.0,0.0,0.0,0.0,0.0,0.0,0.0,0.0,0.0,0.0,0.0,0.0,0.0,0.0,0.0,0.0,14.859281539916992,0.0,0.0,0.0,0.0,0.0,0.0,0.0,0.0,0.0,0.0,0.0,0.0,0.0,0.0,0.0,0.0,0.0,0.0,0.0,0.0,0.0,0.0,0.0,0.0,0.0,0.0,0.0,0.0,0.0,0.0,0.0,0.0,0.0,0.0,0.0,0.0,0.0,0.0,0.0,0.0,15.945252418518066,0.0,0.0,0.0,0.0,0.0,0.0,0.0,0.0,0.0,0.0,0.0,0.0,0.0,0.0,0.0,0.0,0.0,0.0,0.0,0.0,0.0,0.0,0.0,0.0,0.0,0.0,0.0,0.0,0.0,0.0,0.0,0.0,0.0,0.0,0.0,0.0,0.0,0.0,0.0,0.0,0.0,0.0,0.0,0.0,0.0,0.0,0.0,0.0,46.29038619995117,0.0,0.0,0.0,0.0,0.0,10.036337852478027,0.0,0.0,0.0,0.0,0.0,0.0,0.0,0.0,0.0,0.0,0.0,0.0,0.0,0.0,0.0,0.0,45.11921691894531,0.0,0.0,0.0,0.0,0.0,5.90071439743042,0.0,0.0,0.0,0.0,0.0,0.0,0.0,0.0,0.0,0.0,0.0,0.0,0.0,0.0,0.0,97.3458251953125,0.0,0.0,0.0,0.0,0.0,0.0,0.0,0.0,0.0,0.0,0.0,0.0,0.0,0.0,0.0,0.0,0.0,0.0,0.0,0.0,0.0,0.0,0.0,0.0,0.0,0.0,0.0,0.0,0.0,0.0,0.0,0.0,0.0,0.0,0.0,0.0,0.0,0.0,0.0,0.0,0.0,0.0,0.0,0.0,0.0,0.0,0.0,0.0,0.0,0.0,0.0,0.0,0.0,0.0,0.0,0.0,0.0,0.0,0.0,0.0,0.0,0.0,0.0,0.0,0.0,0.0,0.0,0.0,0.0,0.0,0.0,0.0,0.0,0.0,0.0,0.0,0.0,0.0,0.0,0.0,0.0,0.0,0.0,0.0,0.0,0.0,0.0,0.0,0.0,0.0,0.0,0.0,0.0,0.0,0.0,0.0,28.517271041870117,0.0,0.0,0.0,0.0,0.0,0.0,0.0,0.0,0.0,0.0,0.0,0.0,0.0,0.0,0.0,0.0,0.0,0.0,0.0,0.0,0.0,0.0,0.0,0.0,0.0,0.0,0.0,0.0,0.0,0.0,0.0,0.0,0.0,0.0,0.0,0.0,0.0,0.0,0.0,0.0,0.0,0.0,0.0,0.0,0.7129331231117249,0.0,0.0,0.0,0.0,16.52597999572754,0.0,0.0,0.0,0.0,0.0,0.0,0.0,0.0,0.0,0.0,0.0,0.0,0.0,0.0,0.0,0.0,0.0,0.0,0.0,0.0,0.0,0.0,0.0,11.722858428955078,0.0,0.0,0.0,0.0,0.0,0.0,0.0,0.0,0.0,0.0,0.0,0.0,0.0,0.0,0.0,0.0,0.0,0.0,0.0,0.0,0.0,0.0,0.0,0.0,0.0,0.0,0.0,0.0,0.0,0.0,0.0,0.0,0.0,0.0,0.0,0.0,0.0,0.0,0.0,0.0,0.0,0.0,0.0,0.0,0.0,0.0,0.0,0.0,0.0,0.0,0.0,0.0,0.0,0.0,0.0,0.0,0.0,0.0,0.0,0.0,0.0,0.0,0.0,0.0,0.0,0.0,0.0,0.0,0.0,0.0,0.0,0.0,0.0,0.0,0.0,0.0,0.0,0.0,0.0,0.0,0.0,0.0,0.0,0.0,0.0,0.0,0.0,0.0,0.0,0.0,0.0,2.8206300735473633,0.0,0.0,0.0,0.0,0.0,0.0,0.0,0.0,0.0,0.0,0.0,0.0,0.0,0.0,0.0,0.0,0.0,0.0,0.0,0.0,0.0,0.0,0.0,0.0,80.20394134521484,0.0,0.0,0.0,0.0,0.0,0.0,0.0,0.0,0.0,0.0,0.0,18.09634017944336,0.0,0.0,0.0,0.0,0.0,0.0,0.0,0.0,0.0,0.0,0.0,0.0,0.0,0.0,0.0,0.0,0.0,0.0,0.0,0.0,0.0,0.0,0.0,0.0,0.0,0.0,0.0,0.0,0.0,0.0,0.0,0.0,0.0,0.0,0.0,0.0,0.0,0.0,0.0,0.0,0.0,0.0,0.0,0.0,0.0,0.0,0.0,0.0,0.0,0.0,0.0,0.0,0.0,0.0,0.0,0.0,0.0,0.0,0.0,0.0,0.0,0.0,0.0,0.0,0.0,0.0,0.0,0.0,0.0,0.0,0.0,0.0,0.0,0.0,0.0,0.0,0.09844956547021866,0.0,0.0,0.0,0.0,0.0,0.0,0.0,0.0,0.0,0.0,0.0,0.0,0.0,0.0,0.0,0.0,0.0,0.0,0.0,0.0,0.0,0.0,0.0,0.0,1.6256904602050781,4.888241291046143,0.0,0.0,0.0,0.0,0.0,0.0,0.0,0.0,0.0,0.0,0.0,0.0,0.0,0.0,0.0,0.0,0.0,0.0,0.0,0.0,0.0,0.0,0.0,0.0,0.0,0.0,0.0,0.0,0.0,0.0,0.0,0.0,0.0,0.0,0.0,0.0,0.0,0.0,0.0,0.0,0.0,0.0,0.0,0.0,0.0,0.0,0.0,0.0,0.0,0.0,0.0,0.0,0.0,0.0,0.0,0.0,0.0,0.0,0.0,0.0,0.0,0.0,0.0,27.292034149169922,0.0,0.0,0.0,0.0,0.0,21.831918716430664,0.0,0.0,0.0,0.0,0.0,0.0,0.0,0.0,0.0,0.0,0.0,0.0,0.0,0.0,0.0,0.0,49.96583557128906,0.0,0.0,0.0,0.0,0.0,0.0,0.0,0.0,0.0,0.0,0.0,0.0,0.0,0.0,0.0,0.0,0.0,0.0,0.0,0.0,0.0,50.366127014160156,0.0,0.0,0.0,0.0,0.0,0.0,0.0,0.0,0.0,0.0,0.0,0.0,0.0,0.0,0.0,0.0,0.0,0.0,0.0,0.0,0.0,0.0,0.0,0.0,0.0,0.0,0.0,0.0,0.0,0.0,0.0,0.0,0.0,0.0,0.0,0.0,0.0,0.0,0.0,0.0,0.0,0.0,0.0,0.0,0.0,0.0,0.0,0.0,0.0,0.0,0.0,0.0,0.0,0.0,0.0,0.0,0.0,0.0,0.0,0.0,0.0,0.0,0.0,0.0,0.0,11.984006881713867,0.0,0.0,0.0,0.0,0.0,0.0,0.0,0.0,0.0,0.0,0.0,0.0,0.0,0.0,0.0,0.0,0.0,0.0,0.0,0.0,0.0,0.0,0.0,0.0,0.0,0.0,0.0,36.16706466674805,0.0,0.0,0.0,0.0,0.0,0.0,0.0,0.0,0.0,0.0,0.0,0.0,0.0,0.0,0.0,0.0,0.0,0.0,0.0,0.0,0.0,0.0,0.0,0.0,0.0,0.0,0.0,0.0,0.0,0.0,0.0,0.0,0.0,0.0,0.0,0.0,0.0,0.0,0.0,0.0,0.0,0.0,0.0,0.0,0.0,0.0,0.0,20.725881576538086,0.0,0.0,0.0,0.0,29.49783706665039,0.0,0.0,0.0,0.0,0.0,14.918832778930664,0.0,0.0,0.0,0.0,0.0,0.0,0.0,0.0,0.0,0.0,0.0,0.0,0.0,0.0,0.0,0.0,0.0,0.0,0.0,0.0,0.0,0.0,0.0,0.0,0.0,0.0,0.0,0.0,0.0,0.0,0.0,0.0,0.0,0.0,0.0,10.56665325164795,0.0,0.0,0.0,0.0,0.0,0.0,0.0,0.0,0.0,0.0,0.0,0.0,0.0,0.0,0.0,0.0,0.0,0.0,0.0,0.0,0.0,0.0,0.0,0.0,0.0,0.0,0.0,0.0,0.0,0.0,0.0,16.325801849365234,0.0,0.0,0.0,0.0,0.0,0.0,0.0,0.0,0.0,0.0,0.0,0.0,0.0,0.0,0.0,0.0,0.0,0.5794994235038757,0.0,0.0,0.0,0.0,0.0,0.0,0.0,0.0,0.0,0.0,0.0,0.0,0.0,0.0,0.0,0.0,0.0,0.0,0.0,0.0,0.0,0.0,0.0,0.0,0.0,0.0,0.0,0.0,0.0,0.0,0.0,0.0,0.0,0.0,0.0,0.0,0.0,0.0,0.0,0.0,0.0,0.0,0.0,0.0,0.0,0.0,0.0,0.0,45.84062576293945,0.0,0.0,0.0,0.0,0.0,0.0,0.0,0.0,0.0,0.0,0.0,0.0,0.0,0.0,0.0,0.0,0.0,0.0,0.0,0.0,0.0,0.0,0.0,0.0,0.0,0.0,0.0,0.0,0.0,0.0,0.0,0.0,0.0,0.0,0.0,0.0,0.0,0.0,0.0,0.0,0.0,0.0,0.0,0.0,0.0,0.0,0.0,0.0,0.0,0.0,0.0,0.0,0.0,0.0,0.0,0.0,0.0,0.0,0.0,0.0,0.0,0.0,0.0,0.0,0.0,0.0,0.0,0.0,0.0,0.0,0.0,0.0,0.0,0.0,0.0,0.0,0.0,0.0,0.0,0.0,0.0,0.0,0.0,0.0,0.0,0.0,0.0,0.0,12.47165584564209,0.0,0.0,0.0,0.0,0.0,0.0,0.0,0.0,0.0,0.0,0.0,0.0,0.0,0.0,0.0,0.0,0.0,0.0,0.0,0.0,0.0,0.0,0.0,0.0,0.0,0.0,0.0,0.0,0.0,0.0,0.0,0.0,0.0,0.0,0.0,0.0,0.0,0.0,0.0,0.0,0.0,0.0,0.0,0.0,0.0,0.0,0.0,0.0,0.0,0.0,0.0,0.0,0.0,0.0,0.0,0.0,0.0,0.0,0.0,0.0,0.0,0.0,0.0,0.0,0.0,0.0,0.0,0.0,0.0,0.0,0.0,0.0,0.0,0.0,0.0,0.0,0.0,0.0,0.0,0.0,0.0,0.0,0.0,0.0,0.0,0.0,0.0,0.0,0.0,20.466699600219727,0.0,0.0,0.0,0.0,0.0,7.620337009429932,0.0,0.1598033457994461,0.0,0.0,0.0,0.0,0.0,0.0,0.0,0.0,0.0,0.0,0.0,0.0,0.0,0.0,0.0,0.0,0.0,0.0,0.0,0.0,0.0,0.0,0.0,0.0,0.0,0.0,0.0,0.0,0.0,0.0,0.0,0.0,0.0,0.0,0.0,0.0,57.23030090332031,0.0,0.0,0.0,0.0,0.0,0.0,0.0,0.0,0.0,0.0,0.0,0.0,0.0,0.0,0.0,0.0,0.0,0.0,0.0,0.0,0.0,0.0,0.0,0.0,0.0,0.0,0.0,0.0,0.0,0.0,0.0,0.0,0.0,0.0,0.0,0.0,0.0,0.0,0.0,0.0,0.0,0.0,0.0,0.0,0.0,0.0,0.0,0.0,0.0,0.0,0.0,0.0,0.0,0.0,0.0,0.0,0.0,0.0,0.0,0.0,0.0,0.0,0.0,0.0,0.0,0.0,0.0,0.0,0.0,0.0,0.0,0.0,0.0,0.0,0.0,0.0,0.0,0.0,0.0,0.0,0.0,0.0,0.0,0.0,0.0,0.0,0.0,0.0,0.0,0.0,0.0,0.0,0.0,0.0,0.0,0.0,3.367399215698242,0.0,0.0,0.0,0.0,0.0,0.0,0.0,0.0,0.0,0.0,0.0,0.0,0.0,0.0,0.0,0.0,0.0,0.0,0.0,0.0,0.0,0.0,0.0,0.0,0.0,0.0,0.0,0.0,0.0,0.0,0.0,0.0,0.0,0.0,0.0,0.0,0.0,0.0,0.0,0.0,0.0,0.0,0.0,0.0,0.0,0.0,0.0,0.0,0.0,4.318080425262451,0.0,0.0,0.0,0.0,0.0,0.0,0.0,0.0,0.0,0.0,0.0,0.0,0.0,0.0,0.0,0.0,0.0,0.0,0.0,0.0,0.0,0.0,0.0,0.48208361864089966,0.0,0.0,0.0,0.0,0.0,0.0,0.0,0.0,0.0,0.0,0.0,0.0,0.0,0.0,0.0,0.0,0.0,0.0,0.0,0.0,0.0,0.0,0.0,0.0,0.0,0.0,0.0,0.0,0.0,0.0,0.0,0.0,0.0,0.0,0.0,0.0,0.0,0.0,0.0,0.0,0.0,0.0,0.0,0.0,0.0,0.0,0.0,0.0,0.0,0.0,0.0,0.0,0.0,0.0,0.0,0.0,0.0,0.0,0.0,0.0,0.0,0.0,0.0,0.0,0.0,0.0,0.0,0.0,0.0,0.0,0.0,0.0,0.0,0.0,0.0,0.0,0.0,0.0,0.0,0.0,0.0,0.0,0.0,0.0,0.0,0.0,0.0,0.0,0.0,0.0,0.0,0.0,0.0,0.0,0.0,0.0,0.0,0.0,0.0,0.0,0.0,0.0,0.0,0.0,0.0,0.0,0.0,0.0,0.0,0.0,0.0,0.0,0.0,0.0,0.0,0.0,0.0,0.0,0.0,0.0,0.0,0.0,0.0,0.0,0.0,0.0,0.0,0.0,0.0,0.0,0.0,0.0,0.0,0.0,0.0,0.0,0.0,0.0,0.0,0.0,0.0,0.0,0.0,0.0,0.0,0.0,0.0,0.0,0.0,0.0,0.0,0.0,0.0,0.0,0.0,0.0,0.0,0.0,0.0,0.0,0.0,0.0,0.0,0.0,0.0,0.0,0.0,0.0,0.0,0.0,0.0,0.0,0.0,0.0,0.0,0.0,0.0,0.0,0.0,0.0,0.0,0.0,0.0,0.0,0.0,0.0,0.0,0.0,9.158012390136719,0.0,0.0,0.0,0.0,0.0,0.0,0.0,0.0,0.0,0.0,0.0,0.0,0.0,0.0,0.0,0.0,0.0,0.0,0.0,0.0,0.0,0.0,0.0,0.0,0.0,0.0,0.0,0.0,0.0,0.0,0.0,0.0,0.0,0.0,0.0,0.0,0.0,0.0,0.0,0.0,0.0,0.0,0.0,0.0,0.0,0.0,0.0,0.0,0.0,0.0,0.0,0.0,0.0,0.0,0.0,0.0,0.0,0.0,0.0,0.0,0.0,0.0,0.0,0.0,0.0,0.0,0.0,0.0,0.0,0.0,0.0,0.0,0.0,0.0,0.0,0.0,0.0,0.0,0.0,0.0,0.0,0.0,0.0,0.0,0.0,0.0,0.0,0.0,0.0,0.0,0.0,0.0,0.0,0.0,0.0,0.0,0.0,0.0,0.0,0.0,0.0,0.0,0.0,0.0,0.0,0.0,30.467012405395508,0.0,0.0,0.0,0.0,0.0,0.0,0.0,39.345916748046875,0.0,35.204898834228516,0.0,0.0,0.0,0.0,0.0,0.0,0.0,0.0,0.0,0.0,0.0,0.0,0.0,0.0,0.0,0.0,0.0,0.0,35.60063171386719,0.0,0.0,0.0,0.0,0.0,0.0,0.0,0.0,0.0,0.0,0.0,0.0,0.0,0.0,0.0,92.46669006347656,0.0,0.0,0.0,0.0,0.0,0.0,0.0,0.0,0.0,0.0,0.0,0.0,0.0,0.0,0.0,0.0,0.0,0.0,0.0,0.0,0.0,0.0,0.0,0.0,0.0,0.0,0.0,0.0,0.0,0.0,0.0,0.0,0.0,0.0,0.0,0.0,0.0,0.0,0.0,0.0,0.0,0.0,0.0,0.0,0.0,0.0,0.0,0.0,0.0,0.0,0.0,0.0,0.0,0.0,0.0,0.0,0.0,0.0,0.0,0.0,0.0,0.0,0.0,0.0,0.0,0.0,0.0,0.0,0.0,0.0,0.0,0.0,0.0,0.0,0.0,0.0,0.0,0.0,0.0,0.0,0.0,0.0,0.0,0.0,0.0,0.0,0.0,0.0,0.0,0.0,0.0,0.0,0.0,0.0,0.0,0.0,44.5318489074707,0.0,0.0,0.0,0.0,0.0,0.0,0.0,0.0,0.0,0.0,0.0,0.0,0.0,0.0,0.0,0.0,0.0,13.427895545959473,0.0,0.0,0.0,0.0,0.0,0.0,0.0,0.0,0.0,0.0,0.0,0.0,0.0,0.0,0.0,0.0,0.0,0.0,0.0,0.0,0.0,0.0,0.0,0.0,0.0,0.0,0.0,0.0,0.0,0.0,0.0,0.0,0.0,0.0,0.0,0.0,0.0,0.0,0.0,0.0,0.0,0.0,0.0,0.0,0.0,0.0,0.0,0.0,0.0,0.0,0.0,0.0,5.287174224853516,0.0,0.0,58.49045944213867,0.0,0.0,0.0,0.0,11.837522506713867,0.0,0.0,0.0,0.0,0.0,0.0,0.0,0.0,0.0,0.0,0.0,0.0,0.0,0.0,0.0,0.0,0.0,0.0,0.0,0.0,0.0,0.0,0.0,0.0,0.0,0.0,0.0,0.0,0.0,0.0,0.0,0.0,0.0,0.0,0.0,0.0,0.0,0.0,0.0,0.0,0.0,0.0,0.0,0.0,0.0,0.0,0.0,0.0,0.0,0.0,0.0,0.0,0.0,0.0,0.0,0.0,0.0,0.0,0.0,0.0,8.319732666015625,0.0,0.0,0.0,0.0,0.0,0.0,0.0,0.0,0.0,0.0,0.6465975642204285,0.0,0.0,0.0,0.0,0.0,0.0,89.93125915527344,0.0,0.0,0.0,0.0,0.0,0.0,0.0,0.0,0.0,0.0,0.0,0.0,0.0,0.0,0.0,0.0,0.0,0.0,0.0,0.0,0.0,0.0,0.0,0.0,0.0,0.0,0.0,0.0,0.0,9.683887481689453,0.0,0.0,0.0,0.0,0.0,0.0,0.0,0.0,0.0,0.0,0.0,0.0,0.0,0.0,0.0,0.0,0.0,0.0,0.0,0.0,0.0,0.0,0.0,0.0,0.0,0.0,0.0,0.0,0.0,0.0,0.0,0.0,0.0,0.0,0.0,0.0,0.0,0.0,0.0,0.0,0.0,19.552953720092773,0.0,0.0,0.0,0.0,0.0,0.0,0.0,0.0,0.0,0.0,0.0,0.0,0.0,0.0,0.0,0.0,0.0,0.0,0.0,0.0,0.0,0.0,0.0,0.0,0.0,0.0,0.0,0.0,0.0,0.0,0.0,0.0,32.58621597290039,0.0,0.0,5.687144756317139,0.0,0.0,0.0,0.0,0.0,0.0,0.0,0.0,0.0,0.0,32.85458755493164,0.0,0.0,0.0,0.0,0.0,0.0,0.0,0.0,0.0,0.0,0.0,0.0,0.0,0.0,0.0,0.0,0.0,0.0,0.0,0.0,0.0,0.0,0.0,0.0,0.0,0.0,0.0,0.0,0.0,0.0,0.0,0.0,0.0,0.0,0.0,0.0,0.0,0.0,0.0,0.0,0.0,0.0,0.0,0.0,0.0,0.0,0.0,0.0,0.0,0.0,0.0,0.0,0.0,0.0,0.0,0.0,0.0,0.0,0.0,0.0,0.0,0.0,0.0,0.0,0.0,0.0,0.0,0.0,0.0,0.0,0.0,0.0,0.0,0.0,0.0,0.0,0.0,0.0,0.0,0.0,0.0,0.0,0.0,0.0,0.0,0.0,0.0,0.0,0.0,0.0,0.0,0.0,11.746733665466309,0.0,0.0,0.0,0.0,0.0,0.0,0.0,20.753097534179688,0.0,0.0,0.0,0.0,0.0,0.0,0.0,0.0,0.0,0.0,0.0,0.0,0.0,0.0,0.0,0.0,0.0,0.0,0.0,0.0,13.21773910522461,0.0,0.0,0.0,0.0,0.0,0.0,0.0,0.0,0.0,0.0,0.0,0.0,0.0,0.0,0.0,0.0,0.0,0.0,0.0,0.0,0.0,0.0,0.0,0.0,0.0,0.0,0.0,0.0,0.0,1.1591817140579224,0.0,0.0,0.0,0.0,0.0,0.0,0.0,0.0,0.0,0.0,0.0,0.0,0.0,0.0,3.4045021533966064,0.0,0.0,0.0,0.0,0.0,0.0,0.0,0.0,0.0,0.0,0.0,0.0,0.0,0.0,0.0,0.0,0.0,0.0,0.0,0.0,0.0,0.0,0.0,0.0,0.0,0.0,0.0,0.0,0.0,0.0,0.0,0.0,0.0,0.0,0.0,0.0,0.0,0.0,0.0,0.0,0.0,0.0,0.0,0.0,0.0,0.0,0.0,0.0,0.0,0.0,0.0,0.0,0.0,5.442714214324951,0.0,0.0,0.0,0.0,0.0,0.0,0.0,0.0,0.0,0.0,0.0,0.0,0.0,0.0,0.0,0.0,0.0,0.0,0.0,0.0,0.0,0.0,0.0,0.0,0.0,0.0,0.0,0.0,0.0,0.0,0.0,31.33648681640625,0.0,0.0,0.0,0.0,0.0,0.0,0.0,0.0,0.0,0.0,0.0,0.0,0.0,0.0,0.0,0.0,0.0,0.0,1.3165291547775269,0.0,0.0,0.0,0.0,0.0,0.0,0.0,0.0,0.0,0.0,0.0,0.0,0.0,0.0,0.0,0.0,0.0,0.0,0.0,0.0,0.0,0.0,0.0,0.0,0.0,0.0,0.0,0.0,0.0,0.0,0.0,0.0,0.0,0.0,0.0,0.0,56.55910873413086,0.0,0.0,0.0,0.0,22.69003677368164,0.0,0.0,0.0,0.0,0.0,0.0,0.0,0.0,0.0,0.0,0.0,0.0,0.0,0.0,0.0,0.0,0.0,0.0,0.0,0.0,0.0,0.0,0.0,0.0,0.0,0.0,0.0,0.0,0.0,0.0,0.0,0.0,0.0,0.0,0.0,0.0,0.0,0.0,0.0,0.0,0.0,0.0,0.0,48.44450378417969,0.0,0.0,0.0,0.0,0.0,0.0,0.0,0.0,0.0,0.0,0.0,0.0,0.0,0.0,0.0,0.0,0.0,0.0,0.0,0.0,0.0,0.0,0.0,0.0,0.0,0.0,42.409385681152344,8.084070205688477,0.0,13.631704330444336,0.0,0.0,0.0,0.0,0.0,55.549442291259766,10.763110160827637,8.561471939086914,28.984268188476562,0.0,0.0,0.0,0.0,0.0,81.38327026367188,0.0,0.0,0.0,16.156436920166016,0.0,30.325687408447266,0.0,0.0,0.0,0.0,0.0,0.0,0.0,7.985369682312012,0.0,0.0,0.0,0.0,0.0,0.0,0.0,0.0,0.0,0.0,0.0,0.0,0.0,0.839560866355896,0.0,28.347375869750977,0.0,0.0,0.0,0.0,0.0,0.0,0.0,0.0,0.0,0.0,10.009549140930176,0.0,7.014242649078369,0.0,19.369831085205078,0.0,0.0,34.4015007019043,0.0,0.0,32.75595474243164,0.0,0.0,14.56977367401123,0.0,0.0,10.282565116882324,0.0,0.0,0.0,0.0,5.8475871086120605,63.715606689453125,0.0,0.0,1.3167076110839844,31.050296783447266,0.0,12.707242965698242,0.0,0.0,0.0,26.024168014526367,0.0,21.361988067626953,33.173179626464844,0.0,0.0,0.0,0.0,0.0,0.0,0.0,0.0,0.0,0.0,0.0,20.516862869262695,0.0,0.0,0.0,2.072615623474121,0.0,0.0,45.67797088623047,0.0,0.0,0.0,0.0,0.0,0.0,15.509350776672363,0.0,16.942663192749023,0.0,0.0,0.0,0.0,0.0,0.0,0.0,0.0,42.32530212402344,0.0,0.0,0.0,20.390390396118164,48.97108459472656,0.0,0.0,0.0,0.0,0.0,0.0,0.0,0.0,0.0,0.0,2.3175618648529053,0.0,0.0,11.147303581237793,0.0,0.0,3.8421878814697266,0.0,0.0,0.0,0.0,0.0,18.57101058959961,0.0,0.0,0.0,16.33454704284668,6.196659564971924,0.0,9.231200218200684,0.0,0.0,48.94231414794922,3.8186545372009277,0.0,0.0,0.0,17.2071590423584,0.0,0.0,22.19869041442871,0.0,0.0,11.288931846618652,18.76039695739746,0.0,6.525528907775879,0.0,0.0,0.0,0.0,0.0,26.7106990814209,9.8116455078125,0.0,1.120707392692566,0.0,0.0,0.0,0.0,0.0,8.138916015625,0.0,0.0,0.0,21.022409439086914,0.0,0.0,8.44713020324707,0.0,0.0,0.0,37.80938720703125,0.0,3.8026342391967773,0.0,0.0,0.0,0.0,0.0,0.0,0.0,4.459156036376953,17.030418395996094,0.0,2.660161018371582,21.212928771972656,17.123653411865234,0.0,0.0,11.129807472229004,0.0,0.0,0.0,0.0,0.0,0.0,7.232681751251221,39.916316986083984,0.0,0.0,0.0,0.0,0.0,0.0,0.0,0.0,0.0,88.85749816894531,0.0,7.148446559906006,56.399627685546875,14.714805603027344,0.0,0.0,0.0,0.0,0.0,0.0,7.40424919128418,0.0,0.0,0.0,0.0,0.0,0.02524733543395996,0.0,0.0,0.0,0.0,20.062021255493164,0.0,0.0,74.71275329589844,11.831927299499512,0.0,0.0,0.0,0.0,0.0,30.0955810546875,0.0,0.0,3.1940395832061768,6.229499816894531,0.0,0.0,20.4942684173584,0.0,0.0,0.0,65.83284759521484,35.11415100097656,1.0163209438323975,55.68367385864258,0.0,68.85444641113281,0.0,15.719544410705566,0.0,12.27149772644043,0.0,0.0,0.0,92.56090545654297,0.0,0.0,0.0,0.0,0.0,0.0,0.0,0.0,0.0,42.141090393066406,0.0,24.7830810546875,0.0,0.0,0.0,0.0,0.0,0.0,6.511788845062256,42.131195068359375,0.0,0.0,0.0,22.880882263183594,0.0,0.0,0.0,13.291584014892578,18.139204025268555,0.0,0.0,0.0,0.0,0.0,7.645845890045166,0.0,0.0,0.0,0.0,0.0,0.0,0.0,0.0,0.0,0.0,0.0,0.0,0.0,0.0,32.49999237060547,0.0,0.0,0.0,0.0,34.36548614501953,6.555779457092285,0.0,17.988933563232422,0.0,26.39826774597168,5.154921054840088,0.0,0.0,0.0,0.0,0.0,0.0,0.0,0.0,31.368701934814453,0.0,0.0,27.535629272460938,18.64772605895996,0.0,43.12525939941406,44.50258255004883,0.0,0.0,0.0,0.0,0.0,0.0,0.0,0.0,0.0,9.131498336791992,6.264998435974121,0.0,53.151817321777344,0.0,0.0,16.9620418548584,24.961688995361328,0.0,8.888227462768555,6.731217861175537,57.50828552246094,0.0,0.0,0.0,0.0,30.573225021362305,0.0,77.13961029052734,0.1495179384946823,0.0,0.0,0.0,0.0,0.0,0.0,0.0,0.0,0.0,0.0,0.0,0.0,0.0,0.0,47.980674743652344,2.0215322971343994,0.0,0.0,0.0,31.398210525512695,0.0,0.0,0.0,0.0,0.0,31.57589340209961,0.0,0.0,3.3114864826202393,0.0,0.0,50.08611297607422,11.405513763427734,0.0,0.0,0.0,0.0,0.0,0.0,42.92546081542969,3.694389820098877,64.34230041503906,0.0,0.0,0.0,0.0,0.0,13.088821411132812,0.0,0.0,0.0,12.908023834228516,0.0,0.0,86.05455017089844,0.0,28.038862228393555,0.0,22.125743865966797,0.0,0.0,0.0,0.0,0.3895840048789978,0.0,0.0,0.0,20.740449905395508,0.0,0.0,0.0,0.0,35.24582290649414,0.0,10.422236442565918,0.0,0.0,0.0,0.0,0.0,0.0,0.0,6.995558261871338,0.0,0.0,0.0,0.0,8.880813598632812,0.0,0.0,0.0,0.0,0.0,0.0,0.0,4.574573516845703,0.0,1.9531989097595215,9.426189422607422,0.0,0.0,14.361886978149414,0.0,18.207263946533203,0.0,0.0,0.0,9.197739601135254,0.0,0.0,0.0,0.0,0.0,26.643970489501953,42.3144416809082,0.0,39.34529113769531,0.0,0.0,0.0,0.0,0.0,0.0,0.0,0.0,0.0,0.0,5.79072904586792,0.0,0.0,7.447266101837158,0.0,0.0,0.0,0.0,0.0,13.201215744018555,0.0,0.0,0.0,0.0,0.0,0.0,0.0,0.0,0.0,0.0,0.0,0.0,0.0,0.0,0.0,0.0,0.0,0.0,0.0,0.0,0.0,0.0,0.0,0.0,0.0,0.0,0.0,0.0,0.0,0.0,0.0,0.0,0.0,0.0,0.0,0.0,14.056170463562012,0.0,0.0,0.0,0.0,0.0,0.0,0.0,0.0,0.0,0.0,0.0,0.0,0.0,0.0,0.0,13.46401309967041,0.0,15.91476821899414,0.0,0.0,0.0,0.0,0.0,0.0,0.0,0.0,0.0,51.40507888793945,0.0,0.0,0.0,0.0,0.0,0.0,0.0,0.0,4.107782363891602,0.0,0.0,0.0,0.0,0.0,0.0,13.72429084777832,0.0,0.0,18.94281578063965,0.0,0.0,0.0,0.0,0.0,0.0,0.0,0.0,0.0,0.0,0.0,0.0,0.0,0.0,0.0,0.0,0.0,0.0,0.0,0.0,0.0,0.0,0.0,0.0,0.0,0.0,0.0,0.0,0.0,0.0,0.0,0.0,0.0,0.0,0.0,0.0,0.0,0.0,3.250554084777832,0.0,17.025653839111328,0.0,0.0,0.0,0.0,0.0,0.0,2.9828429222106934,0.0,0.0,0.0,0.0,0.0,0.0,0.0,0.0,0.0,0.0,0.0,0.0,0.0,0.0,0.0,0.0,0.0,0.0,0.0,0.0,0.0,9.751102447509766,0.0,0.0,0.0,0.0,0.0,0.0,8.296034812927246,0.0,0.0,0.0,0.0,0.0,0.0,0.0,0.0,0.0,0.0,0.0,0.0,0.0,0.0,0.0,0.0,0.0,0.0,0.0,0.0,0.0,0.0,0.0,0.0,0.0,0.0,51.41843032836914,0.0,0.0,0.0,33.693687438964844,0.0,0.0,39.35348892211914,15.960363388061523,0.0,19.45609474182129,0.0,0.0,0.0,0.0,0.0,0.0,0.0,0.0,0.0,0.0,0.0,0.0,0.0,0.0,0.0,0.0,0.0,0.0,0.8440121412277222,0.0,0.0,0.0,0.0,0.0,0.0,22.136470794677734,0.0,0.0,0.0,0.0,0.0,0.0,0.0,0.0,89.98979187011719,0.0,36.728694915771484,0.0,0.0,0.0,1.5274391174316406,20.50619888305664,0.0,0.0,41.617218017578125,0.0,0.0,0.0,0.0,0.0,0.0,0.0,0.0,0.0,0.0,0.0,0.0,0.0,0.0,0.0,0.0,0.0,0.0,0.0,0.0,0.0,0.0,0.0,0.0,0.0,0.0,0.0,0.0,0.0,0.0,9.000797271728516,0.0,0.0,0.0,0.0,0.0,0.0,0.0,0.0,0.0,0.0,0.0,0.0,0.0,0.0,48.647037506103516,0.0,0.0,0.0,8.119192123413086,0.0,0.0,0.0,0.0,8.03883171081543,0.0,0.0,0.0,0.0,0.0,13.785228729248047,0.0,0.0,0.0,0.0,0.0,0.0,0.0,0.0,0.0,0.0,0.0,0.0,0.0,0.0,0.0,0.0,0.0,0.0,0.0,63.94967269897461,0.0,0.0,0.0,0.0,0.0,50.58504104614258,0.0,0.0,0.0,0.0,0.0,0.0,0.0,0.0,0.0,0.0,0.0,35.26179122924805,0.0,0.0,19.081005096435547,0.0,0.0,1.590137243270874,0.0,0.0,0.0,0.0,0.0,0.0,0.0,0.0,0.0,0.0,17.23194122314453,0.0,0.0,0.0,0.0,0.0,0.0,0.0,0.0,0.0,0.0,14.296642303466797,0.0,0.0,0.0,1.6744821071624756,0.0,0.0,0.0,0.0,54.376129150390625,0.0,0.0,0.0,0.0,0.0,0.0,0.0,0.0,0.0,0.0,0.0,0.0,0.0,0.0,0.0,0.0,0.0,0.0,0.0,0.0,0.0,1.5444135665893555,0.0,0.0,35.97241973876953,0.0,0.0,33.321285247802734,2.7491374015808105,25.127290725708008,0.0,0.0,0.0,0.0,0.0,0.0,0.0,0.0,0.8915351033210754,0.0,2.318830728530884,0.0,0.0,17.98016357421875,0.0,0.0,0.0,0.0,0.0,0.0,0.0,0.0,0.0,0.0,0.0,0.0,0.0,12.528929710388184,0.0,0.0,0.0,0.0,0.0,0.0,0.0,0.0,0.0,0.0,7.659964561462402,9.4855318069458,1.837738275527954,0.0,0.0,0.0,7.452831268310547,0.0,0.0,0.0,0.0,0.0,0.0,0.0,0.0,0.0,0.0,0.0,0.0,4.504778861999512,0.0,0.0,9.081425666809082,0.0,0.0,0.0,0.0,0.0,0.0,0.0,0.0,0.0,0.0,0.0,0.0,0.0,7.877242565155029,0.0,0.0,0.0,0.0,0.0,39.099754333496094,0.0,1.945973515510559,0.0,0.0,0.0,0.0,0.0,0.0,0.0,0.0,0.7673633098602295,0.0,1.0483543872833252,0.0,0.0,0.0,0.0,0.0,0.0,0.0,0.0,0.0,0.0,0.0,0.0,0.0,0.0,0.0,0.0,0.0,0.0,0.0,0.0,0.0,0.0,0.0,0.0,0.0,0.0,0.0,0.0,0.0,4.704509258270264,0.0,0.0,0.0,0.0,0.0,0.0,0.0,0.0,0.0,0.0,0.0,0.0,0.0,0.0,0.0,0.0,0.0,0.0,0.0,0.0,0.0,0.0,0.0,0.0,0.0,0.0,0.0,0.0,0.0,0.0,0.0,0.0,0.0,1.3924983739852905,0.0,0.0,0.0,0.0,0.0,0.0,0.0,0.0,0.0,50.64632034301758,0.0,0.0,0.0,0.0,0.0,0.0,0.0,0.0,0.0,0.0,0.0,0.0,0.0,0.0,0.0,0.0,0.0,0.0,34.5793571472168,0.0,0.0,0.0,0.0,0.0,0.0,0.0,0.0,0.0,0.0,0.0,0.0,0.0,0.0,0.0,0.0,0.0,0.0,0.0,0.0,0.0,0.0,0.0,0.0,0.0,0.0,0.0,0.0,0.0,0.0,0.0,0.0,0.0,0.0,0.0,0.0,0.0,0.0,0.0,0.0,43.862125396728516,0.0,0.0,0.0,0.0,0.0,0.0,0.0,0.0,0.0,0.0,0.0,0.0,0.0,0.0,0.0,0.0,0.0,0.0,0.0,0.0,0.0,0.0,0.0,0.0,0.0,0.0,0.0,0.0,0.0,0.0,0.0,0.0,0.0,0.0,0.0,0.9720436334609985,0.0,0.0,0.0,0.0,0.0,0.0,0.0,0.0,0.0,0.0,0.0,0.0,0.0,0.0,0.0,0.0,0.0,0.0,0.0,0.0,0.0,0.0,0.0,0.0,0.0,0.0,49.12202453613281,0.0,0.0,0.0,14.975815773010254,0.0,0.0,32.24056625366211,8.340229988098145,0.0,7.367675304412842,0.0,0.0,0.0,0.0,0.0,0.0,0.0,0.0,0.0,0.0,0.0,0.0,0.0,0.0,0.0,0.0,0.0,0.0,0.0,0.0,0.0,0.0,0.0,0.0,0.0,0.0,0.0,0.0,0.0,0.0,0.0,0.0,0.0,0.0,72.9832763671875,0.0,0.0,0.0,0.0,0.0,0.0,0.0,0.0,0.0,16.83993911743164,0.0,0.0,0.0,0.0,0.0,0.0,0.0,0.0,0.0,0.0,0.0,0.0,0.0,0.0,0.0,0.0,0.0,0.0,0.0,0.0,0.0,0.0,0.0,0.0,0.0,0.0,0.0,0.0,0.0,0.0,0.0,0.0,0.0,0.0,0.0,0.0,0.0,0.0,0.0,0.0,0.0,0.0,0.0,0.0,0.0,4.027681350708008,0.0,0.0,0.0,0.0,0.0,0.0,0.0,0.0,0.0,0.0,0.0,0.0,0.0,0.0,0.0,0.0,0.0,0.0,0.0,0.0,0.0,0.0,0.0,0.0,0.0,0.0,0.0,0.0,0.0,0.0,0.0,0.0,0.0,0.0,3.4663267135620117,0.0,0.0,0.0,0.0,0.0,48.359161376953125,8.553013801574707,0.0,0.0,0.0,0.0,0.0,0.0,0.0,0.0,0.0,0.0,24.31039047241211,0.0,0.0,0.0,0.0,0.0,0.0,0.0,0.0,0.0,0.0,0.0,0.0,0.0,0.0,0.0,0.0,0.0,0.0,0.0,0.0,0.0,0.0,0.0,0.0,0.0,0.0,0.0,0.0,0.0,0.0,0.0,0.0,0.0,0.0,0.0,0.0,4.67047119140625,0.0,0.0,0.0,0.0,0.0,0.0,0.0,0.0,0.0,0.0,0.0,0.0,0.0,0.0,0.0,0.0,0.0,0.0,0.0,0.0,0.0,0.0,0.0,0.0,21.733379364013672,0.0,0.0,0.0,0.0,15.113433837890625,0.0,0.0,0.0,0.0,0.0,0.0,0.0,0.0,0.0,0.0,3.8299505710601807,0.0,0.0,0.0,0.0,0.0,0.0,0.0,0.0,0.0,0.0,0.0,0.0,0.0,0.0,0.0,0.0,17.284177780151367,0.0,0.0,0.0,0.0,0.0,0.0,0.0,0.0,0.0,0.0,0.0,0.0,3.0989134311676025,0.0,0.0,0.0,7.474835395812988,0.0,0.0,0.0,0.0,0.0,0.0,0.0,0.0,0.0,0.0,0.0,0.0,0.0,0.0,0.0,13.716401100158691,0.0,0.0,0.0,0.0,0.0,0.0,0.0,0.0,0.0,0.0,0.0,0.0,0.0,20.749177932739258,0.0,0.0,0.0,0.0,0.0,26.463903427124023,0.0,0.0,0.0,0.0,0.0,0.0,0.0,0.0,0.0,0.0,0.0,0.0,0.0,0.0,0.0,0.0,0.0,0.0,0.0,0.0,0.0,0.0,0.0,0.0,0.0,0.0,0.0,0.0,0.0,0.0,0.0,0.0,0.0,0.0,0.0,0.0,0.0,0.0,0.0,0.0,0.0,0.0,20.878442764282227,0.0,0.0,0.0,0.0,0.0,0.0,0.0,0.0,0.0,0.0,0.0,0.0,0.0,0.0,0.0,0.0,0.0,0.0,0.0,0.0,0.0,0.0,0.0,0.0,0.0,0.0,0.0,0.0,0.0,0.0,0.0,0.0,0.0,0.0,0.0,0.0,0.0,0.0,0.0,0.0,0.0,0.0,0.0,0.4601289629936218,0.0,0.0,0.0,0.0,0.0,0.0,0.0,0.0,0.0,0.0,0.0,0.0,0.0,0.0,0.0,0.0,0.0,0.0,34.48786544799805,0.0,0.0,0.0,0.0,0.0,0.0,0.0,0.0,0.0,0.0,0.0,0.0,0.0,0.0,0.0,0.0,0.0,0.0,0.0,0.0,0.0,0.0,0.0,0.0,0.0,0.0,0.0,0.0,0.0,0.0,0.0,0.0,0.0,0.0,0.0,0.0,0.0,0.0,0.0,0.0,34.143348693847656,0.0,0.0,0.0,0.0,0.0,0.0,0.0,0.0,0.0,0.0,0.0,0.0,0.0,0.0,0.0,0.0,0.0,0.0,0.0,0.0,0.0,0.0,0.0,0.0,0.0,0.0,0.0,0.0,0.0,0.0,0.0,0.0,0.0,0.0,0.0,0.0,0.0,0.0,0.0,0.0,0.0,0.0,0.0,0.0,0.0,0.0,0.0,0.0,0.0,0.0,0.0,0.0,0.0,0.0,0.0,0.0,0.0,0.0,0.0,0.0,0.0,0.0,28.39011001586914,0.0,0.0,0.0,0.0,0.0,0.0,26.79090118408203,0.0,0.0,0.33700087666511536,0.0,0.0,0.0,0.0,0.0,0.0,0.0,0.0,0.0,0.0,0.0,0.0,0.0,0.0,0.0,0.0,0.0,0.0,0.0,0.0,0.0,0.0,0.0,0.0,0.0,0.0,0.0,0.0,0.0,0.0,0.0,0.0,0.0,0.0,31.552043914794922,0.0,0.0,0.0,0.0,0.0,0.0,0.0,0.0,0.0,12.32118034362793,0.0,0.0,0.0,0.0,0.0,0.0,0.0,0.0,0.0,0.0,0.0,0.0,0.0,0.0,0.0,0.0,0.0,0.0,0.0,0.0,0.0,0.0,0.0,0.0,0.0,0.0,0.0,0.0,0.0,0.0,0.0,0.0,0.0,0.0,0.0,0.0,0.0,0.0,0.0,0.0,0.0,0.0,0.0,0.0,0.0,0.0,0.0,0.0,0.0,0.0,0.0,0.0,0.0,0.0,0.0,0.0,0.0,0.0,0.0,0.0,0.0,0.0,0.0,0.0,0.0,0.0,0.0,0.0,0.0,0.0,0.0,0.0,0.0,0.0,0.0,0.0,0.0,0.0,0.0,0.0,0.0,0.0,0.0,16.126827239990234,0.0,0.0,15.81035327911377,1.6509196758270264,0.0,0.0,0.0,0.0,0.0,0.0,0.0,0.0,0.0,0.0,21.944820404052734,0.0,0.0,0.0,0.0,0.0,0.0,0.0,0.0,0.0,0.0,0.0,0.0,0.0,0.0,0.0,0.0,0.0,0.0,0.0,0.0,0.0,0.0,0.0,0.0,0.0,0.0,0.0,0.0,0.0,0.0,0.0,0.0,0.0,0.0,0.0,0.0,14.179203033447266,0.0,0.0,0.0,0.0,0.0,0.0,0.0,0.0,0.0,0.0,0.0,0.0,0.0,0.0,0.0,0.0,0.0,0.0,0.0,0.0,0.0,0.0,0.0,0.0,0.0,0.0,0.0,0.0,0.0,36.35478591918945,0.0,0.0,0.0,0.0,0.0,0.0,0.0,0.0,0.0,0.0,0.0,0.0,0.0,0.0,0.0,0.0,0.0,0.0,0.0,0.0,0.0,0.0,0.0,0.0,0.0,0.0,0.0,0.0,0.0,0.0,0.0,0.0,0.0,0.0,0.0,0.0,0.0,0.0,0.0,0.0,12.988600730895996,0.0,0.0,0.0,22.203144073486328,0.0,0.0,0.0,0.0,0.0,0.0,0.0,0.0,0.0,0.0,0.0,0.0,0.0,0.0,0.0,15.962484359741211,0.0,0.0,0.0,0.0,0.0,0.0,0.0,0.0,0.0,0.0,0.0,0.0,13.353348731994629,14.410983085632324,0.0,0.0,0.0,0.0,0.0,14.650132179260254,0.0,2.576913833618164,0.0,0.0,0.0,0.0,0.0,0.0,0.0,0.0,0.0,0.0,0.0,0.0,0.0,0.0,0.0,0.0,0.0,0.0,0.0,0.0,0.0,0.0,0.0,0.0,0.0,0.0,0.0,0.0,0.0,0.0,0.0,0.0,0.0,0.0,0.0,0.0,0.0,0.0,0.0,0.0,0.0,0.0,0.0,0.0,0.0,0.0,0.0,0.0,0.0,0.0,0.0,0.0,0.0,0.0,0.0,0.0,0.0,0.0,0.0,0.0,0.0,0.0,0.0,0.0,0.0,0.0,0.0,0.0,0.0,0.0,0.0,0.0,0.0,0.0,0.0,0.0,0.0,0.0,0.0,0.0,0.0,0.0,0.0,0.0,20.011539459228516,0.0,0.0,0.0,0.0,0.0,0.0,0.0,0.0,6.6159749031066895,0.0,0.0,0.0,0.0,0.0,0.0,0.0,0.0,0.0,36.97311782836914,0.0,0.0,0.0,0.0,0.0,0.0,0.0,0.0,0.0,0.0,0.0,0.0,0.0,0.0,0.0,0.0,0.0,0.0,0.0,0.0,0.0,0.0,0.0,0.0,0.0,0.0,0.0,0.0,0.0,0.0,0.0,0.0,0.0,0.0,0.0,0.0,0.0,0.0,0.0,0.0,30.109806060791016,0.0,0.0,0.0,0.0,0.0,0.0,0.0,0.0,0.0,0.0,0.0,0.0,0.0,0.0,0.0,0.0,0.0,0.0,0.0,0.0,0.0,0.0,0.0,0.0,0.0,0.0,0.0,0.0,0.0,0.0,0.0,0.0,0.0,0.0,0.0,1.9064133167266846,0.0,0.0,0.0,0.0,0.0,0.0,0.0,0.0,0.0,0.0,0.0,0.0,0.0,0.0,0.0,0.0,0.0,0.0,0.0,0.0,0.0,0.0,0.0,0.0,0.0,0.0,23.190654754638672,0.0,0.0,0.0,16.456363677978516,0.0,0.0,7.919478893280029,23.051191329956055,0.0,21.94080352783203,0.0,0.0,0.0,0.0,0.0,0.0,0.0,0.0,0.0,0.0,0.0,0.0,0.0,0.0,0.0,0.0,0.0,0.0,0.0,0.0,0.0,0.0,0.0,0.0,0.0,0.0,0.0,0.0,0.0,0.0,0.0,0.0,0.0,0.0,62.24257278442383,0.0,0.0,0.0,0.0,0.0,0.0,0.0,0.0,0.0,24.017005920410156,0.0,0.0,0.0,0.0,0.0,0.0,0.0,0.0,0.0,0.0,0.0,0.0,0.0,0.0,0.0,0.0,0.0,0.0,0.0,0.0,0.0,0.0,0.0,0.0,0.0,0.0,0.0,0.0,0.0,0.0,0.0,0.0,0.0,0.0,0.0,0.0,0.0,0.0,0.0,0.0,0.0,0.0,0.0,0.0,0.0,14.536080360412598,0.0,0.0,0.0,0.0,0.0,0.0,0.0,0.0,0.0,0.0,0.0,0.0,0.0,0.0,0.0,0.0,0.0,0.0,0.0,0.0,0.0,0.0,0.0,0.0,0.0,0.0,0.0,0.0,0.0,0.0,0.0,0.0,0.0,0.0,12.773245811462402,0.0,0.0,0.0,0.0,0.0,43.6717529296875,0.0,0.0,0.0,0.0,0.0,0.0,0.0,0.0,0.0,0.0,0.0,20.713550567626953,0.0,0.0,0.0,0.0,0.0,0.0,0.0,0.0,0.0,0.0,0.0,0.0,0.0,0.0,0.0,0.0,0.0,0.0,0.0,0.0,0.0,0.0,0.0,0.0,0.0,0.0,0.0,0.0,0.0,0.0,0.0,0.0,0.0,0.0,0.0,0.0,25.28304100036621,0.0,0.0,0.0,0.0,0.0,0.0,0.0,0.0,0.0,0.0,0.0,0.0,0.0,0.0,0.0,0.0,0.0,0.0,0.0,0.0,0.0,0.0,0.0,0.0,1.1971617937088013,0.0,0.0,0.0,0.0,30.41227912902832,0.0,0.0,0.0,0.0,0.0,0.0,0.0,0.0,0.0,0.0,7.134274482727051,0.0,0.0,0.0,0.0,0.0,0.0,0.0,0.0,0.0,0.0,0.0,0.0,0.0,0.0,0.0,0.0,17.151630401611328,0.0,0.0,0.0,0.0,0.0,0.0,0.0,0.0,0.0,0.0,0.0,0.0,15.756290435791016,0.0,0.0,0.0,0.11543083190917969,0.0,0.0,0.0,0.0,0.0,0.0,0.0,14.012636184692383,0.0,0.0,0.0,0.0,4.608442306518555,0.0,0.0,20.478084564208984,0.0,0.0,0.0,0.0,0.0,0.0,0.0,0.0,0.0,0.0,0.0,0.0,19.137130737304688,0.0,0.0,0.0,0.0,0.0,0.0,23.35077667236328,0.0,29.90754508972168,0.0,0.0,0.0,0.0,0.0,0.0,0.0,0.0,0.0,0.0,0.0,0.0,0.0,5.165701389312744,0.0,0.0,0.0,0.0,0.0,2.47607421875,0.0,0.0,0.0,2.459120035171509,0.0,0.0,0.0,0.0,0.0,0.0,0.0,0.0,0.0,0.0,0.0,0.0,0.0,0.0,0.0,0.0,0.0,0.0,0.0,0.0,0.0,0.0,0.0,0.0,0.0,0.0,0.0,0.0,0.0,0.0,0.0,0.0,0.0,0.0,0.0,0.0,0.0,0.0,0.0,0.0,0.0,0.0,0.0,0.0,0.0,6.36476993560791,0.0,0.0,2.7247934341430664,0.0,3.520019769668579,0.0,0.0,0.0,0.0,0.0,0.0,0.0,0.0,0.0,20.404699325561523,0.0,0.0,0.0,3.614921808242798,0.0,0.0,0.0,0.0,7.2749738693237305,0.0,18.864608764648438,0.0,0.0,0.0,0.0,33.21576690673828,0.0,0.0,43.63796615600586,0.0,0.0,0.0,0.0,0.0,0.0,0.0,0.0,0.0,0.0,0.0,0.0,0.0,0.0,0.0,0.0,0.0,0.0,0.0,16.327333450317383,0.0,0.0,0.0,0.0,0.0,0.0,0.0,0.0,0.0,0.0,0.0,0.0,0.0,0.0,0.0,0.0,0.0,0.0,0.0,0.0,27.01896858215332,0.0,0.0,0.0,0.0,0.0,0.0,0.0,0.0,0.0,0.0,0.0,0.0,0.0,0.0,0.0,0.0,0.0,0.0,0.0,0.0,0.0,0.0,0.0,0.0,0.0,0.0,0.0,0.0,37.19780731201172,7.61714506149292,0.0,0.0,0.0,0.0,0.0,2.119647741317749,0.0,0.0,0.0,0.0,0.0,0.0,0.0,0.0,0.0,0.0,0.0,0.0,0.0,0.0,0.0,0.0,0.0,0.0,0.0,0.0,0.0,0.0,0.0,15.238815307617188,0.0,0.0,9.201559066772461,0.0,0.0,0.0,27.583030700683594,0.0,0.0,21.873849868774414,43.57456588745117,0.0,38.73980712890625,0.0,0.0,0.0,0.0,0.0,0.0,0.0,0.0,0.0,0.0,0.0,0.0,0.0,0.0,0.0,0.0,0.0,0.0,13.448539733886719,0.0,0.0,0.0,0.0,0.0,0.0,0.0,0.0,0.0,0.0,0.0,0.0,0.0,0.0,0.0,99.04769134521484,0.0,17.59355354309082,0.0,0.0,0.0,0.0,2.5019476413726807,0.0,0.0,34.17377853393555,0.0,0.0,0.0,0.0,0.0,0.0,0.0,0.0,0.0,0.0,0.0,0.0,0.0,0.0,0.0,0.0,0.0,0.0,0.0,0.0,0.0,0.0,0.0,0.0,0.0,0.0,0.0,0.0,0.0,0.0,0.0,8.981752395629883,0.0,0.0,0.0,0.0,0.0,0.0,0.0,0.0,0.0,0.0,0.0,0.0,0.0,30.6912784576416,0.0,0.0,23.77301025390625,0.0,0.0,0.0,0.0,0.0,1.7833781242370605,0.0,0.0,0.0,0.0,1.6995582580566406,0.0,0.0,0.0,0.0,0.0,0.0,0.0,4.290778636932373,0.0,0.0,0.0,0.0,0.0,0.0,0.0,0.0,0.0,0.0,0.0,0.0,49.65183639526367,0.0,0.0,0.0,0.0,0.0,60.24819564819336,0.0,0.0,0.0,0.0,0.0,0.0,0.0,0.0,0.0,0.0,0.0,15.523574829101562,0.0,0.0,0.0,0.0,0.0,28.404172897338867,0.0,0.0,0.0,0.0,0.0,0.0,0.0,0.0,0.0,0.0,0.0,0.0,0.0,0.0,0.0,0.0,0.0,0.0,0.0,0.0,0.0,3.3714113235473633,0.0,0.0,0.0,0.0,0.0,0.0,0.0,0.0,76.68186950683594,0.0,0.0,0.0,0.0,0.0,0.0,0.0,0.0,0.0,0.0,0.0,0.0,0.0,0.0,0.0,0.0,0.0,10.764602661132812,0.0,0.0,0.0,24.676481246948242,0.0,0.0,43.09777069091797,0.0,0.0,0.0,18.958375930786133,31.25543212890625,0.0,0.0,0.0,0.0,0.0,0.0,0.0,0.0,0.0,0.0,31.634077072143555,0.0,0.0,0.0,0.0,0.0,0.0,0.0,0.0,0.0,11.461703300476074,0.0,6.764922142028809,0.0,0.0,3.8220415115356445,0.0,7.421807765960693,0.0,0.0,0.0,0.0,0.0,0.0,0.0,0.0,0.0,0.0,0.0,5.932073593139648,0.0,0.0,0.0,0.0,0.0,0.0,0.0,0.0,0.0,0.0,0.0,0.0,48.06222915649414,0.0,0.0,0.0,0.0,27.47279167175293,0.0,0.0,21.13909912109375,0.0,0.0,0.0,0.0,0.0,0.0,0.0,0.0,0.0,0.0,8.813132286071777,0.0,0.0,0.0,0.0,0.0,0.0,98.68618774414062,12.300557136535645,20.412498474121094,0.0,0.0,0.0,0.0,0.0,0.0,0.0,0.0,0.0,0.0,0.0,0.0,0.0,0.0,0.0,0.0,0.0,0.0,0.0,0.0,0.0,0.0,25.680448532104492,0.0,0.0,0.0,0.0,24.265567779541016,0.0,0.0,0.0,0.0,0.0,0.0,0.0,0.0,0.0,0.0,0.0,0.0,0.0,0.0,0.0,0.0,0.0,0.0,0.0,0.0,0.0,0.0,0.0,0.0,0.0,0.0,0.0,0.0,0.0,4.5603742599487305,0.0,0.0,0.0,0.0,0.0,0.0,0.0,0.0,0.0,0.0,0.0,29.489498138427734,0.0,0.0,0.0,0.0,13.515185356140137,0.0,13.953396797180176,0.0,0.0,0.0,0.0,0.0,21.578929901123047,0.0,0.0,0.0,0.0,0.0,0.0,0.0,0.0,0.0,0.0,0.0,0.0,0.0,0.0,0.0,0.0,3.5074164867401123,0.0,0.0,29.087299346923828,0.0,0.0,33.085052490234375,0.0,0.0,0.0,0.0,0.0,0.0,0.0,0.0,0.0,0.0,28.847566604614258,0.0,0.0,0.0,0.0,0.0,0.0,0.0,0.0,0.0,0.0,0.0,0.0,0.0,0.0,0.0,0.0,0.0,0.0,0.0,0.0,0.0,0.0,0.0,0.0,0.0,0.0,0.0,1.3306570053100586,0.0,0.0,0.0,0.0,0.0,0.0,0.0,0.0,0.0,0.0,0.0,0.0,0.0,0.0,0.0,0.0,0.0,0.0,0.0,0.0,0.0,0.0,0.0,0.0,0.0,0.0,0.0,0.0,0.0,0.0,0.0,0.0,0.0,0.0,0.0,0.0,0.0,9.370264053344727,0.0,0.0,0.0,0.0,0.0,7.1463212966918945,0.0,0.0,0.0,0.0,0.0,0.8428913354873657,0.0,0.0,0.0,0.0,0.0,10.507233619689941,0.0,0.0,0.0,0.0,0.0,0.0,0.0,0.0,0.0,0.0,0.0,0.0,25.543670654296875,0.0,0.0,0.0,0.0,0.0,0.0,0.0,0.0,0.0,0.0,0.0,0.0,0.0,0.0,0.0,0.0,0.0,0.0,0.0,0.0,0.0,0.0,0.0,0.0,13.73105239868164,0.0,0.0,0.0,0.0,0.0,0.0,15.717202186584473,0.0,0.0,0.0,0.0,0.0,0.0,0.0,0.0,0.0,0.0,0.0,3.7252585887908936,0.0,0.0,0.0,0.0,14.430096626281738,0.0,0.0,0.0,0.0,0.0,0.0,0.0,0.0,0.0,0.0,0.20713908970355988,0.0,0.0,0.0,0.0,15.112031936645508,0.0,0.0,0.0,0.0,3.846385955810547,0.0,0.0,0.0,9.060455322265625,0.0,0.0,0.0,0.0,0.0,0.0,0.0,0.0,0.0,0.0,0.0,0.0,0.0,0.0,0.0,0.0,0.0,0.0,0.0,0.0,0.0,0.0,39.8085823059082,0.0,0.0,0.0,0.0,0.0,0.0,0.0,0.0,0.0,0.0,0.0,0.0,0.0,0.0,0.0,0.0,0.0,0.0,0.0,0.0,0.0,0.0,0.0,0.0,0.0,0.0,14.42187786102295,0.0,0.0,0.0,0.0,2.6849656105041504,0.0,0.0,29.32703399658203,3.218824863433838,0.0,0.0,0.0,0.0,7.740483283996582,0.0,0.0,0.0,0.0,0.0,0.0,0.0,9.131281852722168,0.5258365273475647,0.0,0.0,0.8575751781463623,0.0,0.0,0.36587661504745483,6.028618335723877,0.0,34.61284255981445,0.0,0.0,0.0,0.0,0.0,0.0,0.0,0.0,0.0,0.0,0.0,0.0,0.0,0.0,0.0,0.0,0.0,0.0,10.594741821289062,0.0,0.0,6.076712608337402,0.0,0.0,0.0,18.50020408630371,0.0,10.163715362548828,0.0,0.0,63.03724670410156,0.0,0.0,0.0,0.0,0.0,0.0,0.0,0.0,0.0,9.191327095031738,0.0,0.0,0.0,0.0,0.0,0.0,0.0,0.0,0.0,0.0,0.0,0.0,0.0,0.0,61.8527717590332,0.0,0.0,0.0,0.0,8.808533668518066,0.0,0.0,0.0,0.0,0.0,0.0,0.0,0.0,0.0,0.0,18.138689041137695,0.0,0.0,0.0,0.0,0.0,0.0,0.0,0.0,0.0,29.097808837890625,0.0,0.45330479741096497,0.0,0.0,0.0,0.0,0.0,0.0,0.0,0.0,0.0,0.0,0.0,0.0,0.0,0.0,0.0,0.0,0.0,1.318270206451416,0.0,0.0,38.68941879272461,0.0,0.0,0.0,0.0,0.0,0.0,0.0,0.0,17.147790908813477,0.0,0.0,0.0,0.0,0.7518469095230103,0.0,0.0,0.0,0.0,0.0,0.0,0.0,0.0,0.0,0.0,0.0,0.0
n000455_3.jpg,0.0,0.0,0.0,9.885969161987305,0.0,0.0,0.0,0.0,26.762943267822266,0.0,0.0,0.0,0.0,12.430620193481445,0.0,0.0,0.0,12.266305923461914,0.0,0.0,0.0,0.0,0.0,0.0,0.0,0.0,0.0,0.0,0.0,0.0,0.0,0.0,0.024748578667640686,9.446587562561035,0.0,0.0,0.0,0.0,0.0,0.0,0.0,0.0,0.0,0.0,0.0,0.0,0.0,0.0,0.0,0.0,0.0,0.0,0.0,0.0,0.0,15.695883750915527,25.625228881835938,0.0,0.0,0.0,3.273228168487549,0.0,0.0,0.0,0.0,0.0,0.0,0.0,0.0,0.0,0.0,0.0,3.991713285446167,0.0,0.0,0.0,0.0,8.747540473937988,0.0,0.0,4.846297264099121,0.0,0.0,0.0,0.0,0.0,0.0,0.0,0.0,0.0,0.0,0.0,0.0,0.0,6.240611553192139,0.0,0.0,0.0,0.0,0.0,26.578384399414062,0.0,0.0,0.0,0.0,0.0,0.0,0.0,0.0,0.0,0.0,43.77076721191406,0.0,5.612273216247559,0.0,0.0,1.7622755765914917,0.0,0.0,0.0,0.0,0.0,7.717857360839844,0.0,0.0,0.0,0.0,0.0,10.689964294433594,0.0,0.0,10.284217834472656,0.0,0.0,0.0,0.0,0.0,0.0,0.0,0.0,0.0,0.0,0.0,0.0,0.0,0.0,0.0,0.0,0.0,0.0,0.0,0.9379444718360901,0.0,0.0,0.0,7.685772895812988,0.0,0.0,3.4547345638275146,0.0,0.0,0.0,0.0,0.0,0.8235678672790527,0.0,0.0,0.0,0.0,14.885149955749512,0.0,0.0,0.0,0.0,0.0,0.0,0.0,0.0,0.0,2.255585193634033,0.0,0.0,0.0,0.0,0.5498301982879639,0.0,0.0,0.0,0.0,0.0,0.0,0.0,0.0,0.0,0.0,2.200307846069336,0.0,0.0,30.187976837158203,0.0,0.0,0.0,0.0,0.0,0.0,6.603433609008789,0.0,0.0,0.0,0.0,0.0,21.562976837158203,0.0,0.0,0.0,0.0,0.0,0.0,0.0,0.0,4.167647838592529,0.0,0.0,0.0,0.0,0.0,0.0,0.0,0.0,0.0,0.0,0.0,0.0,0.0,0.0,0.0,0.0,0.0,0.0,0.0,0.0,0.0,0.0,0.0,0.0,0.0,0.0,0.0,0.0,17.67988395690918,0.0,0.0,0.0,0.0,37.42521667480469,0.0,0.0,0.0,0.0,0.0,0.0,0.0,0.0,0.0,0.0,0.0,0.0,0.0,0.0,0.50741046667099,0.0,4.223850250244141,0.0,0.0,0.0,0.0,0.0,0.0,0.0,0.0,0.0,1.5908234119415283,0.0,0.0,0.0,2.654827356338501,0.0,0.0,0.0,0.0,0.0,0.0,0.0,0.0,4.844285488128662,0.0,0.0,0.0,9.388500213623047,0.0,0.0,0.0,0.0,0.0,0.0,0.0,0.0,0.0,0.0,0.0,0.0,0.0,0.0,10.834962844848633,0.0,25.456501007080078,0.0,0.0,0.0,0.0,0.0,3.534369468688965,0.0,13.22920036315918,0.0,0.0,0.0,0.0,0.0,0.0,0.0,0.0,0.0,0.0,0.0,0.0,0.0,1.7945054769515991,0.0,0.0,0.0,0.0,0.0,0.0,0.0,11.502875328063965,0.0,0.0,0.0,10.028202056884766,0.0,0.0,0.0,0.0,0.0,0.0,0.0,0.0,0.0,0.0,0.0,0.0,0.0,0.0,10.995203971862793,28.934722900390625,0.0,0.0,0.0,0.0,0.0,27.321989059448242,0.0,0.0,0.0,31.748075485229492,0.0,0.0,0.0,0.0,0.0,0.0,0.0,9.686424255371094,0.0,0.0,0.0,0.0,0.0,0.0,11.797542572021484,0.0,0.0,0.0,0.0,0.0,0.0,0.0,0.0,0.0,0.0,1.1848399639129639,0.0,0.0,0.0,0.0,0.0,15.487788200378418,0.0,0.0,0.0,0.0,0.0,10.867748260498047,14.469079971313477,0.0,0.0,0.0,0.0,0.0,0.0,0.0,0.0,0.0,0.0,0.0,0.0,0.0,0.0,0.0,0.0,0.0,0.0,0.0,0.0,0.0,2.899812936782837,24.143686294555664,0.0,0.0,0.0,1.8150811195373535,0.0,0.0,0.0,0.0,0.0,0.0,0.0,0.0,0.0,0.0,0.0,0.0,0.0,0.0,17.140823364257812,0.0,0.0,0.0,0.0,0.0,0.0,0.0,8.430052757263184,0.0,0.0,0.0,0.0,0.0,0.0,0.0,0.0,8.155420303344727,0.0,0.0,0.0,0.0,0.0,0.0,0.0,0.0,0.0,0.0,0.0,0.0,1.7651063203811646,0.0,0.0,0.0,0.0,0.0,0.0,0.7660118937492371,0.0,0.0,0.0,0.0,0.0,0.0,0.0,0.0,0.0,0.0,0.0,0.0,0.0,0.0,0.0,10.191390037536621,8.556560516357422,0.0,0.0,0.0,0.0,16.79195213317871,0.0,0.0,0.0,0.0,44.8883171081543,0.0,20.20347023010254,0.0,0.0,32.41706085205078,0.0,0.0,0.0,0.0,0.0,0.0,0.0,0.0,0.0,0.0,0.0,0.0,0.0,0.0,0.0,0.0,0.3608325123786926,0.0,5.850340843200684,10.712946891784668,0.0,0.0,24.672622680664062,1.0215888023376465,0.0,0.0,0.0,0.0,0.0,0.0,0.0,0.0,0.0,0.0,0.0,0.0,0.0,0.0,0.0,0.0,0.0,11.85265064239502,19.31253433227539,0.0,0.0,0.0,19.578689575195312,2.8019535541534424,0.0,0.0,0.0,0.0,13.885425567626953,0.0,29.38433074951172,0.0,1.6139740943908691,0.0,0.0,0.0,0.0,0.0,0.0,13.443333625793457,0.0,10.771928787231445,23.15700340270996,0.0,0.0,0.0,0.3244784474372864,0.0,0.0,0.0,0.0,0.0,40.5422477722168,0.0,0.0,0.0,0.0,0.0,0.0,0.0,0.0,0.0,39.30033874511719,0.0,0.0,0.8017409443855286,0.0,0.0,0.0,0.0,0.0,0.0,0.0,59.37142562866211,0.0,4.937816143035889,0.0,17.40193748474121,5.290089130401611,0.0,0.0,0.0,0.0,0.0,14.26791000366211,0.0,0.0,0.0,0.0,5.8866047859191895,14.488931655883789,0.0,0.0,0.0,10.085426330566406,0.0,0.0,4.873063087463379,0.0,0.0,0.0,0.0,0.0,0.0,0.0,0.0,0.0,0.0,0.0,0.0,0.0,0.0,0.0,0.0,0.0,0.0,0.0,7.683342456817627,0.0,0.0,3.7346603870391846,23.031938552856445,0.0,0.0,0.0,0.0,6.183380603790283,0.0,0.0,34.34693908691406,0.0,16.498891830444336,0.0,0.0,0.0,0.0,0.0,0.0,0.0,8.645609855651855,0.0,0.7522040009498596,0.0,0.0,0.0,0.0,1.7024965286254883,0.0,0.0,0.0,0.0,0.0,15.708714485168457,0.0,0.0,0.0,0.0,10.087557792663574,8.13925838470459,0.0,47.14341735839844,0.0,0.0,0.0,33.20515441894531,0.0,0.0,0.0,0.0,0.0,18.083934783935547,0.0,0.0,37.6649284362793,1.4170252084732056,0.0,4.431146621704102,0.0,17.64896011352539,0.0,0.0,0.0,30.464025497436523,0.0,0.0,0.0,0.0,0.0,0.0,0.0,0.0,0.0,0.0,0.0,0.0,0.0,0.0,0.0,0.0,0.0,1.765381932258606,0.0,0.0,0.0,0.0,0.0,0.0,0.0,0.0,0.0,0.0,21.832080841064453,0.0,0.0,0.0,0.0,47.2835693359375,0.0,0.0,0.0,0.0,0.0,0.0,0.0,0.0,0.0,5.223748683929443,0.0,0.0,0.0,0.0,0.0,0.0,7.882316589355469,0.0,0.0,43.83472442626953,0.0,0.0,0.0,0.0,1.9402061700820923,0.0,26.577075958251953,0.0,0.0,8.008440971374512,0.0,33.35829544067383,0.0,0.0,0.0,0.0,0.0,0.0,0.0,0.0,0.0,0.0,0.0,0.0,0.0,0.0,0.0,0.0,0.0,0.0,19.792137145996094,13.348678588867188,0.0,3.065495491027832,14.797758102416992,0.0,0.0,0.0,0.0,0.0,11.557243347167969,0.0,0.0,13.187267303466797,0.0,0.0,13.147025108337402,0.0,16.741323471069336,0.0,0.0,0.0,0.0,0.0,0.0,0.8329904079437256,0.0,0.0,0.0,0.0,0.0,0.0,0.0,0.0,0.0,0.0,1.123703956604004,0.0,0.0,0.0,17.743085861206055,0.0,0.0,0.0,29.137054443359375,0.0,0.0,0.0,0.0,0.0,0.0,0.0,0.0,0.0,0.0,0.7793931365013123,0.0,9.992538452148438,0.0,0.0,19.15520668029785,0.0,0.0,0.0,0.0,0.0,17.499725341796875,10.860326766967773,0.0,0.0,27.695728302001953,0.0,0.0,1.747515320777893,0.0,0.0,0.0,0.0,21.268375396728516,0.0,0.0,0.0,0.0,0.0,0.0,0.0,0.0,0.0,0.0,0.0,0.0,0.0,0.0,0.0,0.0,0.0,0.0,1.7688409090042114,10.341706275939941,0.0,0.0,0.0,22.627960205078125,0.0,0.0,2.379152774810791,0.0,10.840907096862793,38.646240234375,10.20566177368164,0.0,0.0,0.0,0.0,14.517354965209961,0.0,0.0,0.0,0.0,0.0,0.0,0.0,0.0,0.0,0.0,0.0,0.0,0.0,0.0,0.0,0.0,37.719505310058594,52.479434967041016,0.0,0.0,0.0,0.0,0.0,0.0,0.0,0.0,0.0,0.0,0.0,32.097557067871094,0.0,11.347336769104004,0.0,0.0,0.0,0.0,7.7270588874816895,0.0,5.79567289352417,0.0,0.0,0.0,0.0,0.0,0.0,0.0,5.869331359863281,0.0,6.299293041229248,0.0,0.0,5.790904998779297,0.0,17.51456069946289,0.0,0.0,0.0,0.0,13.890886306762695,0.0,0.0,0.0,0.0,0.0,0.0,9.405780792236328,0.0,0.0,0.0,0.0,0.0,0.0,0.0,0.0,0.0,0.0,0.0,0.0,0.0,0.0,0.0,0.0,0.0,0.0,0.0,0.0,0.0,0.0,0.0,0.0,6.181246280670166,0.0,0.0,0.0,0.0,25.7531795501709,0.0,0.0,0.0,1.220502495765686,34.11538314819336,9.083064079284668,40.28309631347656,0.0,0.0,12.757575035095215,0.0,0.0,0.0,10.43653392791748,0.0,2.684314727783203,0.0,0.0,0.0,0.0,0.0,0.0,0.0,0.0,0.0,0.0,0.0,0.0,1.8201379776000977,0.0,0.0,0.0,18.48693084716797,7.3517560958862305,0.0,0.0,0.0,0.0,0.0,0.0,0.0,0.0,0.0,0.0,0.0,0.9964749217033386,0.0,0.0,0.0,0.0,0.0,11.083917617797852,4.150925159454346,0.0,0.0,0.0,5.113394260406494,9.243866920471191,4.902947425842285,3.7575631141662598,0.0,0.0,7.863128185272217,0.0,53.820316314697266,0.0,0.0,0.0,0.0,0.0,0.0,0.0,0.0,0.8057709336280823,0.0,8.926590919494629,25.617809295654297,0.0,0.0,0.0,0.0,0.0,0.0,0.0,0.0,11.244576454162598,38.051692962646484,0.0,0.0,0.0,0.0,0.0,0.0,10.925421714782715,0.0,0.0,27.98009490966797,0.0,0.0,2.132565975189209,0.0,0.0,0.0,0.0,0.0,0.0,0.0,70.958984375,3.579627752304077,4.342379570007324,0.0,9.541661262512207,1.841140866279602,0.0,0.0,0.0,0.0,1.2652887105941772,9.69560718536377,0.0,0.0,0.0,0.0,13.533554077148438,0.0,0.0,0.0,0.0,12.304561614990234,0.0,0.0,0.0,0.0,0.0,0.0,0.0,0.0,0.0,0.0,0.0,4.309306621551514,0.0,0.0,0.0,0.0,0.0,0.0,3.02327299118042,0.0,0.0,0.0,10.416154861450195,0.0,0.0,1.3795523643493652,17.03636360168457,0.0,0.0,0.0,0.0,0.24478286504745483,0.0,0.0,30.224525451660156,0.0,13.004528999328613,0.0,0.0,0.0,0.0,0.0,0.0,0.0,0.0,0.0,0.0,0.0,0.0,0.0,0.0,5.5092058181762695,0.0,0.0,13.798927307128906,0.0,0.0,16.031999588012695,0.0,0.0,0.0,0.0,9.8626070022583,13.657482147216797,0.0,30.786426544189453,36.10490036010742,0.0,0.0,31.140283584594727,0.0,17.36235237121582,2.3961896896362305,0.0,0.0,27.17878532409668,7.97015905380249,0.0,38.48161315917969,2.6857171058654785,0.0,8.46174144744873,0.0,12.121545791625977,0.0,0.0,0.0,25.187158584594727,0.0,0.0,0.0,0.0,0.0,0.0,0.0,0.0,0.0,0.0,0.0,0.0,0.0,0.6672764420509338,0.0,0.0,0.0,0.0,0.0,0.0,0.0,0.0,0.0,2.103158712387085,0.0,0.0,0.0,0.0,16.37205696105957,0.0,0.0,0.0,0.0,55.799888610839844,0.0,0.0,0.0,0.0,4.678403377532959,0.0,0.0,0.0,0.0,5.737113952636719,0.0,0.0,2.9886837005615234,18.153465270996094,0.0,5.866796493530273,11.091035842895508,0.0,18.614728927612305,40.97737503051758,0.0,0.0,0.0,0.0,14.441603660583496,0.0,31.285945892333984,0.0,0.0,7.99351692199707,0.0,25.234519958496094,0.0,0.0,1.2544312477111816,0.0,3.0340054035186768,0.0,0.0,0.0,0.0,0.0,0.0,0.0,0.0,0.0,0.0,0.0,0.0,0.0,7.594699859619141,5.642553329467773,0.0,0.0,14.871360778808594,0.0,10.148423194885254,0.0,0.0,0.0,19.817909240722656,0.0,0.0,0.0,0.0,0.0,37.791847229003906,0.0,19.90608024597168,0.0,0.0,0.0,0.0,18.22795295715332,0.0,3.161637306213379,0.0,0.0,0.0,0.0,0.0,0.0,0.0,0.0,0.0,0.0,0.0,0.0,0.0,0.0,16.536930084228516,0.0,0.0,4.81098747253418,16.895540237426758,0.0,0.0,0.0,0.0,0.0,0.0,5.033448696136475,0.0,0.0,0.0,0.0,0.0,36.64452362060547,0.0,0.0,16.707298278808594,0.0,0.0,0.0,0.0,0.0,6.744449615478516,7.9422760009765625,0.0,0.0,10.246538162231445,0.0,0.0,2.094528913497925,0.0,0.0,0.0,0.0,14.084595680236816,0.0,0.0,0.0,0.0,0.0,0.0,0.0,0.0,0.0,0.0,0.0,0.0,0.0,0.0,0.0,0.0,4.023356914520264,0.0,0.0,11.098209381103516,0.0,1.0105040073394775,0.0,23.616004943847656,0.0,0.0,0.0,0.0,8.442584037780762,32.23728561401367,13.609917640686035,0.0,0.0,0.0,0.0,3.8346354961395264,0.0,8.592360496520996,0.0,0.0,0.0,0.0,0.0,0.0,0.0,0.0,0.0,0.0,0.0,0.0,0.0,0.0,32.15204620361328,41.48604202270508,0.0,0.0,0.0,0.0,0.0,0.0,0.0,0.0,0.0,0.0,0.0,33.104583740234375,0.0,31.218896865844727,0.0,0.0,3.6511411666870117,0.0,0.2473176270723343,0.0,2.8112034797668457,0.0,0.0,0.0,0.0,0.0,0.0,0.0,13.111313819885254,0.0,17.409549713134766,3.5131349563598633,0.0,11.518322944641113,0.0,9.294471740722656,0.0,0.0,0.0,0.0,3.247326135635376,0.0,0.0,0.0,0.0,0.0,0.0,0.0,0.0,0.0,11.469978332519531,0.0,0.0,0.0,0.0,0.0,0.0,0.0,0.0,0.0,0.0,0.0,0.0,0.0,0.0,0.0,0.0,0.0,0.0,0.8439132571220398,0.0,0.0,12.33441162109375,0.0,0.0,0.0,0.0,23.90692901611328,0.0,0.0,0.0,2.759366512298584,3.668846845626831,20.390039443969727,26.786396026611328,0.0,0.0,0.0,0.0,0.0,0.0,19.135393142700195,0.0,21.017133712768555,11.465291023254395,0.0,0.0,0.0,0.0,0.0,0.0,0.0,0.0,0.0,0.0,0.0,3.041672706604004,0.0,0.0,0.0,0.0,0.7385931611061096,1.966385841369629,12.20370864868164,0.0,0.0,0.0,0.0,0.0,0.0,0.0,0.0,0.0,26.12806510925293,0.0,0.0,0.0,0.0,0.0,11.367473602294922,0.0,0.0,0.0,6.264333248138428,0.0,0.0,5.757925033569336,0.0,0.0,0.0,15.229337692260742,0.0,13.637896537780762,0.0,0.0,0.0,0.0,0.0,0.0,0.0,0.0,8.955061912536621,0.0,0.0,1.4108686447143555,0.0,13.223618507385254,0.0,0.0,0.0,0.0,0.0,0.0,7.517509460449219,2.1772165298461914,0.0,0.0,0.16540950536727905,6.1368408203125,0.0,0.0,7.652272701263428,0.0,0.0,0.0,0.0,0.0,2.8716115951538086,0.0,0.0,0.0,0.0,0.0,0.0,0.0,45.279296875,14.723981857299805,0.0,0.0,0.0,0.0,0.0,0.0,0.0,0.0,0.0,0.0,0.0,0.0,0.0,0.0,4.229129314422607,0.0,0.0,0.0,21.549179077148438,0.8716338872909546,0.0,0.0,0.0,0.0,0.0,6.039910793304443,0.0,0.0,0.0,0.0,0.0,0.9520248174667358,0.0,0.0,0.0,0.0,0.0,0.0,7.293839454650879,0.0,0.0,0.0,9.310542106628418,0.0,0.0,0.0,1.7011082172393799,0.0,0.0,0.0,0.0,0.0,0.0,0.0,13.49980640411377,0.0,0.0,0.0,0.0,0.0,0.0,0.0,0.0,0.0,0.0,0.0,0.0,18.951385498046875,0.0,0.0,0.0,4.801204681396484,0.0,0.0,23.25224494934082,0.0,0.0,7.686123847961426,0.0,0.0,0.0,0.0,5.434810638427734,5.165127754211426,0.0,8.733182907104492,37.98831558227539,0.0,0.0,5.15340518951416,0.0,24.107900619506836,0.0,19.283273696899414,0.0,42.4046516418457,5.57719612121582,0.0,19.201637268066406,0.0,0.0,4.919277667999268,0.0,12.998276710510254,0.0,0.0,0.0,4.335158348083496,0.0,0.0,0.0,0.0,0.0,0.0,0.0,0.0,0.0,0.0,0.0,0.0,0.0,0.0,2.6888179779052734,0.0,0.0,0.0,0.0,0.0,0.0,9.53075122833252,3.7762041091918945,0.0,0.0,0.0,0.0,0.0,5.656431198120117,0.0,0.0,0.0,2.3258330821990967,46.8037223815918,0.0,0.0,0.0,0.0,0.0,0.0,0.0,2.0807361602783203,0.0,0.0,4.145711421966553,0.0,10.499092102050781,17.85828399658203,0.0,4.648763656616211,0.0,0.0,25.55961799621582,23.28569221496582,0.0,0.0,0.0,0.0,15.119339942932129,0.0,17.93767738342285,0.0,0.0,1.1434361934661865,0.0,5.051253318786621,0.0,0.0,0.0,0.0,1.0393552780151367,0.0,0.0,0.0,5.00225830078125,0.0,0.0,0.0,0.0,0.0,0.0,0.0,0.0,0.0,0.0,0.0,0.0,0.0,6.639734745025635,3.1715800762176514,8.474780082702637,0.0,0.0,3.2174041271209717,9.72350788116455,0.0,0.0,0.0,0.0,0.0,36.01845169067383,0.0,9.071592330932617,0.0,0.0,10.537511825561523,0.0,12.51012134552002,0.0,0.0,0.0,2.699718713760376,10.290080070495605,0.0,0.0,0.0,0.0,0.0,0.0,0.0,0.0,0.0,0.0,0.0,0.0,0.0,0.0,12.286172866821289,2.5812370777130127,0.0,0.0,0.0,0.0,0.0,0.0,5.140407085418701,0.0,0.0,0.0,0.0,0.0,35.287811279296875,0.0,0.0,15.218925476074219,0.0,8.476768493652344,0.0,0.0,0.0,25.9305419921875,0.0,0.0,0.0,17.06923484802246,5.719769477844238,0.0,0.0,0.0,0.0,0.0,0.2997065484523773,0.0,0.0,0.0,0.0,0.0,0.0,0.0,0.0,0.0,0.0,0.0,0.0,28.059741973876953,0.0,0.0,0.0,0.0,0.0,0.0,0.0,13.956835746765137,0.0,0.0,0.2890482544898987,18.56078338623047,0.0,0.0,0.0,0.0,4.3090033531188965,0.0,8.710478782653809,0.0,0.0,0.0,0.0,0.0,0.0,10.25061321258545,0.0,0.0,0.0,7.190441608428955,0.0,0.0,6.828472137451172,0.0,0.0,0.0,0.0,0.0,0.0,0.0,17.593935012817383,8.2838134765625,4.052790641784668,0.0,0.0,0.0,0.0,0.0,0.0,0.0,0.0,1.7077817916870117,0.0,9.391908645629883,0.0,22.587923049926758,0.0,0.0,5.099567890167236,0.0,0.0,0.0,0.0,0.0,0.0,0.0,0.0,0.0,0.0,0.0,7.310787677764893,0.0,9.268614768981934,9.289321899414062,27.206409454345703,1.7614755630493164,0.0,0.0,0.0,0.0,1.4975903034210205,0.0,0.0,0.0,0.0,0.0,0.0,0.0,0.0,0.0,0.0,0.0,29.397157669067383,0.0,0.0,0.0,0.0,0.0,0.0,0.0,0.0,0.0,0.0,0.0,0.0,0.0,15.618890762329102,0.0,0.0,11.967101097106934,0.0,0.0,12.078075408935547,0.49064406752586365,10.19662857055664,0.0,0.0,0.0,0.0,11.448826789855957,0.0,0.0,0.0,5.180021286010742,0.0,7.875340461730957,4.240471839904785,0.0,0.0,0.0,0.0,0.0,0.0,0.0,0.0,36.78412628173828,1.7950576543807983,0.0,7.006561756134033,0.0,0.0,0.0,0.0,0.0,0.0,0.0,0.0,0.0,1.7557711601257324,0.0,0.0,0.0,0.0,3.436414957046509,3.0892746448516846,8.557027816772461,0.0,0.0,0.0,0.0,0.0,0.0,0.0,0.0,0.0,24.607919692993164,0.0,0.0,0.0,0.0,0.0,10.018630027770996,0.0,0.0,0.0,3.8682796955108643,0.0,0.0,0.0,0.0,0.0,0.0,17.435850143432617,2.806539535522461,0.0,0.0,0.0,0.0,0.0,0.0,0.0,0.0,0.0,11.338081359863281,0.0,0.0,0.0,0.0,33.20134353637695,0.0,0.0,0.0,0.0,0.0,0.0,0.0,0.0,0.0,0.0,0.0,0.0,0.0,0.0,0.0,0.0,0.0,0.0,0.0,0.0,0.0,0.0,0.0,0.0,0.0,0.0,0.0,0.0,0.48892471194267273,12.397727012634277,0.0,0.0,0.0,0.0,0.0,0.0,0.0,0.0,0.0,0.0,0.0,0.0,0.0,0.0,0.0,0.0,0.0,0.0,25.182483673095703,0.0,0.0,0.0,0.0,0.0,0.0,4.1722564697265625,0.0,0.0,0.0,0.0,0.0,10.135525703430176,0.0,0.0,0.0,0.0,0.0,0.0,7.510244369506836,4.557169437408447,0.0,0.0,6.200021743774414,0.0,0.0,0.0,0.0,0.0,0.0,4.459569931030273,0.0,0.0,0.0,0.0,0.0,0.0,0.0,0.0,0.0,0.0,0.0,0.0,0.0,0.0,4.2875847816467285,0.0,0.0,18.059524536132812,0.0,0.0,0.0,0.0,0.0,0.0,0.0,0.0,0.0,0.0,0.0,0.0,0.0,0.0,0.0,0.0,0.0,0.0,14.040609359741211,0.0,0.0,0.0,0.0,6.140552043914795,0.0,21.20333480834961,0.0,45.391441345214844,0.0,0.5697977542877197,0.0,0.0,0.0,0.0,7.365372657775879,18.263961791992188,0.0,0.0,0.0,7.98671293258667,5.124385356903076,0.0,0.0,0.0,0.0,0.0,0.0,0.0,0.0,0.0,3.7018184661865234,0.0,0.0,0.0,0.0,0.0,0.0,0.0,0.0,0.0,0.0,42.20206832885742,12.569951057434082,0.0,0.0,0.0,0.0,0.0,2.081324338912964,0.0,0.0,0.0,0.0,21.7373046875,0.0,0.0,0.0,0.0,0.0,0.0,0.0,0.0,0.0,0.0,12.106217384338379,0.0,0.0,0.0,0.0,0.0,0.0,0.0,18.154726028442383,0.0,0.0,0.0,0.0,0.0,3.300344705581665,0.0,0.0,0.0,0.0,0.0,0.0,9.405900001525879,0.0,0.0,0.0,0.0,0.0,0.0,0.0,0.0,2.3610827922821045,0.0,0.0,10.765880584716797,0.0,0.0,0.0,0.0,0.0,0.0,0.0,0.0,0.0,0.0,0.0,0.0,0.0,0.0,0.0,1.7829469442367554,0.0,0.0,0.0,0.0,0.0,0.0,28.7403564453125,0.0,0.0,11.319494247436523,0.0,14.014819145202637,0.0,0.0,0.0,0.0,0.0,8.154300689697266,12.538092613220215,0.0,0.0,0.0,0.0,0.0,0.0,0.0,0.0,0.0,0.0,0.0,0.0,0.0,0.0,0.0,0.0,0.0,0.0,0.0,0.0,4.586762428283691,0.0,0.0,0.0,0.0,0.0,0.0,0.0,0.28440743684768677,0.0,0.0,2.9249627590179443,0.0,6.995272159576416,0.0,0.0,0.0,26.625829696655273,0.0,0.0,0.0,18.252687454223633,0.9341278076171875,0.0,0.0,0.0,0.0,0.0,12.44365119934082,0.0,0.0,0.0,0.0,0.0,0.0,0.08623897284269333,0.0,0.0,0.0,0.0,0.0,20.880992889404297,7.151790618896484,0.0,0.0,0.0,0.0,0.0,0.0,6.612208843231201,0.0,0.0,0.0,4.449854850769043,0.0,0.0,0.0,0.0,0.0,0.0,0.0,0.0,0.0,0.0,0.0,0.0,0.0,0.0,0.0,0.0,0.0,10.862045288085938,0.0,0.0,13.7503023147583,0.0,0.0,0.0,0.0,0.0,0.0,0.0,21.881637573242188,0.0,0.13446050882339478,0.0,0.0,0.0,0.0,0.0,0.0,0.0,0.0,0.0,2.5898520946502686,0.0,0.0,5.446999549865723,0.0,0.0,0.0,0.0,0.0,0.0,0.0,0.0,0.0,0.0,0.0,0.0,0.0,0.0,0.0,0.0,3.369255781173706,0.0,23.129613876342773,0.0,0.0,0.0,0.0,1.168453335762024,0.0,0.0,0.0,2.396716594696045,0.0,0.0,0.0,0.0,3.4838836193084717,0.0,0.0,0.0,13.258968353271484,0.0,0.0,0.0,0.0,0.0,0.0,0.0,0.0,0.0,5.548566818237305,0.0,0.0,0.0,29.144474029541016,0.0,0.0,10.721403121948242,0.0,0.0,18.788293838500977,13.705256462097168,0.0,0.0,0.0,0.0,0.0,0.0,0.0,0.0,0.0,2.1631863117218018,0.0,0.0,0.0,0.0,0.0,0.0,0.0,0.0,0.0,0.0,0.0,30.58601951599121,0.0,0.0,0.0,0.0,0.0,0.0,0.0,0.0,0.0,0.0,0.0,0.0,0.0,4.163690090179443,0.0,0.0,0.0,0.0,0.0,0.0,0.0,0.0,0.0,0.0,2.5154666900634766,0.0,0.0,0.0,0.0,0.0,0.0,0.0,0.0,0.0,0.0,0.0,0.0,0.0,0.0,0.0,0.0,0.0,0.0,0.0,0.0,0.0,5.505853652954102,0.0,0.0,0.0,0.0,0.0,0.0,0.0,0.0,0.0,0.0,0.0,0.0,0.0,0.0,0.0,29.57726287841797,0.0,0.0,0.0,0.0,0.0,0.0,0.0,0.0,0.0,0.0,0.0,0.0,0.0,0.0,8.849825859069824,0.0,0.0,0.0,0.0,0.0,0.0,0.0,0.0,0.0,0.0,0.0,0.0,0.0,0.0,0.0,6.823154449462891,0.0,0.0,0.0,0.0,0.0,0.0,0.0,0.0,0.0,0.0,0.0,0.0,0.0,0.0,0.0,0.0,0.0,0.0,0.0,0.0,0.0,0.0,0.0,0.0,0.0,0.0,0.0,0.0,0.0,0.0,0.0,0.0,0.0,0.0,0.0,0.0,0.0,0.0,0.0,0.0,0.0,5.2733354568481445,0.0,0.0,0.0,0.0,0.0,0.0,0.0,0.0,0.0,0.0,0.0,0.0,0.0,0.0,0.0,0.0,0.0,0.0,0.0,0.0,0.0,0.0,0.0,0.0,0.0,0.0,0.0,0.0,0.0,0.0,0.0,0.0,0.0,0.0,0.0,0.0,0.0,0.0,0.0,0.0,0.0,0.0,0.0,0.0,0.0,0.0,0.0,0.0,0.0,0.0,0.0,0.0,10.431089401245117,0.0,0.0,0.0,0.0,0.0,0.0,0.0,0.0,0.0,0.0,0.0,12.257591247558594,0.0,0.0,0.0,0.0,0.0,0.0,0.0,0.0,0.0,0.0,0.0,0.0,0.0,0.0,0.0,0.0,0.0,0.0,0.0,0.0,0.0,32.08677673339844,0.0,0.0,0.0,0.0,0.0,0.0,0.0,0.0,0.0,0.0,0.0,6.11020565032959,0.0,0.0,0.0,0.0,0.0,0.0,0.0,0.0,0.0,0.0,5.496984004974365,0.0,0.0,0.0,0.0,0.0,0.0,0.0,0.0,0.0,13.797850608825684,6.28496789932251,0.0,0.0,0.0,0.0,0.0,0.0,0.0,0.0,0.0,0.0,0.0,0.0,0.0,0.0,0.0,0.0,0.0,0.0,0.0,0.0,0.0,13.108942031860352,0.0,0.0,0.0,0.0,0.0,0.0,0.0,0.0,0.0,0.0,0.0,0.0,0.0,0.0,0.0,0.0,0.0,0.0,0.0,0.0,0.0,0.0,0.0,0.0,0.0,0.0,0.0,0.0,0.0,0.0,0.0,0.0,0.0,0.0,0.0,0.0,0.0,0.0,0.0,0.0,0.0,0.0,0.0,0.0,0.0,0.0,0.0,0.0,0.0,0.0,0.0,0.0,0.0,0.0,0.0,1.6499146223068237,0.0,0.0,0.0,0.0,0.0,0.0,0.0,0.0,0.0,0.0,0.0,0.0,3.3190526962280273,0.0,0.0,0.0,0.24481946229934692,0.0,0.0,0.0,4.084797382354736,0.0,0.0,0.0,0.0,0.0,0.0,10.627063751220703,0.0,0.0,0.0,0.0,0.0,0.0,3.857084274291992,0.0,0.0,0.0,0.0,0.0,0.0,3.571948766708374,0.0,0.0,0.0,0.0,0.0,11.94326400756836,0.0,0.0,0.0,0.0,0.0,0.0,0.0,0.0,0.0,0.0,0.0,0.0,0.0,0.0,0.0,0.0,0.0,0.0,0.0,0.0,0.0,0.0,0.0,0.0,0.0,6.526422023773193,0.0,0.0,0.0,0.0,0.0,0.0,0.0,49.633277893066406,0.0,0.0,0.0,0.0,1.7353452444076538,0.0,0.0,0.0,0.0,0.0,0.0,0.0,0.0,0.0,0.0,0.0,0.0,0.0,0.0,0.0,0.0,0.0,0.0,0.0,0.0,0.0,0.0,0.0,0.0,0.0,0.0,0.9917357563972473,0.0,0.0,0.0,0.0,0.0,0.0,0.0,0.0,0.0,0.0,0.0,0.0,0.0,0.0,0.0,0.0,0.0,0.0,0.0,0.0,0.0,0.0,0.0,0.0,0.0,0.0,0.0,0.0,0.0,6.1481757164001465,0.0,0.0,0.0,36.51523208618164,0.0,0.0,0.0,0.0,0.0,0.0,1.749855637550354,0.0,0.0,0.0,0.0,0.0,0.0,0.0,0.0,0.0,0.0,10.365447998046875,0.0,0.0,0.0,0.0,0.0,0.0,0.0,0.0,0.0,0.0,0.0,0.0,0.0,0.0,0.0,0.0,0.0,0.0,0.0,0.0,0.0,0.0,0.0,0.0,0.0,0.0,0.0,0.0,0.0,0.0,0.0,0.0,0.0,0.0,0.0,20.07082748413086,0.0,0.0,20.489952087402344,0.0,0.0,0.0,0.0,0.0,0.0,0.0,5.6595940589904785,9.233318328857422,0.0,0.0,0.0,0.0,0.0,0.0,0.0,0.0,0.0,4.768102169036865,0.0,0.0,0.0,0.0,0.0,0.0,0.0,0.0,0.0,0.0,0.0,0.0,0.0,0.0,0.0,25.054943084716797,0.0,0.0,0.0,0.0,0.0,0.0,0.0,0.0,0.0,0.0,0.0,0.0,0.0,0.0,0.0,0.0,0.0,0.0,0.0,0.0,0.0,0.0,0.0,0.0,0.0,0.0,0.0,0.0,3.5333988666534424,0.0,30.707733154296875,0.0,0.0,0.0,0.0,0.0,0.0,0.0,0.0,0.0,0.0,0.0,0.0,0.0,0.0,0.0,0.0,0.0,0.0,0.0,0.0,0.0,0.0,0.0,0.0,0.27957552671432495,0.0,0.0,0.0,0.0,0.0,0.0,0.0,0.0,0.0,0.0,0.0,0.0,5.876174449920654,0.0,0.0,0.0,6.593635559082031,0.0,0.0,0.0,0.0,0.0,0.0,0.0,0.0,0.0,0.0,0.0,0.0,0.0,0.0,0.0,0.0,0.0,0.0,0.0,0.0,0.0,0.0,0.0,0.0,0.0,0.0,0.0,0.0,0.0,0.0,0.0,0.0,0.0,0.0,0.0,0.0,0.0,0.0,2.1172947883605957,0.0,0.0,0.0,0.0,0.0,0.0,0.0,0.0,0.0,0.0,0.0,0.0,0.0,0.33113357424736023,0.0,0.0,6.83637809753418,0.0,0.0,0.0,0.0,0.0,0.0,0.0,0.0,8.06275463104248,0.0,0.0,0.0,0.0,0.0,0.0,0.0,3.394263744354248,0.0,0.0,0.0,0.0,0.0,0.0,0.0,0.0,0.0,0.0,0.0,0.0,0.0,0.0,0.0,0.0,0.0,0.0,0.0,0.0,0.0,0.0,0.0,0.0,0.0,17.601478576660156,0.0,0.0,0.0,0.0,0.0,0.0,0.0,0.0,0.0,0.0,0.2283412218093872,0.0,7.5700297355651855,0.0,0.0,0.0,0.0,0.0,0.0,0.0,9.587145805358887,3.946536064147949,0.0,0.0,0.0,0.0,0.0,0.0,0.0,0.0,0.0,0.0,0.0,0.0,0.0,0.0,0.0,0.0,0.0,0.0,0.0,0.0,0.0,39.3415641784668,0.0,0.0,0.0,0.0,0.0,0.0,0.0,0.0,0.0,0.0,0.0,0.0,0.0,0.0,0.0,0.0,13.99539852142334,0.0,0.0,0.0,0.0,0.0,0.0,0.0,2.1599888801574707,0.0,0.0,0.0,0.0,0.0,0.0,0.0,0.0,0.0,0.0,2.1643998622894287,0.0,3.4013211727142334,0.0,0.0,0.0,0.0,0.0,0.0,0.0,0.0,0.0,0.0,0.0,0.0,0.0,0.0,0.0,0.0,0.0,0.0,0.0,0.0,0.0,0.0,0.0,0.0,0.0,0.0,0.0,0.0,0.0,0.0,0.0,0.0,0.0,0.0,39.48942184448242,0.0,0.0,0.0,2.428032398223877,0.0,0.0,0.0,0.0,0.0,0.0,38.36600112915039,0.0,0.0,0.0,0.0,3.398505449295044,0.0,14.3334379196167,0.0,0.0,0.0,0.0,0.0,0.0,0.0,0.0,0.0,0.0,0.0,0.0,0.0,0.0,0.0,0.0,0.0,0.0,0.0,0.0,0.0,0.0,0.0,0.0,0.0,0.0,0.0,13.8760404586792,0.0,0.0,0.0,0.0,0.0,0.0,0.0,0.0,0.0,0.0,5.7964558601379395,0.0,0.0,0.0,0.0,0.0,0.0,0.0,41.66230392456055,0.0,0.0,0.0,0.0,6.465854644775391,0.0,0.0,0.0,0.0,0.0,0.0,0.0,0.0,0.0,21.907011032104492,0.0,0.0,0.0,0.0,0.0,0.0,0.0,0.0,0.0,0.0,0.0,0.0,11.782408714294434,0.0,0.0,0.0,0.0,0.0,0.0,0.0,0.0,0.0,0.0,0.0,0.0,0.0,0.0,0.0,6.050120830535889,0.0,0.0,1.0622724294662476,0.0,0.0,0.0,0.0,0.0,0.0,0.0,0.0,0.0,0.0,0.0,0.0,0.0,0.0,0.0,0.0,0.0,0.0,39.898441314697266,0.0,0.0,0.0,0.0,0.0,0.0,0.0,7.403263092041016,0.0,0.0,0.0,0.0,0.0,0.0,0.0,0.0,0.0,17.11689567565918,0.0,0.0,0.0,0.0,3.6769871711730957,0.0,0.0,0.0,0.0,0.0,0.0,0.0,0.0,0.0,0.0,0.0,0.0,0.0,0.0,0.0,0.0,0.0,0.0,0.0,0.0,0.0,0.0,0.0,0.0,0.0,0.0,0.0,0.0,0.0,0.0,0.0,0.0,0.0,0.0,0.0,0.0,0.0,0.0,0.0,0.0,0.0,6.869223594665527,2.6041603088378906,0.0,0.0,0.0,0.0,0.0,0.0,0.0,0.0,0.0,9.775915145874023,0.0,0.0,0.0,0.0,0.0,0.0,0.0,0.0,0.0,0.0,0.0,0.0,0.0,0.0,0.0,10.457160949707031,0.0,0.0,0.0,0.0,0.0,0.0,0.0,0.0,0.0,0.0,0.0,2.3784332275390625,0.0,25.32952308654785,0.0,0.0,0.0,29.55905532836914,0.0,0.0,0.0,0.0,0.0,0.0,0.0,0.0,0.0,0.0,1.9757087230682373,0.0,21.260753631591797,0.0,0.0,0.0,0.0,0.0,0.0,0.0,0.0,0.0,0.0,0.0,0.0,0.0,0.0,0.0,0.0,0.0,10.729738235473633,0.0,0.0,0.0,0.0,0.0,0.0,0.0,0.0,0.0,0.0,0.0,0.0,0.0,0.0,0.0,0.0,0.0,0.0,0.0,13.929169654846191,0.0,0.0,0.0,9.184147834777832,0.0,0.0,0.0,0.0,0.0,2.2789113521575928,0.0,0.0,0.0,0.0,0.0,0.0,0.0,0.0,0.0,0.0,0.0,0.0,0.0,0.0,0.0,0.0,0.0,0.0,0.0,0.0,0.0,0.0,0.0,0.0,0.0,0.0,0.0,0.0,0.0,0.0,0.0,0.0,0.0,0.0,0.0,0.0,0.0,35.30895233154297,0.0,0.0,0.0,0.0,0.0,0.0,0.0,0.0,62.454715728759766,0.0,0.0,11.85084342956543,0.0,0.0,0.0,0.0,14.700960159301758,0.0,0.0,0.0,18.4926815032959,0.0,0.0,0.0,0.0,0.0,0.0,0.0,0.0,0.0,0.0,0.0,0.0,0.0,0.0,0.0,0.0,0.0,0.0,0.0,0.0,0.0,6.076257228851318,0.0,0.0,0.0,0.0,0.0,0.0,0.0,0.0,0.0,0.0,0.0,6.997628211975098,0.0,0.0,0.0,0.0,0.0,0.0,0.0,0.0,0.0,0.0,1.7398852109909058,0.0,12.02579116821289,0.0,0.0,0.0,0.0,0.0,0.0,0.0,0.0,0.0,0.0,0.0,0.0,0.0,0.0,0.0,0.0,0.0,0.0,0.0,0.0,0.0,0.0,0.0,0.0,0.0,0.0,0.0,0.0,0.0,0.0,0.0,0.0,0.0,0.0,0.0,0.0,0.0,0.0,0.0,0.0,0.0,0.0,0.0,0.0,0.0,0.0,0.0,30.54605484008789,0.0,0.0,0.0,0.0,0.0,39.54457092285156,0.0,0.0,0.0,0.0,0.0,0.0,0.0,0.0,0.0,0.0,0.0,0.0,0.0,0.0,0.0,7.200103282928467,0.0,0.0,0.0,0.0,0.0,0.0,0.0,0.0,0.0,0.0,0.0,0.0,0.0,0.0,0.0,0.0,0.0,0.0,0.0,0.0,0.0,0.0,0.0,0.0,0.0,0.0,0.0,0.0,0.0,0.0,0.0,0.0,0.0,29.609981536865234,0.0,0.0,0.0,51.34720993041992,0.0,0.8794721961021423,0.0,0.0,29.34463882446289,0.0,3.5019829273223877,0.0,0.0,0.0,0.0,0.0,0.0,45.193519592285156,3.9643383026123047,0.0,0.0,0.0,0.0,0.0,0.0,0.0,0.0,0.0,0.0,0.0,0.0,0.0,0.0,0.0,0.0,38.091392517089844,0.0,0.0,0.0,0.0,0.0,3.111558437347412,0.0,0.0,0.0,4.863320350646973,0.0,0.0,10.273149490356445,0.0,0.0,0.0,0.0,0.0,0.0,0.0,0.0,0.0,0.0,0.0,0.0,0.0,0.0,0.0,42.757080078125,0.0,0.0,0.0,0.0,4.500502109527588,0.0,0.0,0.0,0.0,0.0,0.0,0.0,0.0,0.0,0.0,0.0,0.0,0.0,0.0,0.0,0.0,0.0,0.0,0.0,0.0,0.0,0.0,2.826313018798828,0.0,0.0,0.0,0.0,0.0,0.0,0.0,0.0,0.0,0.0,0.0,0.0,0.0,0.0,0.0,0.0,0.0,0.0,0.0,0.0,20.83072280883789,9.087031364440918,0.0,0.0,0.0,0.0,0.0,0.0,0.0,0.0,0.0,0.0,0.0,0.0,0.0,0.0,0.0,0.0,0.0,0.0,0.0,0.0,0.0,0.0,0.0,0.0,0.0,0.0,0.0,0.0,0.0,0.0,0.0,0.0,0.0,8.157861709594727,0.0,7.161425590515137,0.0,0.0,0.0,0.0,0.0,0.0,0.0,0.0,13.321420669555664,0.0,16.98807144165039,0.0,0.0,0.0,0.0,0.0,0.0,0.0,0.0,0.0,0.0,0.0,0.0,0.0,0.0,0.0,0.0,2.1150317192077637,0.0,0.0,0.0,0.0,0.0,0.0,0.0,0.0,0.0,0.0,0.0,0.0,0.0,0.0,0.0,0.0,0.0,0.0,0.0,0.0,0.0,0.0,0.0,0.0,0.0,0.0,0.0,13.513567924499512,0.0,0.0,0.0,0.0,0.0,0.0,0.0,0.0,0.0,0.0,0.0,0.0,0.0,0.0,0.0,0.0,0.0,0.0,0.0,0.0,0.0,0.0,0.0,0.0,7.07919979095459,0.0,0.0,0.0,0.0,45.242279052734375,0.0,0.0,0.0,27.992839813232422,0.0,0.0,0.0,0.0,0.0,0.0,0.0,0.0,0.0,0.0,0.0,0.0,10.441207885742188,0.0,0.0,0.0,5.950841426849365,0.0,0.0,0.0,0.0,0.0,0.0,0.0,0.0,0.0,0.0,0.0,0.0,0.0,0.0,0.0,0.0,0.0,0.0,0.0,0.0,0.0,0.0,0.0,0.0,2.2636077404022217,0.0,7.249657154083252,0.0,0.0,0.0,0.0,0.0,0.0,0.0,0.0,0.0,0.0,14.741989135742188,1.6628040075302124,0.0,0.8850266337394714,0.0,0.0,3.0075278282165527,30.835935592651367,0.0,0.0,0.0,0.0,0.0,0.0,0.0,0.0,0.0,0.0,0.0,0.0,0.0,0.0,3.134821891784668,0.0,0.0,0.0,0.0,0.0,5.398379325866699,0.0,0.0,0.0,0.0,0.0,0.0,0.0,0.0,0.0,0.0,0.0,0.0,0.0,0.0,0.0,50.807472229003906,0.0,0.0,0.0,0.0,0.0,0.0,4.365035533905029,0.0,81.44892120361328,0.0,0.0,0.0,0.0,0.0,0.0,0.0,27.688879013061523,0.0,0.0,0.0,52.91730499267578,0.0,0.0,0.0,0.0,0.0,0.0,0.0,0.0,0.0,6.713403701782227,0.0,0.0,0.0,0.0,0.0,0.0,0.0,0.0,0.0,0.0,0.0,48.0891227722168,0.0,0.0,0.0,0.0,0.0,0.0,0.0,0.0,0.0,0.0,0.0,0.0,0.0,0.0,0.0,0.0,0.0,0.0,0.0,0.0,0.0,0.0,24.209461212158203,0.0,0.7951094508171082,0.0,0.0,0.0,0.0,0.0,0.0,0.0,0.0,0.0,0.0,0.0,0.0,0.0,0.0,0.0,0.0,0.0,0.0,34.1684684753418,0.0,0.0,0.0,0.0,0.0,0.0,0.0,0.0,0.0,0.0,0.0,0.0,0.0,0.0,0.0,0.0,0.0,0.0,0.0,0.0,0.0,0.0,0.0,0.0,0.0,0.0,0.0,0.0,10.088387489318848,0.0,0.0,0.0,0.0,0.0,57.557464599609375,0.0,0.0,0.0,7.599269390106201,0.0,0.0,0.0,0.0,0.0,0.0,0.0,0.0,0.0,0.0,0.0,0.0,0.0,0.0,0.0,0.0,0.0,0.0,0.0,0.0,0.0,0.0,0.0,0.0,0.0,0.0,0.0,0.0,0.0,0.0,0.0,0.0,0.0,0.0,0.0,0.0,0.0,0.0,0.0,0.0,0.0,0.0,0.0,0.0,0.0,10.770973205566406,0.0,0.0,0.0,40.64155197143555,0.0,14.814399719238281,0.0,0.0,33.97304916381836,0.0,0.0,0.0,0.0,0.0,0.0,0.0,0.0,21.97231674194336,0.0,0.0,0.0,0.0,0.0,0.0,12.633691787719727,0.0,0.0,0.0,0.0,0.0,0.0,0.0,0.0,0.0,0.0,78.65987396240234,0.0,0.0,0.0,0.0,0.0,18.224952697753906,0.0,0.0,0.0,0.0,0.0,7.070218086242676,15.91352367401123,0.0,0.0,0.0,0.0,0.0,0.0,0.0,0.0,0.0,0.0,0.0,0.0,0.0,0.0,0.0,70.9859848022461,2.2459475994110107,0.0,0.0,0.0,0.32399654388427734,0.0,0.0,0.0,0.0,0.0,0.0,0.0,0.0,0.0,0.0,0.0,0.0,0.0,0.0,0.0,0.0,0.0,0.0,0.0,11.675758361816406,0.0,0.0,0.0,0.0,0.0,0.0,0.0,0.0,0.0,0.0,0.0,0.0,0.0,0.0,0.0,0.0,0.0,0.0,0.0,0.0,0.0,0.0,0.0,23.829729080200195,30.537431716918945,0.0,0.0,0.0,0.0,0.0,0.0,0.0,0.0,0.0,0.0,0.0,0.0,0.0,0.0,0.0,0.0,0.0,0.7230334281921387,0.0,0.0,0.0,0.0,14.799442291259766,0.0,0.0,0.642549991607666,0.0,0.0,0.0,0.0,0.0,0.0,0.0,0.0,0.0,34.42067337036133,0.0,0.0,0.0,0.0,0.0,0.0,0.0,0.0,5.529621124267578,0.0,1.136840581893921,0.0,0.0,0.9378058910369873,0.0,0.0,0.0,0.0,0.0,0.0,0.0,0.0,0.0,0.0,0.0,0.0,0.0,0.0,0.0,0.0,0.0,0.0,0.0,9.106457710266113,0.0,0.0,0.0,0.0,0.0,0.0,0.0,0.0,0.0,0.0,0.0,0.0,0.0,0.0,0.0,0.0,0.0,0.0,0.0,0.0,0.0,0.2682606875896454,0.0,36.64559555053711,0.0,0.0,0.0,0.0,0.0,0.0,0.0,0.0,4.5563740730285645,0.0,0.0,0.0,0.0,0.0,0.0,0.0,0.0,0.0,0.0,0.0,0.0,0.0,4.877903938293457,0.0,0.0,0.0,0.0,25.83523178100586,0.0,0.0,4.713981628417969,19.18291473388672,0.0,0.0,0.0,0.0,0.0,0.0,0.0,0.0,0.0,0.0,13.830896377563477,0.0,0.0,0.0,0.0,0.0,8.192903518676758,0.0,0.0,0.0,0.0,0.0,0.0,0.0,0.0,0.0,0.0,0.0,0.0,0.0,0.0,0.0,0.0,0.0,0.0,0.0,0.0,0.0,0.0,0.0,0.0,0.0,0.0,31.5343074798584,0.0,0.0,0.0,0.0,0.0,0.0,0.0,0.0,0.0,0.0,7.301507472991943,0.7460347414016724,0.0,0.0,0.0,0.0,0.0,35.439247131347656,0.0,0.0,0.0,0.0,0.0,0.0,0.0,0.0,0.0,0.0,0.0,0.0,0.0,0.0,0.0,0.0,0.0,0.0,0.0,0.0,10.781133651733398,4.275336265563965,0.0,0.0,0.0,0.0,3.671668291091919,0.0,0.0,0.0,0.0,0.0,0.0,0.0,0.0,0.0,43.9351692199707,0.0,0.0,0.0,0.0,0.0,0.0,17.90140724182129,0.0,85.37863159179688,0.0,0.0,0.0,0.0,0.0,0.0,0.0,28.32965660095215,0.0,0.0,0.0,45.18691635131836,0.0,0.0,0.0,0.0,0.0,0.0,0.0,0.0,0.0,33.642799377441406,0.0,0.0,0.0,0.0,24.6909122467041,0.0,0.0,0.0,0.0,0.0,0.0,34.40848159790039,2.723193883895874,0.0,0.0,0.0,0.0,0.0,0.0,0.0,0.0,0.0,0.0,0.0,0.0,0.0,0.0,0.0,0.0,0.0,0.0,0.0,0.0,0.0,31.312103271484375,0.0,2.3110475540161133,27.730649948120117,0.0,0.0,0.0,0.0,0.0,0.0,0.0,0.0,0.0,0.0,0.0,0.0,0.0,0.0,0.0,0.0,0.0,24.29375648498535,0.0,0.0,0.0,0.0,0.0,0.0,0.0,0.0,0.0,0.0,0.0,0.0,0.0,0.0,0.0,0.0,0.0,0.0,0.0,5.565450668334961,0.0,0.0,0.0,0.0,0.0,0.0,0.0,0.0,7.6107258796691895,0.0,0.0,0.0,0.0,0.0,39.22719955444336,0.0,0.0,0.0,7.390288829803467,13.477068901062012,0.0,11.959704399108887,12.7921781539917,0.0,0.0,0.0,0.0,0.0,0.0,0.0,0.0,0.0,0.0,0.0,0.0,0.0,0.0,0.0,0.0,0.0,0.0,0.0,0.0,0.0,0.0,0.0,0.0,0.0,0.0,0.0,0.0,0.0,0.0,0.0,0.0,0.0,0.0,0.0,0.0,0.0,0.0,0.0,0.0,0.0,0.0,0.0,0.0,0.0,0.0,0.0,7.603237628936768,0.0,0.0,30.096033096313477,0.0,0.0,0.0,0.0,0.0,0.0,0.0,0.0,0.0,0.0,0.0,0.0,0.0,0.0,0.0,10.786916732788086,0.0,0.0,0.0,0.0,0.0,0.0,0.0,0.0,0.0,0.0,78.11260986328125,0.0,0.21189507842063904,0.0,0.0,0.0,13.839334487915039,0.0,0.0,0.0,0.0,0.0,2.4850239753723145,9.799273490905762,0.0,0.0,0.0,0.0,0.0,0.0,0.0,0.0,0.0,0.0,0.0,0.0,0.0,0.0,0.0,50.50168228149414,9.735254287719727,0.0,0.0,0.0,0.0,0.0383627749979496,0.0,0.0,0.0,0.0,0.0,0.0,0.0,0.0,0.0,0.0,0.0,0.0,0.0,0.0,0.0,0.0,0.0,0.0,10.526987075805664,0.0,0.0,0.0,0.0,0.0,0.0,25.259552001953125,0.0,0.0,0.0,0.0,0.0,0.0,0.0,0.0,0.0,0.0,0.0,0.0,13.861629486083984,0.0,0.0,0.0,2.829190731048584,27.742294311523438,0.0,7.6820454597473145,0.0,0.0,0.0,0.0,0.0,0.0,0.0,0.0,0.0,0.0,0.0,0.0,0.0,0.0,0.0,0.0,0.0,0.0,0.0,0.0,17.58133316040039,0.0,0.0,0.0,0.0,0.0,0.0,0.0,2.3130736351013184,0.0,0.0,0.0,0.0,22.223690032958984,0.0,0.0,0.0,0.0,0.0,0.0,0.0,0.0,0.7500770688056946,0.0,0.0,0.0,0.0,0.0,0.0,0.0,0.0,0.0,0.0,0.0,0.0,0.0,0.0,0.0,0.0,0.0,0.0,0.0,4.808056831359863,0.0,0.0,0.0,0.0,0.26061761379241943,0.0,0.0,0.0,0.0,0.0,0.0,14.676173210144043,0.0,0.0,0.0,0.0,0.0,0.0,0.0,0.0,0.0,0.0,0.0,0.0,0.0,0.0,9.890305519104004,7.563833236694336,20.177291870117188,0.0,0.0,0.609268069267273,0.0,0.0,0.0,0.0,0.0,14.259651184082031,0.0,0.0,0.0,0.0,11.586287498474121,0.0,0.0,0.0,0.0,0.0,0.0,0.0,0.0,0.0,0.0,0.0,0.0,0.0,0.0,0.0,0.0,7.533586502075195,16.239030838012695,0.0,0.0,0.0,0.0,0.0,0.0,0.0,0.0,0.0,0.0,3.6754043102264404,0.0,0.0,0.0,0.0,0.0,7.260798931121826,0.0,0.0,0.0,0.0,0.0,0.0,0.0,3.883603811264038,0.0,0.0,0.0,0.0,0.0,0.0,0.0,0.0,0.0,0.0,0.0,0.0,0.0,0.0,0.0,0.0,0.0,0.0,27.834440231323242,0.0,0.0,0.0,0.0,0.0,0.0,0.0,0.0,0.0,0.0,4.837717056274414,1.6512788534164429,0.0,0.0,0.0,0.0,0.0,22.842456817626953,0.0,0.0,0.0,0.0,0.0,0.0,0.0,0.0,0.0,0.0,0.0,0.0,0.0,0.0,0.0,0.0,0.0,1.5670695304870605,0.0,0.0,4.307170867919922,2.682260036468506,0.0,0.0,3.6068496704101562,0.0,0.0,0.0,0.0,0.0,0.0,0.0,0.0,0.0,0.0,0.0,33.28327178955078,0.0,0.0,0.0,0.0,0.0,0.0,23.092395782470703,0.0,76.89617919921875,0.0,0.0,0.0,0.0,0.0,0.0,0.0,40.441749572753906,0.0,0.0,0.0,18.554141998291016,0.0,0.0,0.0,0.0,0.0,0.0,0.0,0.0,0.0,26.56983757019043,0.0,0.0,0.0,0.0,25.464059829711914,0.0,0.0,0.0,0.0,0.0,0.0,27.469667434692383,0.0,0.0,0.0,0.0,0.0,0.0,0.0,0.0,0.0,0.0,0.0,0.0,0.0,0.0,0.0,0.0,0.0,0.0,0.0,0.6351509094238281,0.0,0.0,33.4356575012207,0.0,30.149259567260742,15.752643585205078,0.0,0.0,0.0,1.2572625875473022,0.0,0.0,0.0,0.0,0.0,0.0,0.0,0.15015561878681183,0.0,0.0,0.0,0.0,0.0,0.0,0.0,0.0,0.0,0.0,0.0,0.0,0.0,0.0,0.0,0.0,0.0,0.0,0.0,0.0,0.0,0.0,0.0,0.0,0.0,0.0,0.0,0.0,0.0,0.0,0.0,0.0,0.0,0.0,10.691276550292969,0.0,17.69725227355957,0.0,0.0,0.0,12.729204177856445,0.0,0.0,0.0,0.0,24.40290069580078,0.0,7.863702774047852,22.844926834106445,2.587864875793457,0.0,0.0,0.0,0.0,0.0,0.0,0.0,0.0,0.0,0.0,0.0,0.0,0.0,0.0,0.0,0.0,0.0,0.0,1.2789124250411987,0.7451064586639404,0.0,0.0,0.0,0.0,0.0,0.0,0.0,3.1347506046295166,0.0,0.0,0.0,0.0,0.0,0.0,0.0,0.0,0.0,0.0,0.0,0.0,0.0,0.0,0.0,0.0,0.0,0.0,0.0,0.0,0.0,0.0,0.0,0.0,0.0,0.0,0.0,9.302430152893066,0.0,0.0,0.0,0.0,0.0,0.0,0.0,0.0,0.0,0.0,0.0,0.0,0.0,0.0,0.0,0.0,0.0,0.0,0.0,0.0,44.548545837402344,0.0,0.0,0.0,0.0,0.0,4.215432167053223,0.0,0.0,0.0,0.0,0.0,0.0,0.0,0.0,0.0,0.0,0.0,0.0,0.0,0.0,0.0,0.0,0.0,0.0,0.0,0.0,0.0,0.0,38.0547981262207,0.0,0.0,0.0,0.0,0.0,17.591325759887695,0.0,0.0,0.0,0.0,0.0,0.0,0.0,0.0,0.0,0.0,0.0,0.0,0.0,0.0,0.0,0.0,0.0,0.0,0.0,0.0,0.0,0.0,0.0,0.0,0.0,34.30078887939453,0.0,0.0,3.9560937881469727,0.0,0.0,0.0,0.0,0.0,0.0,0.0,0.0,0.0,16.69426727294922,0.0,0.0,0.0,0.0,10.655786514282227,0.0,15.583963394165039,0.0,0.0,0.0,0.6287142634391785,0.0,0.0,0.0,0.0,0.0,0.0,0.0,0.0,0.0,0.0,0.0,0.0,0.0,0.0,0.0,0.0,29.03091812133789,0.0,0.0,0.0,0.0,0.0,0.0,0.0,0.0,0.0,0.0,0.0,0.0,0.0,0.0,0.0,0.0,0.0,0.0,0.0,0.0,0.0,11.50866985321045,0.0,0.0,0.0,0.0,0.0,0.0,0.0,0.0,0.0,0.0,0.0,0.0,0.0,0.0,0.0,0.0,0.0,0.0,0.0,0.0,0.0,0.0,0.0,0.0,0.0,0.0,0.0,0.0,0.0,0.0,0.0,6.814582824707031,0.0,0.0,0.0,0.0,3.511662483215332,0.0,0.0,0.0,0.0,0.0,0.0,0.0,0.0,0.0,10.062458992004395,8.92703628540039,0.0,0.0,0.0,0.0,0.0,0.0,0.0,0.0,0.0,3.100914716720581,0.0,0.0,0.0,0.0,7.892868995666504,0.0,0.0,0.0,0.0,0.0,0.0,0.0,0.0,0.0,0.0,0.0,0.0,0.0,7.0377421379089355,0.0,0.0,0.0,0.0,0.0,0.0,0.0,0.0,0.0,0.0,0.0,0.0,0.0,0.0,0.0,0.0,0.0,0.0,0.0,0.0,0.0,0.0,0.0,0.0,0.0,0.0,0.0,0.0,0.0,0.0,0.0,0.0,0.0,0.0,0.0,0.0,0.0,0.0,0.0,0.0,0.0,0.0,0.0,0.0,0.0,0.0,0.0,0.0,0.0,0.0,0.0,0.0,0.0,0.0,0.0,0.0,0.0,0.0,0.0,18.060684204101562,0.0,0.0,0.0,0.0,0.0,8.850817680358887,0.0,0.0,0.0,0.0,0.0,0.0,0.0,0.0,0.0,0.0,0.0,0.0,0.0,0.0,0.0,0.0,0.0,0.0,0.0,0.0,0.0,0.0,0.0,0.0,0.0,0.0,0.0,0.0,0.0,0.0,0.0,0.0,0.0,0.0,0.0,0.0,14.21961498260498,0.0,0.0,0.0,0.0,0.0,0.0,14.605546951293945,0.0,50.829036712646484,0.0,0.0,0.0,0.0,0.0,0.0,0.0,9.608696937561035,0.0,0.0,0.0,32.855220794677734,0.0,0.0,0.0,0.0,0.0,0.0,0.0,0.0,0.0,0.0,0.0,0.0,0.0,0.0,0.0,0.0,0.0,0.0,0.0,0.0,0.0,34.58774185180664,0.9559218883514404,0.0,0.0,0.0,0.0,0.0,0.0,0.0,0.0,0.0,0.0,0.0,0.0,0.0,0.0,0.0,0.0,0.0,0.0,0.0,0.0,0.0,39.787540435791016,0.0,0.0,0.0,0.0,0.0,0.0,0.0,0.0,0.0,0.0,0.0,0.0,0.0,0.0,0.0,0.0,0.0,0.0,0.0,0.0,12.368060111999512,0.0,0.0,0.0,0.0,0.0,0.0,0.0,0.0,0.0,0.0,0.0,0.0,0.0,0.0,0.0,0.0,0.0,0.0,0.0,0.0,0.0,0.0,0.0,0.0,0.0,0.0,0.0,0.0,16.590314865112305,0.0,15.49557113647461,0.0,0.0,0.0,43.52308654785156,0.0,0.0,0.0,0.0,7.689102649688721,0.0,0.0,0.0,0.0,0.0,0.0,0.0,0.0,0.0,0.0,0.0,0.0,0.0,0.0,0.0,0.0,0.0,0.0,0.0,0.0,0.0,0.0,0.0,0.0,0.0,0.0,0.0,0.0,0.0,0.0,0.0,0.0,0.0,0.0,0.0,0.0,0.0,0.0,0.0,0.0,0.0,0.0,0.0,0.0,0.0,0.0,0.0,0.0,0.0,0.0,0.0,0.0,0.0,0.0,0.0,0.0,0.0,0.0,0.0,0.7078536748886108,0.0,0.0,0.0,0.0,0.0,0.0,0.0,0.0,0.0,0.0,0.0,0.0,0.0,0.0,0.0,0.0,0.0,0.0,0.0,0.0,6.173751354217529,0.0,0.0,0.0,0.0,0.0,0.0,0.0,0.0,0.0,0.0,0.0,0.0,0.0,0.0,0.0,0.0,0.0,0.0,0.0,0.0,0.0,0.0,0.0,0.0,0.0,0.0,0.0,0.0,60.02185821533203,0.0,0.0,0.0,0.0,0.0,0.0,0.0,0.0,0.0,0.0,0.0,0.0,0.0,0.0,0.0,0.0,0.0,0.0,0.0,0.0,0.0,0.0,0.0,0.0,0.0,0.0,0.0,0.0,0.0,0.0,0.0,0.0,0.0,0.0,0.0,0.0,0.0,0.0,0.0,0.0,0.0,0.0,0.0,0.0,0.0,0.0,0.0,0.0,0.0,18.828659057617188,0.0,0.0,0.0,0.0,0.0,0.0,0.0,0.0,0.0,0.0,0.0,0.0,0.0,0.0,0.0,0.0,0.0,0.0,0.0,0.0,0.0,0.0,18.265644073486328,0.0,0.0,0.0,0.0,0.0,0.0,0.0,0.0,0.0,0.0,0.0,0.0,0.0,0.0,0.0,0.0,0.0,0.0,0.0,0.0,0.0,13.435336112976074,0.0,43.683998107910156,0.0,0.0,0.0,0.0,0.0,0.0,0.0,0.0,0.0,0.0,0.0,0.0,0.0,0.0,0.0,0.0,0.0,0.0,0.0,0.0,0.0,0.0,0.0,0.0,0.0,0.0,0.0,0.0,0.0,0.0,0.0,0.0,0.0,0.0,0.0,0.0,0.0,0.0,0.0,0.0,0.0,0.0,0.0,0.0,0.0,0.0,0.0,0.0,0.0,0.0,0.0,0.0,0.0,0.0,0.0,0.0,0.0,0.0,0.0,0.0,0.0,0.0,0.0,0.0,0.0,0.0,0.0,0.0,0.0,0.0,0.0,0.0,0.0,0.0,2.346315860748291,0.0,0.0,0.0,0.0,0.0,0.0,0.0,0.0,0.0,0.0,0.0,0.0,0.0,0.0,0.0,0.0,1.513361930847168,0.0,0.0,0.0,0.0,0.0,0.0,0.0,0.0,0.0,0.0,0.0,0.0,0.0,0.0,0.0,0.0,0.0,0.0,0.0,0.0,0.0,0.0,0.0,0.0,0.0,0.0,0.0,0.0,0.0,0.0,0.0,0.0,0.0,0.0,0.0,0.0,0.0,0.0,0.0,0.0,0.0,0.0,0.0,0.0,0.0,0.0,0.0,0.0,0.0,0.0,0.0,0.0,0.0,0.0,0.0,0.0,0.0,0.0,0.0,0.0,0.0,0.0,0.0,0.0,0.0,0.0,0.0,0.0,0.0,0.0,0.0,0.0,0.0,0.0,0.0,0.0,0.0,0.0,0.0,0.0,0.0,0.0,0.0,0.0,0.0,0.0,0.0,0.0,0.0,0.0,0.0,0.0,0.0,0.0,0.0,0.0,0.0,0.0,0.0,0.0,0.0,0.0,0.0,0.0,0.0,0.0,32.14677810668945,0.0,0.0,0.0,0.0,0.0,0.0,0.0,0.0,0.0,0.0,0.0,0.0,0.0,0.0,0.0,0.0,0.0,0.0,0.0,0.0,0.0,26.856115341186523,0.0,0.0,0.0,0.0,0.0,0.0,0.0,0.0,0.0,0.0,0.0,0.0,0.0,0.0,0.0,0.0,0.0,0.0,0.0,0.0,0.0,0.0,16.172517776489258,0.0,0.0,0.0,0.0,0.0,0.0,0.0,0.0,0.0,0.0,0.0,0.0,0.0,0.0,0.0,0.0,0.0,0.0,0.0,0.0,0.0,0.0,0.0,0.0,0.0,0.0,0.0,0.0,0.0,0.0,0.0,0.0,0.0,0.0,0.0,0.0,0.0,0.0,0.0,0.0,0.0,0.0,0.0,0.0,0.0,0.0,0.0,0.0,0.0,7.30778694152832,0.0,0.0,0.0,0.0,0.0,36.027408599853516,0.0,0.0,0.0,0.0,0.0,0.0,0.0,0.0,0.0,0.0,0.0,0.0,0.0,0.0,0.0,0.0,0.0,0.0,0.0,0.0,0.0,0.0,0.0,0.0,0.0,0.0,0.0,0.0,0.0,0.0,0.0,0.0,0.0,0.0,0.0,0.0,0.0,0.0,0.0,0.0,0.0,0.0,0.0,0.0,0.0,0.0,0.0,0.0,0.0,0.0,0.0,0.0,0.0,0.0,0.0,0.0,0.0,0.0,9.276020050048828,0.0,0.0,0.0,0.0,0.0,0.0,0.0,0.0,0.0,0.0,0.0,0.0,0.0,0.0,0.0,0.0,0.0,0.0,0.0,0.0,0.0,0.0,0.0,0.0,0.0,0.0,6.130348205566406,0.0,0.0,0.0,0.0,0.0,0.0,0.0,0.0,0.0,0.0,0.0,0.0,0.0,0.0,0.0,0.0,0.0,0.0,0.0,0.0,0.0,0.0,0.0,0.0,0.0,0.0,0.0,0.0,59.16985321044922,0.0,0.0,0.0,0.0,0.0,0.0,0.0,0.0,0.0,0.0,0.0,0.0,0.0,0.0,0.0,0.0,0.0,0.0,0.0,0.0,0.0,0.0,0.0,0.0,0.0,0.0,0.0,0.0,0.0,0.0,0.0,0.0,0.0,0.0,0.0,0.0,0.0,0.0,0.0,0.0,0.0,0.0,0.0,0.0,0.0,0.0,0.0,0.0,0.0,40.08320999145508,0.0,0.0,0.0,0.0,0.0,0.0,0.0,0.0,0.0,0.0,0.0,0.0,0.0,0.0,0.0,0.0,0.0,0.0,0.0,0.0,0.0,0.0,2.968536138534546,0.0,0.0,0.0,0.0,0.0,0.0,0.0,0.0,0.0,0.0,0.0,0.0,0.0,0.0,0.0,0.0,0.0,0.0,0.0,0.0,0.0,0.0,0.0,35.15055847167969,0.0,0.0,0.0,0.0,0.0,0.0,0.0,0.0,0.0,0.0,0.0,0.0,0.0,0.0,0.0,0.0,0.0,0.0,0.0,0.0,0.0,0.0,0.0,0.0,0.0,4.502559661865234,0.0,0.0,0.0,0.0,0.0,0.0,0.0,0.0,0.0,0.0,0.0,0.0,0.0,0.0,0.0,0.0,0.0,0.0,0.0,0.0,0.0,0.0,0.0,0.0,0.0,0.0,0.0,0.0,0.0,0.0,0.0,0.0,0.0,0.0,0.0,0.0,0.0,0.0,0.0,0.0,0.0,0.0,0.0,0.0,0.0,0.0,0.0,0.0,0.0,0.0,0.0,0.0,0.0,0.0,0.0,0.0,0.0,0.0,0.0,0.0,0.0,0.0,0.0,0.0,0.0,7.661660671234131,0.0,0.0,0.0,0.0,0.0,0.0,0.0,0.0,0.0,0.0,0.0,0.0,0.0,0.0,0.0,0.0,0.0,0.0,0.0,0.0,0.0,0.0,0.0,0.0,0.0,0.0,0.0,0.0,0.0,0.0,0.0,0.0,0.0,0.0,0.0,0.0,0.0,0.0,0.0,0.0,0.0,10.482131004333496,0.0,0.0,0.0,0.0,0.0,0.0,0.0,0.0,0.0,0.0,0.0,0.0,0.0,0.0,0.0,0.0,0.0,0.0,0.0,0.0,0.0,0.0,0.0,0.0,0.0,0.0,0.0,0.0,0.0,0.0,0.0,0.0,0.0,0.0,0.0,0.0,0.0,0.0,0.0,0.0,0.0,0.0,0.0,0.0,0.0,0.0,0.0,0.0,0.0,0.0,0.0,0.0,0.0,0.0,0.0,0.0,0.0,0.0,0.0,0.0,0.0,0.25496935844421387,0.0,0.0,29.098440170288086,0.0,0.0,0.0,0.0,0.0,0.0,0.0,0.0,0.0,0.0,0.0,0.0,0.0,0.0,0.0,0.0,0.0,0.0,0.0,0.0,0.0,1.999174952507019,0.059884220361709595,0.0,0.0,0.0,0.0,0.0,0.0,0.0,0.0,0.0,0.0,0.0,0.0,0.0,0.0,0.0,0.0,0.0,0.0,0.0,0.0,0.0,1.7930928468704224,0.0,0.0,0.0,0.0,0.0,0.0,0.0,0.0,0.0,0.0,0.0,0.0,5.3029866218566895,0.0,0.0,0.0,0.0,0.0,0.0,0.0,0.0,0.0,0.0,0.0,0.0,0.0,0.0,0.0,0.0,0.0,0.0,0.0,0.0,0.0,0.0,0.0,0.0,0.0,0.0,0.0,0.0,0.0,0.0,0.0,0.0,0.0,0.0,0.0,0.0,13.138556480407715,0.0,0.0,0.0,0.0,0.0,18.150821685791016,0.0,0.0,0.0,0.0,0.0,0.0,0.0,0.0,0.0,0.0,0.0,0.0,0.0,0.0,0.0,0.0,0.0,0.0,0.0,0.0,0.0,7.370604515075684,0.0,0.0,0.0,0.0,0.0,0.0,0.0,0.0,0.0,0.0,0.0,0.0,0.0,0.0,0.0,0.0,0.0,0.0,0.0,0.0,0.0,0.0,0.0,0.0,0.0,0.0,0.0,0.0,0.0,0.0,0.0,0.0,0.0,0.0,0.0,0.0,15.190762519836426,0.0,0.0,0.0,0.0,0.0,0.0,0.0,0.0,0.0,0.0,0.0,0.0,0.0,0.0,0.0,0.0,0.0,0.0,0.0,0.0,0.0,0.0,0.0,0.0,0.0,0.0,15.972862243652344,0.0,0.0,0.0,0.0,0.0,0.0,0.0,0.0,0.0,10.422887802124023,0.0,0.0,0.0,0.0,0.0,0.0,0.0,0.0,0.0,0.0,1.632763147354126,0.0,0.0,0.0,0.0,9.81938648223877,2.388674020767212,0.0,37.30544662475586,0.0,0.0,0.0,0.0,8.402670860290527,0.0,0.0,0.0,0.0,0.0,0.0,0.0,0.0,0.0,0.0,0.0,0.0,0.0,0.0,0.0,0.0,0.0,0.0,0.0,0.0,0.0,0.0,0.0,0.0,0.0,0.0,0.0,0.0,0.0,0.0,0.0,0.0,0.0,0.0,0.0,0.0,0.0,0.0,0.0,0.0,0.0,0.0,0.0,0.0,22.07343864440918,0.0,0.0,0.0,0.0,0.0,0.0,0.0,0.0,0.0,0.0,0.0,0.0,0.0,0.0,0.0,8.188454627990723,0.0,0.0,0.0,0.0,0.0,0.0,0.0,0.0,0.0,0.0,0.0,0.0,0.0,0.0,0.0,0.0,0.0,0.0,0.0,0.0,0.0,0.0,0.0,0.0,0.0,0.0,0.0,0.0,0.0,0.0,0.0,0.0,0.0,0.0,0.0,0.0,0.0,0.0,0.0,0.0,0.0,0.0,0.0,0.0,0.0,0.0,0.0,0.0,0.0,0.0,0.0,0.0,0.0,0.0,0.0,0.0,0.0,0.0,0.0,0.0,0.0,0.0,0.0,0.0,2.5192911624908447,13.778985977172852,0.0,0.0,0.0,0.0,0.0,0.0,0.0,0.0,0.0,0.0,0.0,0.0,0.0,0.0,0.0,0.0,0.0,0.0,0.0,0.0,0.0,0.0,0.0,0.0,0.0,0.0,0.0,0.0,0.0,0.0,0.0,0.0,0.0,0.0,0.0,0.0,0.0,0.0,0.0,0.0,0.0,0.0,0.0,0.0,0.0,0.0,0.0,0.0,0.0,0.0,0.0,0.0,0.0,0.0,0.0,0.0,0.0,0.0,0.0,0.0,4.2779951095581055,0.0,0.0,0.0,0.0,0.0,0.0,0.0,0.0,0.0,0.0,0.0,0.0,0.0,0.0,0.0,0.0,0.0,0.0,0.0,0.0,0.0,0.0,0.0,0.0,0.0,0.0,0.0,0.0,0.0,0.0,0.0,0.0,0.0,0.0,0.8875290155410767,0.0,0.0,0.0,0.0,0.0,0.0,0.0,0.0,0.0,0.0,0.0,0.0,0.0,0.0,0.0,0.0,0.0,0.0,0.0,0.0,0.0,0.0,0.0,0.0,0.0,0.0,0.0,0.0,0.0,0.0,0.0,0.0,0.0,0.0,0.0,0.0,0.0,0.0,0.0,0.0,0.0,0.0,0.0,0.0,0.0,0.0,0.0,0.0,0.0,0.0,0.0,0.0,0.0,0.0,0.0,14.920072555541992,0.0,0.0,0.0,0.0,0.0,0.0,0.0,0.0,0.0,0.0,0.0,5.291703701019287,0.0,0.0,0.0,0.0,0.0,0.0,0.0,0.0,0.0,0.0,0.0,0.0,0.0,0.0,0.0,0.0,0.0,0.0,0.0,0.0,0.0,0.0,0.0,0.0,0.0,0.0,0.0,0.0,0.0,0.0,0.0,0.0,0.0,0.0,0.0,0.0,0.0,0.0,0.0,0.0,0.0,0.0,0.0,0.0,36.17505645751953,0.0,0.0,0.0,0.0,0.0,0.0,0.0,0.0,0.0,0.0,0.0,0.0,0.0,0.0,0.0,0.0,0.0,0.0,0.0,0.0,0.0,0.0,0.0,0.0,0.0,0.0,0.0,0.0,0.0,0.0,0.0,0.0,0.0,0.0,0.0,0.0,0.0,0.0,0.0,0.0,0.0,0.0,0.0,0.0,0.0,0.0,0.0,0.0,0.0,0.0,0.0,0.0,0.0,0.0,0.0,3.2481653690338135,0.0,0.0,0.0,0.0,0.0,0.0,0.0,0.0,0.0,0.0,0.0,0.0,0.0,0.0,0.0,0.0,0.0,0.0,0.0,0.0,0.0,0.0,0.0,0.0,0.0,0.0,0.0,0.0,0.0,0.0,0.0,0.0,0.0,0.0,0.0,0.0,0.0,0.0,0.0,0.0,0.0,0.0,0.0,0.0,0.0,0.0,0.0,0.0,0.0,0.0,0.0,0.0,0.0,0.0,0.0,0.0,0.0,0.0,23.617115020751953,0.0,0.0,0.0,0.0,0.0,0.0,0.0,0.0,19.827632904052734,0.0,0.0,0.0,0.0,0.0,0.0,0.0,0.0,0.0,0.0,0.0,0.0,0.0,0.0,0.0,0.0,0.0,0.0,0.0,0.0,0.0,0.0,0.0,0.0,0.0,0.0,0.0,0.0,0.0,0.0,0.0,0.0,0.0,0.0,0.0,0.0,0.0,0.0,0.0,0.0,0.0,0.0,0.0,0.0,0.0,0.0,34.67631530761719,0.0,0.0,0.0,0.0,0.0,0.0,0.0,0.0,0.0,0.0,0.0,0.0,0.0,0.0,0.0,0.0,0.0,0.0,0.0,0.0,0.0,0.0,0.0,0.0,0.0,0.0,0.0,0.0,0.0,0.0,0.0,0.0,0.0,0.0,0.0,0.0,0.0,0.0,0.0,0.0,0.0,0.0,0.0,0.0,0.0,0.0,0.0,0.0,0.0,19.722902297973633,0.0,0.0,0.0,0.0,0.0,0.0,0.0,0.0,0.0,0.0,0.0,0.0,0.0,0.0,0.0,0.0,0.0,0.0,0.0,0.0,0.0,0.0,2.489393949508667,0.0,0.0,0.0,0.0,0.0,0.0,0.0,0.0,0.0,0.0,0.0,0.0,0.0,0.0,0.0,0.0,0.0,0.0,0.0,0.0,0.0,0.0,0.0,0.0,0.0,0.0,0.0,0.0,0.0,0.0,0.0,0.0,0.0,0.0,0.0,0.0,0.0,0.0,0.0,0.0,0.0,0.0,0.0,0.0,0.0,0.0,0.0,0.0,0.0,0.0,0.0,0.0,0.0,0.0,0.0,0.0,0.0,0.0,0.0,0.0,0.0,0.0,0.0,0.0,0.0,0.0,0.0,0.0,0.0,0.0,0.0,0.0,0.0,0.0,0.0,0.0,0.0,0.0,0.0,0.0,0.0,0.0,0.0,0.0,0.0,0.0,0.0,0.0,0.0,0.0,0.0,0.0,0.0,0.0,0.0,0.0,0.0,0.0,0.0,0.0,0.0,0.0,0.0,0.0,0.0,0.0,0.0,0.0,0.0,0.0,0.0,0.0,0.0,0.0,0.0,0.0,0.0,0.0,0.0,2.3344812393188477,0.0,0.0,0.0,0.0,0.0,0.0,0.0,0.0,0.0,0.0,0.0,0.0,0.0,0.0,0.0,0.0,0.0,0.0,0.0,0.0,0.0,0.0,0.0,0.0,0.0,0.0,0.0,0.0,0.0,0.0,0.0,0.0,0.0,0.0,0.0,0.0,0.0,0.0,0.0,0.0,0.0,0.0,0.0,0.0,0.0,0.0,0.0,0.0,0.0,0.0,0.0,0.0,0.0,0.0,0.0,0.0,0.0,0.0,0.0,0.0,0.0,0.0,0.0,0.0,0.0,0.0,0.0,0.0,0.0,0.0,0.0,0.0,0.0,0.0,0.0,0.0,0.0,0.0,0.0,0.0,0.0,8.124703407287598,0.0,0.0,0.0,0.0,0.0,0.0,0.0,0.0,0.0,0.0,0.0,0.0,0.0,0.0,0.0,0.0,0.0,0.0,0.0,0.0,23.966644287109375,0.0,0.0,0.0,0.0,0.0,0.0,0.0,0.0,0.0,0.0,0.0,0.0,0.0,0.0,0.0,0.0,0.0,0.0,0.0,0.0,0.0,0.0,0.0,0.0,0.0,0.0,0.0,0.0,0.0,0.0,0.0,0.0,0.0,0.0,0.0,0.0,0.0,0.0,0.0,0.0,0.0,0.0,0.0,0.0,5.783238410949707,0.0,0.0,0.0,0.0,0.0,0.0,0.0,0.0,0.0,0.0,0.0,0.0,0.0,0.0,0.0,0.0,0.0,0.0,0.0,0.0,0.0,0.0,0.0,0.0,0.0,0.0,0.0,0.0,0.0,0.0,0.0,0.0,0.0,0.0,0.0,0.0,0.0,0.0,0.0,0.0,0.0,0.0,0.0,0.0,0.0,0.0,0.0,0.0,0.0,0.0,0.0,0.0,0.0,0.0,0.0,5.821922779083252,0.0,0.0,0.0,0.0,0.0,0.0,0.0,0.0,0.0,0.0,0.0,0.0,0.0,0.0,0.0,0.0,0.0,0.0,0.0,0.0,0.0,0.0,0.0,0.0,0.0,0.0,0.0,0.0,0.0,0.0,0.0,0.0,0.0,0.0,0.0,0.0,0.0,0.0,0.0,0.0,0.0,0.0,0.0,0.0,0.0,0.0,0.0,0.0,0.0,0.0,0.0,0.0,0.0,0.0,0.0,0.0,0.0,0.0,20.478551864624023,0.0,0.0,0.0,0.0,0.0,0.0,0.0,0.0,0.0,0.0,0.0,0.0,0.0,0.0,0.0,0.0,0.0,0.0,0.0,0.0,0.0,0.0,0.0,0.0,0.0,0.0,0.0,0.0,0.0,0.0,0.0,0.0,0.0,0.0,0.0,0.0,0.0,0.0,0.0,0.0,0.0,0.0,0.0,0.0,0.0,0.0,0.0,0.0,0.0,0.0,0.0,0.0,0.0,0.0,0.0,28.349687576293945,0.0,0.0,0.0,0.0,0.0,0.0,0.0,0.0,0.0,0.0,0.0,0.0,0.0,0.0,0.0,0.0,0.0,0.0,0.0,0.0,0.0,0.0,0.0,0.0,0.0,0.0,0.0,0.0,0.0,0.0,0.0,0.0,0.0,0.0,0.0,0.0,0.0,0.0,0.0,0.0,0.0,0.0,0.0,0.0,0.0,0.0,0.0,0.0,0.0,27.489822387695312,0.0,0.0,0.0,0.0,0.0,0.0,0.0,0.0,0.0,0.0,0.0,0.0,0.0,0.0,0.0,0.0,0.0,0.0,0.0,0.0,0.0,0.0,9.341660499572754,0.0,0.0,0.0,0.0,0.0,0.0,0.0,0.0,0.0,0.0,0.0,0.0,18.9716854095459,0.0,0.0,0.0,0.0,0.0,0.0,0.0,0.0,0.0,0.0,0.0,0.0,0.0,0.0,0.0,0.0,0.0,0.0,0.0,0.0,0.0,0.0,0.0,0.0,0.0,0.0,0.0,0.0,0.0,0.0,0.0,0.0,0.0,0.0,0.0,0.0,0.0,0.0,0.0,0.0,0.0,0.0,0.0,0.0,0.0,0.0,0.0,0.0,0.0,0.0,0.0,0.0,0.0,0.0,0.0,0.0,0.0,0.0,0.0,0.0,0.0,0.0,0.0,0.0,0.0,0.0,0.0,0.0,0.0,0.0,0.0,0.0,0.0,0.0,0.0,0.0,0.0,0.0,0.0,0.0,0.0,0.0,0.0,0.0,0.0,0.0,0.0,0.0,0.0,0.0,0.0,0.0,0.0,0.0,0.0,0.0,0.0,0.0,0.0,0.0,0.0,0.0,0.0,0.0,0.0,0.0,7.805930137634277,0.0,0.0,0.0,0.0,0.0,0.0,0.0,0.0,0.0,0.0,0.0,0.0,0.0,0.0,0.0,0.0,0.0,0.0,0.0,0.0,0.0,0.0,0.0,0.0,0.0,0.0,0.0,0.0,0.0,0.0,0.0,0.0,0.0,0.0,4.929532527923584,0.0,0.0,0.0,0.0,0.0,0.0,0.0,0.0,0.0,0.0,0.0,0.0,0.0,0.0,0.0,0.0,0.0,0.0,0.0,0.0,0.0,0.0,0.0,0.0,0.0,0.0,0.0,0.0,0.0,0.0,0.0,0.0,0.0,0.0,0.0,0.0,0.0,0.0,0.0,0.0,0.0,0.0,0.0,0.0,0.0,0.0,8.986842155456543,0.0,0.0,0.0,0.0,0.0,0.0,0.0,0.0,35.24079132080078,0.0,0.0,0.0,0.0,0.0,0.0,0.0,17.067874908447266,0.0,0.0,0.0,28.815832138061523,0.0,0.0,0.0,0.0,0.0,0.0,0.0,0.0,0.0,0.0,0.0,0.0,0.0,0.0,0.0,0.0,0.0,0.0,0.0,0.0,0.0,0.0,0.0,0.0,0.0,0.0,0.0,0.0,0.0,0.0,0.0,0.0,0.0,0.0,0.0,0.0,0.0,0.0,0.0,0.0,0.0,0.0,0.0,0.0,19.924392700195312,0.0,0.0,0.0,0.0,0.0,0.0,0.0,0.0,0.0,0.0,0.0,0.0,0.0,0.0,0.0,0.0,0.0,0.0,0.0,0.0,0.0,0.0,0.0,0.0,0.0,0.0,0.0,0.0,0.0,0.0,0.0,0.0,0.0,0.0,0.0,0.0,0.0,0.0,0.0,0.0,0.0,0.0,0.0,0.0,0.0,0.0,0.0,0.0,0.0,0.0,0.0,0.0,0.0,0.0,0.0,14.324311256408691,0.0,0.0,0.0,0.0,0.0,0.0,0.0,0.0,0.0,0.0,0.0,0.0,0.0,0.0,0.0,0.0,0.0,0.0,0.0,0.0,0.0,0.0,0.0,0.0,0.0,0.0,0.0,0.0,0.0,0.0,0.0,0.0,0.0,0.0,0.0,0.0,0.0,0.0,0.0,0.0,0.0,0.0,0.0,0.0,0.0,0.0,0.0,0.0,0.0,0.0,0.0,0.0,0.0,0.0,0.0,0.0,0.0,0.0,11.540369987487793,0.0,0.0,0.0,0.0,0.0,0.0,0.0,0.0,0.0,0.0,0.0,0.0,0.0,0.0,0.0,0.0,0.0,0.0,0.0,0.0,0.0,0.0,0.0,0.0,0.0,0.0,15.367914199829102,0.0,0.0,0.0,0.0,0.0,18.70585060119629,0.0,0.0,0.0,0.0,0.0,0.0,0.0,0.0,0.0,0.0,0.0,0.0,0.0,0.0,0.0,0.0,0.0,0.0,0.0,0.0,0.0,0.0,34.211151123046875,0.0,0.0,0.0,0.0,0.0,0.0,0.0,0.0,0.0,0.0,0.0,0.0,0.0,0.0,0.0,0.0,0.0,0.0,0.0,0.0,0.0,0.0,0.0,0.0,0.0,0.0,0.0,0.0,0.0,0.0,0.0,0.0,0.0,0.0,0.0,0.0,0.0,0.0,0.0,0.0,0.0,0.0,0.0,0.0,0.0,0.0,0.0,0.0,0.0,16.923572540283203,0.0,0.0,0.0,0.0,0.0,0.0,0.0,0.0,0.0,0.0,0.0,0.0,0.0,0.0,0.0,0.0,0.0,0.0,0.0,0.0,0.0,0.0,19.996261596679688,0.0,0.0,0.0,0.0,0.0,0.0,0.0,0.0,0.0,0.0,0.0,0.0,11.068655967712402,0.0,0.0,7.7541022300720215,0.0,0.0,0.0,0.0,0.0,0.0,0.0,0.0,0.0,0.0,0.0,0.0,0.0,0.0,0.0,0.0,0.0,0.0,0.0,0.0,0.0,0.0,0.0,0.0,0.0,0.0,0.0,0.0,0.0,0.0,0.0,0.0,0.0,0.0,0.0,0.0,0.0,0.0,0.0,0.0,0.0,0.0,0.0,0.0,0.0,0.0,0.0,0.0,0.0,0.0,0.0,0.0,0.0,0.0,0.0,0.0,0.0,0.0,0.0,0.0,0.0,0.0,0.0,0.0,0.0,0.0,0.0,0.0,0.0,0.0,0.0,0.0,0.0,1.785437822341919,0.0,0.0,0.0,0.0,0.0,0.0,0.0,0.0,0.0,0.0,0.0,0.0,0.0,0.0,0.0,0.0,0.0,0.0,0.0,0.0,0.0,0.0,0.0,0.0,0.0,0.0,0.0,0.0,0.0,6.755103588104248,0.0,0.0,0.0,0.0,0.0,0.0,0.0,4.634476184844971,0.0,0.0,0.0,0.0,0.0,0.0,0.0,0.0,0.0,0.0,0.0,0.0,0.0,0.0,0.0,0.0,0.0,0.0,0.0,0.0,0.0,0.0,0.0,0.0,0.0,0.0,12.726957321166992,0.0,0.0,0.35343360900878906,0.0,0.0,0.0,0.0,0.0,0.0,1.3707681894302368,0.0,0.0,0.0,0.0,0.0,0.0,0.0,0.0,0.0,0.0,0.0,0.0,0.0,0.0,0.0,0.0,0.0,0.0,2.756239414215088,0.0,0.0,0.0,0.0,0.0,0.0,0.0,0.0,0.0,0.0,0.0,0.0,0.0,0.0,0.0,0.0,0.0,6.132690906524658,0.0,0.0,0.0,0.0,0.0,0.0,0.0,0.0,54.05657196044922,0.0,0.0,0.0,0.0,0.0,0.0,0.0,41.0863151550293,0.0,0.0,0.0,5.569437026977539,0.0,0.0,0.0,0.0,0.0,0.0,0.0,0.0,0.0,0.0,0.0,0.0,0.0,0.0,0.0,0.0,0.0,0.0,0.0,0.0,0.0,0.0,0.0,0.0,0.0,0.0,0.0,0.0,0.0,0.0,0.0,0.0,0.0,0.0,0.0,0.0,0.0,0.0,0.0,0.0,0.0,0.0,0.0,0.0,22.696239471435547,0.0,32.38855743408203,0.0,0.0,0.0,0.0,0.0,0.0,0.0,0.0,0.0,0.0,0.0,0.0,0.0,0.0,0.0,0.0,0.0,0.0,0.0,0.0,0.0,0.0,0.0,0.0,0.0,0.0,0.0,0.0,0.0,0.0,0.0,0.0,0.0,0.0,0.0,0.0,0.0,0.0,0.0,0.0,0.0,0.0,0.0,0.0,0.0,0.0,0.0,0.0,0.0,0.0,0.0,0.0,0.0,4.613365173339844,0.0,0.0,0.0,0.0,0.0,0.0,0.0,0.0,0.0,0.0,0.0,0.0,0.0,0.0,0.0,0.0,0.0,0.0,0.0,0.0,0.0,0.0,0.0,0.0,0.0,0.0,0.0,0.0,0.0,0.0,0.0,0.0,0.0,0.0,0.0,0.0,0.0,0.0,0.0,0.0,0.0,0.0,0.0,0.0,0.0,0.0,0.0,0.0,0.0,0.0,0.0,0.0,0.0,0.0,0.0,0.0,0.0,0.0,6.490694046020508,0.0,0.0,0.0,0.0,0.0,0.0,0.0,0.0,0.0,0.0,0.0,0.0,0.0,0.0,0.0,0.0,0.0,0.0,0.0,0.0,0.0,0.0,0.0,0.0,0.0,0.0,13.704787254333496,0.0,0.0,0.0,0.0,0.0,16.702777862548828,0.0,0.0,0.0,0.0,0.0,0.0,0.0,0.0,0.0,0.0,0.0,0.0,0.0,0.0,0.0,0.0,0.0,0.0,0.0,0.0,0.0,0.0,25.12836456298828,0.0,0.0,0.0,0.0,0.0,0.0,0.0,0.0,0.0,0.0,0.0,0.0,0.0,0.0,0.0,0.0,0.0,0.0,0.0,0.0,0.0,0.0,0.0,0.0,0.0,0.0,0.0,0.0,0.0,0.0,0.0,9.019674301147461,0.0,0.0,19.642057418823242,0.0,0.0,0.0,0.0,0.0,0.0,0.0,0.0,0.0,0.0,0.0,0.0,0.0,0.0,31.62725257873535,0.0,0.0,0.0,0.0,0.0,0.0,0.0,0.0,0.0,0.0,0.0,0.0,0.0,0.0,0.0,0.0,0.0,0.0,0.0,0.0,0.0,0.0,35.63502883911133,0.0,0.0,0.0,0.0,0.0,0.0,0.0,0.0,0.0,0.0,0.0,0.0,18.451379776000977,0.0,0.0,0.0,0.0,0.0,0.0,0.0,0.0,0.0,0.0,0.0,0.0,0.0,0.0,0.0,0.0,0.0,0.0,0.0,0.0,0.0,0.0,0.0,0.0,0.0,0.0,0.0,0.0,0.0,0.0,0.0,0.0,0.0,0.0,0.0,0.0,0.0,0.0,0.0,0.0,0.0,0.0,0.0,0.0,0.0,0.0,0.0,0.0,0.0,0.0,0.0,0.0,0.0,0.0,0.0,0.0,0.0,0.0,0.0,0.0,0.0,0.0,0.0,0.0,0.0,0.0,0.0,0.0,0.0,0.0,0.0,0.0,0.0,0.0,0.0,0.0,0.0,0.0,0.0,0.0,0.0,0.0,0.0,0.0,0.0,0.0,0.0,0.0,0.0,0.0,0.0,0.0,0.0,0.0,0.0,0.0,0.0,0.0,0.0,0.0,0.0,0.0,0.0,0.0,0.0,0.0,6.815730094909668,0.0,0.0,0.0,0.0,0.0,0.0,0.0,0.0,0.0,0.0,0.0,0.0,0.0,0.0,0.0,0.0,0.0,0.0,0.0,0.0,0.0,0.0,0.0,0.0,0.0,0.0,0.0,0.0,0.0,0.0,0.0,0.0,0.0,0.0,3.4567768573760986,0.0,0.0,0.0,0.0,0.0,0.0,0.0,0.0,0.0,0.0,0.0,0.0,0.0,0.0,0.0,0.0,0.0,0.0,0.0,0.0,0.0,0.0,0.0,0.0,0.0,0.0,0.0,0.0,0.0,0.0,0.0,0.0,0.0,0.0,0.0,0.0,0.0,0.0,0.0,0.0,0.0,0.0,0.0,0.0,0.0,0.0,11.353754043579102,0.0,0.0,0.0,0.0,0.0,0.0,0.0,0.0,5.146704196929932,0.0,0.0,0.0,0.0,0.0,0.0,0.0,0.0,0.0,0.0,0.0,3.535372734069824,0.0,0.0,0.0,0.0,0.0,0.0,0.0,0.0,0.0,0.0,0.0,0.0,0.0,0.0,0.0,0.0,0.0,0.0,0.0,0.0,0.0,0.0,0.0,0.0,0.0,0.0,0.0,0.0,0.0,0.0,0.0,0.0,0.0,0.0,0.0,0.0,0.0,0.0,0.0,0.0,0.0,0.0,0.0,0.0,30.187536239624023,0.0,0.0,0.0,0.0,0.0,0.0,0.0,0.0,0.0,0.0,0.0,0.0,0.0,0.0,0.0,0.0,0.0,0.0,0.0,0.0,0.0,0.0,0.0,0.0,0.0,0.0,0.0,0.0,0.0,0.0,0.0,0.0,0.0,0.0,0.0,0.0,0.0,0.0,0.0,0.0,0.0,0.0,0.0,0.0,0.0,0.0,0.0,0.0,0.0,0.0,0.0,0.0,0.0,0.0,0.0,40.22528076171875,0.0,0.0,0.0,0.0,0.0,0.0,0.0,0.0,0.0,0.0,0.0,0.0,0.0,0.0,0.0,0.0,0.0,0.0,0.0,0.0,0.0,0.0,0.0,0.0,0.0,0.0,0.0,0.0,0.0,0.0,0.0,0.0,0.0,0.0,0.0,0.0,0.0,0.0,0.0,0.0,0.0,0.0,0.0,0.0,0.0,0.0,0.0,0.0,0.0,0.0,0.0,0.0,0.0,0.0,0.0,0.0,0.0,0.0,0.0,0.0,0.0,0.0,0.0,0.0,0.0,0.0,0.0,0.0,0.0,0.0,0.0,0.0,0.0,0.0,0.0,0.0,0.0,0.0,0.0,0.0,0.0,0.0,0.0,0.0,0.0,0.0,0.0,0.0,0.0,0.0,0.0,0.0,0.0,0.0,0.0,0.0,0.0,0.0,0.0,0.0,0.0,0.0,0.0,0.0,0.0,0.0,0.0,0.0,0.0,0.0,0.0,0.0,0.0,0.0,25.490951538085938,0.0,0.0,0.0,0.0,0.0,0.0,0.0,0.0,0.0,0.0,0.0,0.0,0.0,0.0,0.0,0.0,0.0,0.0,0.0,0.0,0.0,0.0,0.0,0.0,0.0,0.0,0.0,0.0,0.0,0.0,0.0,0.0,0.0,0.0,0.0,0.0,0.0,0.0,0.0,0.0,0.0,0.0,0.0,0.0,0.0,0.0,0.0,0.0,0.0,24.933012008666992,0.0,0.0,0.0,0.0,0.0,0.0,0.0,0.0,0.0,0.0,0.0,0.0,0.0,0.6422176957130432,0.0,0.0,0.0,0.0,0.0,0.0,0.0,0.0,0.0,0.0,0.0,0.0,0.0,0.0,0.0,0.0,0.0,0.0,0.0,0.0,0.0,17.240694046020508,0.0,0.0,0.0,0.0,0.0,0.0,0.0,0.0,0.0,0.0,40.31615447998047,0.0,0.0,0.0,0.0,0.0,0.0,0.0,0.0,0.0,0.0,0.0,0.0,0.0,0.0,0.0,0.0,0.0,0.0,0.0,0.0,0.0,0.0,0.0,0.0,0.0,0.0,0.0,0.0,0.0,0.0,0.0,0.0,0.0,0.0,0.0,0.0,0.0,0.0,0.0,0.0,0.0,0.0,0.0,0.0,0.0,0.0,0.0,0.0,0.0,0.0,0.0,0.0,0.0,0.0,0.0,0.0,0.0,0.0,0.0,0.0,0.0,0.0,0.0,0.0,0.0,0.0,0.0,0.0,0.0,0.0,0.0,0.0,0.0,0.0,0.0,0.0,0.0,0.0,0.0,0.0,0.0,0.0,0.0,0.0,0.0,0.0,0.0,0.0,0.0,0.0,0.0,0.0,0.0,0.0,0.0,5.47837495803833,0.0,0.0,0.0,0.0,0.0,0.0,0.0,0.0,0.0,0.0,0.0,0.0,0.0,0.0,0.0,0.0,0.0,0.0,0.0,0.0,0.0,0.0,0.0,0.0,0.0,0.0,0.0,0.0,0.0,0.0,0.0,0.0,0.0,0.0,14.55727481842041,0.0,0.0,0.0,0.0,0.0,0.0,0.0,0.0,0.0,0.0,0.0,0.0,0.0,0.0,0.0,0.0,0.0,0.0,0.0,0.0,0.0,0.0,0.0,0.0,0.0,0.0,0.0,0.0,0.0,0.0,0.0,0.0,0.0,0.0,0.0,0.0,0.0,0.0,0.0,0.0,0.0,0.0,0.0,0.0,0.0,0.0,0.0,0.0,0.0,0.0,0.0,0.0,0.0,0.0,0.0,0.0,0.0,0.0,0.0,0.0,0.0,0.0,0.0,1.1428416967391968,0.0,0.0,0.0,17.822650909423828,0.0,0.0,0.0,0.0,0.0,0.0,0.0,0.0,0.0,0.0,0.0,0.0,0.0,0.0,0.0,0.0,0.0,0.0,0.0,0.0,0.0,0.0,24.310691833496094,0.0,0.0,0.0,0.0,0.0,0.0,0.0,0.0,0.0,0.0,0.0,0.0,0.0,0.0,0.0,0.0,0.0,0.0,0.0,0.0,0.0,23.86543083190918,0.0,0.0,0.0,0.0,0.0,0.0,0.0,0.0,0.0,0.0,0.0,0.0,0.0,0.0,0.0,0.0,0.0,0.0,0.0,0.0,0.0,0.0,0.0,0.0,0.0,0.0,0.0,0.0,0.0,0.0,0.0,0.0,0.0,0.0,0.0,0.0,0.0,0.0,0.0,0.0,0.0,0.0,0.0,0.0,0.0,0.0,0.0,0.0,0.0,0.0,0.0,0.0,0.0,0.0,0.0,35.913448333740234,0.0,0.0,0.0,0.0,0.0,0.0,0.0,0.0,0.0,0.0,0.0,0.0,0.0,0.0,0.0,0.0,0.0,0.0,0.0,0.0,0.0,0.0,0.0,0.0,0.0,0.0,0.0,0.0,0.0,0.0,0.0,0.0,0.0,0.0,0.0,0.0,0.0,0.0,0.0,0.0,0.0,0.0,0.0,0.0,0.0,0.0,0.0,0.0,0.0,0.0,0.0,0.0,0.0,0.0,0.0,0.0,0.0,0.0,24.634967803955078,0.0,0.0,0.0,0.0,0.0,0.0,0.0,0.0,0.0,0.0,0.0,0.0,0.0,0.0,0.0,0.0,0.0,0.0,0.0,0.0,0.0,0.0,0.0,0.0,0.0,0.0,2.1251001358032227,0.0,0.0,0.0,0.0,0.0,0.0,0.0,0.0,0.0,0.0,0.0,0.0,0.0,0.0,0.0,0.0,0.0,0.0,0.0,0.0,0.0,0.0,0.0,0.0,0.0,0.0,0.0,0.0,36.251033782958984,0.0,0.0,0.0,0.0,0.0,0.0,0.0,0.0,0.0,0.0,0.0,0.0,0.0,0.0,0.0,0.0,0.0,0.0,0.0,0.0,0.0,0.0,0.0,0.0,0.0,0.0,0.0,0.0,0.0,0.0,0.0,0.0,0.0,0.0,0.0,0.0,0.0,0.0,0.0,0.0,0.0,0.0,0.0,0.0,0.0,0.0,0.0,0.0,0.0,43.177276611328125,0.0,0.0,0.0,0.0,0.0,0.0,0.0,0.0,0.0,0.0,0.0,0.0,0.0,0.0,0.0,0.0,0.0,0.0,0.0,0.0,0.0,0.0,0.0,0.0,0.0,0.0,0.0,0.0,0.0,0.0,0.0,0.0,0.0,0.0,0.0,0.0,0.0,0.0,0.0,0.0,0.0,0.0,0.0,0.0,0.0,0.0,38.78445816040039,0.0,0.0,0.0,0.0,0.0,0.0,0.0,0.0,0.0,0.0,0.0,0.0,0.0,0.0,0.0,0.0,0.0,0.0,0.0,0.0,0.0,0.0,0.0,0.0,0.0,6.439427375793457,0.0,0.0,0.0,0.0,0.0,0.0,0.0,0.0,0.0,0.0,0.0,0.0,0.0,0.0,0.0,0.0,0.0,0.0,0.0,0.0,0.0,0.0,0.0,0.0,0.0,0.0,0.0,0.0,0.0,0.0,0.0,0.0,0.0,0.0,0.0,0.0,0.0,0.0,0.0,0.0,0.0,0.0,0.0,0.0,0.0,0.0,0.0,0.0,0.0,0.0,0.0,0.0,0.0,0.0,0.0,0.0,0.0,0.0,0.0,0.0,0.0,0.0,0.0,0.0,0.0,0.0,0.0,0.0,0.0,0.0,0.0,0.0,0.0,0.0,0.0,0.0,0.0,0.0,0.0,0.0,0.0,0.0,0.0,0.0,0.0,0.0,0.0,0.0,0.0,0.0,0.0,0.0,0.0,0.0,0.0,0.0,0.0,0.0,0.0,0.0,0.0,0.0,0.0,0.0,0.0,0.0,0.0,7.237848281860352,0.0,0.0,0.0,0.0,0.0,0.0,0.0,0.0,0.0,0.0,0.0,0.0,0.0,0.0,0.0,0.0,0.0,0.0,0.0,0.0,0.0,0.0,0.0,0.0,0.0,0.0,0.0,0.0,0.0,0.0,0.0,0.0,0.0,0.0,0.0,0.0,0.0,0.0,0.0,0.0,0.0,0.0,0.0,0.0,0.0,0.0,0.0,0.0,0.0,0.0,0.0,0.0,0.0,0.0,0.0,0.0,0.0,0.0,0.0,0.0,0.0,0.0,0.0,0.0,35.74321365356445,0.0,0.0,0.0,0.0,0.0,0.0,0.0,0.0,0.0,0.0,0.0,0.0,0.0,0.0,0.0,0.0,0.0,0.0,0.0,0.0,0.0,0.0,12.192732810974121,0.0,0.0,0.0,0.0,0.0,0.0,0.0,0.0,0.0,0.0,0.0,0.0,0.0,0.0,0.0,0.0,0.0,0.0,0.0,0.0,0.0,7.894840717315674,0.0,0.0,0.0,0.0,0.0,0.0,0.0,0.0,0.0,0.0,14.741338729858398,0.0,5.882614612579346,0.0,0.0,0.0,0.0,0.0,0.0,0.0,0.0,0.0,0.0,0.0,0.0,0.0,0.0,0.0,0.0,0.0,0.0,0.0,0.0,0.0,0.0,0.0,0.0,0.0,0.0,0.0,0.0,0.0,0.0,0.0,0.0,0.0,0.0,0.0,0.0,1.6289664506912231,0.0,0.0,0.0,0.0,0.0,14.507296562194824,0.0,0.0,0.0,0.0,0.0,0.0,0.0,0.0,0.0,0.0,0.0,0.0,0.0,0.0,0.0,0.0,0.0,0.0,0.0,0.0,0.0,3.0438075065612793,0.0,0.0,0.0,0.0,0.0,0.0,0.0,0.0,0.0,0.0,0.0,0.0,0.0,0.0,0.0,0.0,0.0,0.0,0.0,0.0,0.0,0.0,0.0,0.0,0.0,0.0,0.0,0.0,0.0,0.0,0.0,0.0,0.0,0.0,0.0,0.0,24.82878875732422,0.0,0.0,0.0,0.0,0.0,0.0,0.0,0.0,0.0,0.0,0.0,0.0,0.0,0.0,0.0,0.0,0.0,0.0,0.0,0.0,0.0,0.0,0.0,0.0,0.0,0.0,18.497678756713867,0.0,0.0,0.0,0.0,0.0,0.0,0.0,0.0,0.0,6.1903605461120605,0.0,0.0,0.0,0.0,0.0,0.0,0.0,0.0,0.0,0.0,0.0,0.0,0.0,0.0,0.0,14.141332626342773,0.0,0.0,30.28294563293457,0.0,0.0,0.0,0.0,12.663759231567383,0.0,0.0,0.0,0.0,0.0,0.0,0.0,0.0,0.0,0.0,0.0,0.0,0.0,0.0,0.0,0.0,0.0,0.0,0.0,0.0,0.0,0.0,0.0,0.0,0.0,0.0,0.0,0.0,0.0,0.0,0.0,0.0,0.0,0.0,0.0,0.0,0.0,0.0,0.0,0.0,0.0,0.0,0.0,0.0,26.824142456054688,0.0,0.0,0.0,0.0,0.0,0.0,0.0,0.0,0.0,0.0,0.0,0.0,0.0,0.0,0.0,7.294441223144531,0.0,0.0,0.0,0.0,0.0,0.0,7.661623477935791,0.0,0.0,0.0,0.0,0.0,0.0,0.0,0.0,0.0,0.0,0.0,0.0,0.0,0.0,0.0,0.0,0.0,0.0,0.0,0.0,0.0,0.0,0.0,0.0,0.0,0.0,0.0,0.0,0.0,0.0,0.0,0.0,0.0,0.0,0.0,0.0,0.0,0.0,0.0,0.0,0.0,0.0,0.0,0.0,0.0,0.0,0.0,0.0,0.0,0.0,0.0,0.0,0.0,0.0,0.0,0.0,0.0,0.0,0.0,0.0,0.0,0.0,0.0,0.0,0.0,0.0,0.0,0.0,0.0,0.0,0.0,0.0,0.0,0.0,0.0,0.0,0.0,0.0,0.0,0.0,0.0,0.0,0.0,0.0,0.0,0.0,0.0,0.0,0.0,0.0,0.0,0.0,0.0,0.0,0.0,0.0,0.0,0.0,0.0,0.0,0.0,0.0,0.0,0.0,0.0,0.0,0.0,0.0,0.0,0.0,0.0,0.0,0.0,0.0,0.0,0.0,0.0,0.0,0.0,0.0,0.0,0.0,0.0,0.0,0.0,0.0,0.0,0.0,0.0,0.0,0.0,0.0,0.0,0.0,0.0,0.0,0.0,0.0,0.0,0.0,0.0,0.0,0.0,0.0,0.0,0.0,0.0,0.0,0.0,0.0,0.0,0.0,0.0,0.0,0.0,13.475818634033203,0.0,0.0,0.0,0.0,0.0,0.0,0.0,0.0,0.0,0.0,0.0,0.0,0.0,0.0,0.0,0.0,0.0,0.0,0.0,0.0,0.0,0.0,0.0,0.0,0.0,0.0,0.0,0.0,0.0,0.0,0.0,0.0,0.0,0.0,0.0,0.0,0.0,0.0,0.0,0.0,0.0,0.0,0.0,0.0,0.0,0.0,0.0,0.0,0.0,0.0,0.0,0.0,0.0,0.0,0.0,0.0,0.0,0.0,0.0,0.0,0.0,0.0,0.0,0.0,0.0,0.0,27.708986282348633,0.0,0.0,0.0,0.0,0.0,0.0,0.0,0.0,0.0,0.0,0.0,0.0,0.0,0.0,0.0,0.0,0.0,0.0,0.0,0.0,0.0,0.0,0.0,0.0,0.0,0.0,0.0,0.0,0.0,0.0,0.0,0.0,0.0,0.0,0.0,0.0,0.0,0.0,0.0,0.0,0.0,0.0,0.0,0.0,39.73586654663086,0.0,0.0,0.0,0.0,0.0,0.0,0.0,0.0,0.0,0.0,0.0,0.0,0.0,0.0,0.0,0.0,0.0,0.0,0.0,0.0,0.0,0.0,0.0,0.0,0.0,0.0,0.0,0.0,0.0,0.0,0.0,0.0,0.0,0.0,0.0,0.0,0.0,0.0,0.0,0.0,0.0,0.0,0.0,0.0,0.0,0.0,0.0,0.0,17.113677978515625,0.6432231664657593,0.0,0.0,0.0,0.0,0.0,0.0,0.0,0.0,0.0,0.0,0.0,0.0,0.0,0.0,0.0,0.0,0.0,0.0,2.1408615112304688,0.0,0.0,0.0,0.0,0.0,0.0,0.0,0.0,0.0,0.0,0.0,0.0,0.0,0.0,0.0,0.0,0.0,0.0,0.0,0.0,0.0,0.0,0.0,0.0,0.0,0.0,0.0,0.0,0.0,0.0,0.0,0.0,0.0,0.0,0.0,0.0,0.0,0.0,0.0,1.5128443241119385,0.0,0.0,0.0,0.0,0.0,20.48420524597168,0.0,0.0,25.331462860107422,0.0,0.0,0.0,0.0,0.0,0.0,17.402307510375977,0.0,0.0,0.0,0.0,0.0,0.0,0.0,0.0,0.0,0.0,0.0,0.0,0.0,0.0,0.0,0.0,0.0,0.0,0.0,0.0,0.0,0.0,0.0,0.0,0.0,0.0,0.0,0.0,0.0,0.0,0.0,0.0,0.0,0.0,0.0,0.0,0.0,0.0,0.0,0.0,0.0,0.0,0.0,12.995309829711914,0.0,7.031379222869873,0.0,0.0,0.0,0.0,8.360916137695312,0.0,0.0,0.0,0.0,0.0,0.0,0.0,0.0,0.0,0.0,0.0,0.0,0.0,0.0,0.0,0.0,0.0,0.0,0.0,0.0,0.0,0.0,0.0,0.0,0.0,0.0,0.0,0.0,0.0,0.0,0.0,0.0,0.0,0.0,0.0,0.0,0.0,0.0,0.0,0.0,0.0,0.0,0.0,0.0,16.175304412841797,0.0,0.0,0.0,0.0,0.0,0.0,0.0,0.0,0.0,0.0,0.0,0.0,0.0,0.0,0.0,0.0,0.0,0.0,0.0,0.0,0.0,0.0,0.0,0.0,0.0,0.0,0.0,0.0,0.0,0.0,0.0,0.0,0.0,0.0,0.0,6.461143493652344,0.0,0.0,0.0,0.0,0.0,0.0,0.0,0.0,0.0,0.0,0.0,0.0,0.0,0.0,0.0,0.0,0.0,0.0,0.0,0.0,0.0,0.0,0.0,0.0,0.0,0.0,0.0,0.0,0.0,0.0,0.0,0.0,0.0,0.0,0.0,0.0,0.0,0.0,0.0,0.0,0.0,0.0,0.0,0.0,0.0,0.0,0.0,0.0,0.0,0.0,0.0,0.0,0.0,0.0,0.0,0.0,0.0,0.0,0.0,0.0,0.0,0.0,0.0,0.0,0.0,0.0,0.0,0.0,0.0,0.0,0.0,0.0,0.0,0.0,0.0,0.0,0.0,0.0,0.0,0.0,0.0,0.0,0.0,0.0,0.0,0.0,0.0,0.0,0.0,0.0,0.0,0.0,0.0,0.0,0.0,0.0,0.0,0.0,0.0,0.0,0.0,0.0,0.0,0.0,0.0,0.0,0.0,0.0,0.0,0.0,0.0,0.0,0.0,0.0,0.0,0.0,0.0,0.0,0.0,0.0,0.0,0.0,0.0,0.0,0.0,0.0,0.0,0.0,0.0,0.0,0.0,0.0,0.0,0.0,0.0,0.0,0.0,0.0,0.0,0.0,0.0,0.0,5.115478038787842,0.0,0.0,0.0,0.0,0.0,0.0,0.0,0.0,0.0,0.0,0.0,0.0,0.0,0.0,0.0,0.0,0.0,0.0,0.0,0.0,0.0,0.0,0.0,0.0,0.0,0.0,0.0,0.0,0.0,0.0,0.0,0.0,0.0,0.0,0.0,0.0,0.0,0.0,0.0,0.0,0.0,0.0,0.0,0.0,0.0,0.0,0.0,0.0,0.0,0.0,0.0,0.0,0.0,0.0,0.0,0.0,0.0,0.0,0.0,0.0,0.0,0.0,0.0,0.0,0.0,0.0,25.31549835205078,0.0,0.0,0.0,0.0,0.0,0.0,0.0,0.0,0.0,0.0,0.0,0.0,0.0,0.0,0.0,0.0,0.0,0.0,0.0,0.0,0.0,0.0,0.0,0.0,0.0,0.0,0.0,0.0,0.0,0.0,0.0,0.0,0.0,0.0,0.0,0.0,0.0,0.0,0.0,0.0,0.0,0.0,0.0,0.0,0.38006341457366943,0.0,0.0,0.0,0.0,0.0,0.0,0.0,0.0,0.0,0.0,0.0,0.0,0.0,0.0,0.0,0.0,0.0,0.0,0.0,0.0,0.0,0.0,0.0,0.0,0.0,0.0,0.0,0.0,0.0,0.0,0.0,0.0,0.0,0.0,0.0,0.0,0.0,0.0,0.0,0.0,0.0,0.0,0.0,0.0,0.0,0.0,0.0,0.0,0.0,0.0,0.0,0.0,0.0,0.0,0.0,0.0,0.0,0.0,0.0,0.0,0.0,0.0,0.0,0.0,0.0,0.0,0.0,0.0,0.0,0.0,0.0,0.0,0.0,0.0,0.0,0.0,0.0,0.0,0.0,0.0,0.0,0.0,0.0,0.0,0.0,0.0,0.0,0.0,0.0,0.0,0.0,0.0,0.0,0.0,0.0,0.0,0.0,0.0,0.0,0.0,0.0,0.0,0.0,0.0,0.0,0.0,0.0,0.0,0.0,0.0,0.0,0.0,0.0,0.0,27.819950103759766,0.0,0.0,0.0,0.0,0.0,0.0,0.0,0.0,0.0,5.383328914642334,0.0,0.0,0.0,0.0,0.0,0.0,0.0,0.0,0.0,0.0,0.0,0.0,0.0,0.0,0.0,0.0,0.0,0.0,0.0,0.0,0.0,0.0,0.0,0.0,0.0,0.0,0.0,0.0,0.0,0.0,0.0,0.0,0.0,0.0,0.0,0.0,0.0,0.0,0.0,0.0,0.0,0.0,0.0,0.0,0.0,1.1620267629623413,0.0,0.0,0.0,0.0,23.959497451782227,0.0,0.0,0.0,0.0,0.0,0.0,0.0,0.0,0.0,0.0,0.0,0.0,0.0,0.0,0.0,0.0,0.0,0.0,0.0,0.0,0.0,0.0,0.0,0.0,0.0,0.0,0.0,0.0,0.0,0.0,0.0,0.0,0.0,0.0,0.0,0.0,0.0,0.0,0.0,0.0,0.0,0.0,0.0,0.0,13.469408988952637,0.0,0.0,0.0,0.0,0.0,0.0,0.0,0.0,0.0,0.0,0.0,0.0,0.0,0.0,0.0,0.0,0.0,0.0,0.0,0.0,0.0,0.0,0.0,0.0,0.0,0.0,0.0,0.0,0.0,0.0,0.0,0.0,0.0,0.0,0.0,42.17477798461914,0.0,0.0,3.386752128601074,0.0,0.0,0.0,0.0,0.0,0.0,0.0,0.0,0.0,0.0,0.0,0.0,0.0,0.0,0.0,0.0,0.0,0.0,0.0,0.0,0.0,0.0,0.0,0.0,0.0,0.0,0.0,0.0,0.0,0.0,0.0,0.0,0.0,0.0,0.0,0.0,0.0,0.0,0.0,0.0,0.0,0.0,0.0,0.0,0.0,0.0,0.0,0.0,0.0,0.0,0.0,0.0,0.0,0.0,0.0,0.0,0.0,0.0,0.0,0.0,0.0,0.0,0.0,0.0,0.0,0.0,0.0,0.0,0.0,0.0,0.0,0.0,0.0,5.147368907928467,0.0,0.0,0.0,0.0,0.0,0.0,0.0,0.0,0.0,0.7622343897819519,9.418068885803223,0.0,0.0,0.0,0.0,0.0,0.0,0.0,0.0,0.0,0.0,0.0,0.0,0.0,0.0,0.0,0.0,0.0,0.0,0.0,0.0,0.0,0.0,0.0,0.0,0.0,0.0,0.0,0.0,0.0,0.0,0.0,0.0,0.0,0.0,0.0,0.0,0.0,0.0,0.0,0.0,0.0,0.0,0.0,0.0,0.0,0.0,0.0,0.0,0.0,0.0,0.0,0.0,0.0,0.0,0.0,0.0,4.875575065612793,0.0,0.0,0.0,0.0,0.0,0.0,0.0,0.0,0.0,0.0,0.0,0.0,0.0,0.0,0.0,0.0,0.0,0.0,0.0,0.0,0.0,0.0,0.0,0.0,0.0,0.0,0.0,0.0,0.0,0.0,0.0,0.0,0.0,0.0,0.0,0.0,0.0,0.0,0.0,0.0,0.0,0.0,0.0,0.0,9.162313461303711,0.0,0.0,1.1546193361282349,0.0,0.0,0.0,0.0,3.14462947845459,0.8101589679718018,0.0,0.0,0.0,0.0,0.0,0.0,0.0,0.0,0.0,0.0,30.879343032836914,0.0,0.0,0.0,0.0,0.0,0.0,0.0,0.0,0.0,0.0,0.0,0.0,0.0,0.0,0.0,0.0,0.0,0.0,0.0,0.0,0.0,0.0,13.877535820007324,0.0,0.0,0.0,0.0,0.0,0.0,0.0,0.0,0.0,0.0,0.0,0.0,0.0,0.0,0.0,0.0,0.0,0.0,0.0,0.0,0.0,0.0,0.0,0.0,0.0,0.0,0.0,0.0,0.0,0.0,0.0,0.0,0.0,0.0,0.0,0.0,0.0,0.0,0.0,0.0,0.0,0.0,0.0,0.0,0.0,0.0,0.0,0.0,0.0,0.0,0.0,0.0,0.0,0.0,0.0,0.0,0.0,0.0,0.0,0.0,0.0,0.0,0.0,0.0,0.0,0.0,0.0,0.0,0.0,0.0,0.0,0.0,0.0,0.0,0.0,0.0,0.0,0.0,0.0,0.0,0.0,0.0,0.0,0.0,0.0,0.0,0.0,0.0,0.0,0.0,0.0,0.0,0.0,0.0,0.0,0.0,0.0,0.0,0.0,0.0,0.0,0.0,0.0,0.0,0.0,0.0,0.0,0.0,0.0,0.0,0.0,0.0,0.0,0.0,0.0,0.0,0.0,0.0,0.0,0.0,0.0,0.0,0.0,0.0,0.0,0.0,0.0,0.0,0.0,0.0,0.0,0.0,0.0,0.0,0.0,0.0,56.859291076660156,0.0,0.0,0.0,0.0,0.0,0.0,0.0,0.0,0.0,0.0,0.0,0.0,0.0,0.0,0.0,0.0,0.0,0.0,0.0,0.0,0.0,0.0,0.0,0.0,0.0,0.0,0.0,0.0,0.0,0.0,0.0,0.0,2.7935287952423096,0.0,0.0,0.0,0.0,0.0,0.0,22.430702209472656,0.0,0.0,0.0,0.0,0.0,0.0,0.0,0.0,0.0,0.0,0.0,0.0,0.0,0.0,0.0,10.323433876037598,0.0,0.0,0.0,0.0,19.345361709594727,0.0,0.0,0.0,0.0,0.0,0.0,0.0,0.0,0.0,0.0,0.0,0.0,0.0,0.0,0.0,0.0,0.0,0.0,0.0,0.0,0.0,0.0,0.0,0.0,0.0,0.0,0.0,0.0,0.0,0.0,0.0,0.0,0.0,0.0,0.0,0.0,0.0,0.0,0.0,0.0,0.0,0.0,0.0,0.0,1.1594493389129639,0.0,0.0,0.0,0.0,0.0,0.0,0.0,0.0,0.0,0.0,0.0,0.0,0.0,6.5758867263793945,0.0,0.0,0.0,0.0,0.0,0.0,0.0,0.0,0.0,0.0,0.0,0.0,0.0,0.0,0.0,0.0,0.0,0.0,0.0,0.0,0.0,24.350486755371094,4.539085865020752,0.0,8.550602912902832,0.0,0.0,0.0,0.0,0.0,0.0,0.0,0.0,0.0,0.0,0.0,0.0,0.0,0.0,0.0,0.0,0.0,0.0,0.0,0.0,0.0,0.0,0.0,0.0,0.0,0.0,0.0,0.0,0.0,0.0,0.0,0.0,0.0,0.0,0.0,0.0,0.0,0.0,0.0,0.0,0.0,0.0,0.0,0.0,0.0,0.0,8.84868049621582,0.0,0.0,0.0,0.0,0.0,0.0,0.0,0.0,0.0,0.0,5.364065170288086,0.0,0.0,0.0,0.0,0.0,0.0,0.0,0.0,0.0,0.0,0.0,0.0,0.0,0.0,0.0,2.2696869373321533,0.0,0.0,0.0,0.0,0.0,0.0,0.0,0.0,0.0,10.367098808288574,23.141433715820312,0.0,0.0,0.0,0.0,0.0,0.0,0.0,0.0,0.0,0.0,0.0,0.0,0.0,0.0,0.0,0.0,0.0,11.518568992614746,0.0,0.0,0.0,0.0,0.0,0.0,0.0,0.0,1.4204912185668945,0.0,0.0,0.0,0.0,0.45983538031578064,0.0,0.0,0.0,0.0,0.0,0.0,4.038694858551025,0.0,0.0,0.0,0.0,0.0,0.0,0.0,0.0,0.0,0.0,0.0,0.0,0.0,0.0,0.0,0.0,0.0,7.32318115234375,0.5727641582489014,0.0,1.0684230327606201,0.0,0.0,0.0,0.0,0.0,0.0,0.0,0.0,0.0,0.0,0.0,0.0,0.0,0.0,0.0,0.0,0.0,0.0,0.0,0.0,0.0,0.0,0.0,0.0,0.0,0.0,0.0,0.0,0.0,0.0,0.0,0.0,0.0,0.0,0.0,0.0,0.0,0.0,0.0,0.0,0.0,3.4445831775665283,0.0,0.0,17.750316619873047,0.0,0.0,0.0,0.0,52.78000259399414,11.170150756835938,0.0,0.0,0.0,0.0,0.0,0.0,22.268857955932617,0.0,0.0,0.0,29.900278091430664,0.0,0.0,0.0,0.0,0.0,0.0,0.0,0.0,0.0,0.0,0.0,0.0,0.0,0.0,0.0,0.0,0.0,0.0,0.0,0.0,0.0,0.0,27.13267707824707,0.0,0.0,0.0,0.0,0.0,0.0,0.0,0.0,0.0,0.0,0.0,0.0,0.0,0.0,0.0,6.377953052520752,0.0,0.0,0.0,0.0,0.0,0.0,0.0,0.0,0.0,0.0,0.0,1.7034707069396973,0.0,0.0,0.0,0.0,0.0,0.0,0.0,0.0,0.0,0.0,0.0,0.0,0.0,0.0,6.798662185668945,0.0,0.0,0.0,0.0,0.0,0.0,0.0,0.0,0.0,0.0,0.0,0.0,0.0,0.0,0.0,0.0,0.0,0.0,0.0,0.0,0.0,0.0,0.0,0.0,0.0,0.0,0.0,1.009688377380371,23.322114944458008,0.0,0.0,0.0,0.0,0.0,10.741681098937988,0.0,2.128051280975342,0.0,0.0,0.0,0.0,0.0,0.0,0.0,0.0,0.0,6.7819719314575195,0.0,0.0,0.0,0.0,0.0,0.0,0.0,0.0,0.0,0.0,0.0,0.0,0.0,0.0,0.0,0.0,0.0,0.0,0.0,0.0,0.0,3.4003775119781494,0.0,0.0,0.0,0.0,0.0,0.0,0.0,0.0,0.0,0.0,0.0,0.0,0.0,0.0,0.0,0.0,0.0,0.0,0.0,0.0,0.0,0.0,0.0,0.0,60.458858489990234,0.0,0.0,8.427062034606934,0.0,0.0,0.0,0.0,0.0,0.0,0.0,0.0,0.0,0.0,0.0,0.0,0.0,0.0,0.0,0.0,0.0,0.0,0.0,0.0,0.0,0.0,0.0,0.0,0.0,0.0,0.0,0.0,0.0,7.044389724731445,0.0,0.0,0.0,0.0,0.0,0.0,40.1920051574707,0.0,0.0,0.0,0.0,0.0,0.0,0.0,0.0,0.0,0.0,0.0,0.0,0.0,8.14892292022705,0.0,0.0,0.0,0.0,0.0,0.0,0.0,0.0,0.0,0.0,0.0,0.0,0.0,0.0,19.144323348999023,2.2561068534851074,0.0,3.881312847137451,0.0,0.0,0.0,0.0,0.0,0.0,0.0,0.0,0.0,0.0,0.0,0.0,0.0,0.0,0.0,0.0,0.0,0.0,8.978572845458984,0.0,0.0,0.0,0.0,0.0,0.0,0.0,0.0,0.0,0.0,0.0,0.0,0.0,0.0,26.460132598876953,0.0,0.0,0.0,0.0,0.0,0.0,0.0,0.0,0.0,0.0,0.0,0.0,0.0,0.0,0.0,0.0,0.0,0.0,0.0,0.0,0.0,0.0,0.0,0.0,0.0,0.0,0.0,0.0,0.0,0.0,0.0,0.0,0.0,0.0,0.0,20.8572998046875,0.0,0.0,0.0,0.0,0.0,0.0,0.0,0.0,0.0,0.0,0.0,0.0,0.0,0.0,0.0,0.0,0.0,0.0,0.0,0.0,0.0,0.0,0.0,0.0,0.0,0.0,0.0,0.0,0.0,0.0,0.0,0.0,0.0,0.0,0.0,0.0,0.0,0.0,0.0,0.0,0.0,0.0,0.0,0.0,0.0,0.0,0.0,0.0,0.0,0.0,0.0,0.0,0.0,0.0,0.0,0.0,0.0,0.0,0.0,0.0,0.0,0.0,0.0,0.0,0.0,0.0,0.0,0.0,0.0,0.0,0.0,0.0,0.0,0.0,0.0,0.0,0.0,0.0,0.0,0.0,0.0,0.0,0.0,0.0,0.0,0.0,0.0,0.0,0.0,0.0,0.0,0.0,0.0,0.0,0.0,0.0,0.0,0.0,0.0,0.0,0.0,0.0,0.0,0.0,0.0,0.0,0.0,0.0,0.0,0.0,0.0,0.0,0.0,0.0,0.0,0.0,0.0,0.0,0.0,0.0,0.0,0.0,0.0,0.0,0.0,0.0,0.0,0.0,0.0,0.0,0.0,0.0,0.0,0.0,0.0,0.0,0.0,0.0,0.0,0.0,0.0,0.0,0.0,0.0,0.0,0.0,0.0,0.0,0.0,0.0,0.0,0.0,0.0,0.0,0.0,0.0,0.0,0.0,0.0,0.0,0.0,0.0,0.0,0.0,0.0,0.0,0.0,0.0,0.0,0.0,0.0,0.0,0.0,0.0,0.0,0.0,0.0,0.0,0.0,0.0,0.0,0.0,0.0,0.0,0.0,0.0,0.0,0.0,0.0,0.0,0.0,0.0,0.0,0.0,0.0,0.0,0.0,22.7725772857666,0.0,0.0,0.0,0.0,0.0,0.0,0.0,0.0,0.0,0.0,0.0,29.786174774169922,0.0,0.0,0.0,0.0,0.0,0.0,0.0,0.0,0.0,0.0,0.0,0.0,0.0,0.0,0.0,0.0,0.0,0.0,0.0,0.0,0.0,0.0,0.0,0.0,0.0,0.0,0.0,0.0,0.0,0.0,0.0,0.0,0.0,0.0,0.0,0.0,0.0,0.0,0.0,0.0,0.0,0.0,0.0,0.0,0.0,0.0,0.0,0.0,0.0,0.0,0.0,0.0,0.0,0.0,0.0,0.0,0.0,0.0,0.0,0.0,0.0,0.0,0.0,0.0,0.0,0.0,0.0,0.0,0.0,0.0,0.0,0.0,0.0,0.0,0.0,0.0,0.0,0.0,0.0,0.0,0.0,0.0,0.0,0.0,0.0,0.0,0.0,0.0,0.0,0.0,0.0,0.0,0.0,0.0,14.854360580444336,0.0,0.0,0.0,0.0,0.0,8.766282081604004,0.0,0.0,0.0,0.0,0.0,0.0,0.0,0.0,0.0,0.0,0.0,0.0,0.0,0.0,0.0,0.0,0.0,0.0,0.0,0.0,0.0,0.0,0.0,0.0,0.0,0.0,0.0,0.0,0.0,0.0,0.0,0.0,0.0,6.532680511474609,0.0,0.0,0.0,0.0,3.857851266860962,0.0,0.0,0.0,0.0,0.0,0.0,0.0,0.0,0.0,0.0,0.0,0.0,0.0,0.0,0.0,0.0,0.0,0.0,0.0,62.70408248901367,0.0,0.0,15.949728012084961,0.0,0.0,0.0,0.0,0.0,0.0,21.660436630249023,0.0,0.0,0.0,0.0,0.0,0.0,0.0,0.0,0.0,0.0,0.0,0.0,0.0,0.0,0.0,0.0,0.0,0.0,0.0,0.0,0.0,0.0,1.7341169118881226,0.0,0.0,0.0,0.0,0.0,0.0,20.43277931213379,0.0,0.0,0.0,0.0,0.0,0.0,0.0,0.0,0.0,0.0,0.0,0.0,0.0,1.658494234085083,0.0,7.807946681976318,0.0,0.0,0.0,0.0,1.394784688949585,0.0,0.0,0.0,0.0,0.0,0.0,0.0,14.051551818847656,0.0,0.0,0.0,0.0,0.0,0.0,0.0,0.0,0.0,0.0,0.0,0.0,0.0,0.0,0.0,0.0,0.0,0.0,0.0,0.0,0.0,0.0,0.0,0.0,0.0,0.0,0.0,0.0,0.0,0.0,0.0,0.0,0.0,0.0,0.0,0.0,16.685571670532227,0.0,0.0,0.0,0.0,0.0,0.0,0.0,0.0,0.0,0.0,0.0,0.0,0.0,1.486741065979004,0.0,0.0,0.0,0.0,0.0,0.0,0.0,0.0,0.0,0.0,0.0,0.0,0.0,0.0,0.0,0.0,0.0,0.0,0.0,0.0,0.0,8.448962211608887,0.0,0.0,0.0,0.0,0.0,0.0,0.0,0.0,0.0,0.0,0.0,0.0,0.0,0.0,0.0,0.0,0.0,0.0,0.0,0.0,0.0,0.0,0.0,0.0,0.0,0.0,0.0,0.0,0.0,0.0,0.0,0.0,0.0,0.0,0.0,0.0,0.0,0.0,0.0,0.0,0.0,0.0,0.0,0.0,0.0,0.0,0.0,0.0,0.0,0.0,0.0,0.0,0.0,0.0,0.0,0.0,0.0,0.0,0.0,0.0,0.0,0.0,0.0,0.0,0.0,0.0,0.0,0.0,0.0,0.0,0.0,0.0,0.0,0.0,0.0,0.0,0.0,0.0,0.0,0.0,0.0,0.0,0.0,0.0,0.0,0.0,0.0,0.0,0.0,0.0,0.0,0.0,0.0,0.0,0.0,0.0,0.0,0.0,0.0,0.0,0.0,0.0,0.0,0.0,0.0,0.0,0.0,0.0,0.0,0.0,0.0,0.0,0.0,0.0,0.0,0.0,0.0,0.0,0.0,0.0,0.0,0.0,0.0,0.0,0.0,0.0,0.0,0.0,0.0,0.0,0.0,0.0,0.0,0.0,0.0,0.0,0.0,0.0,0.0,0.0,0.0,0.0,0.0,0.0,0.0,0.0,0.0,0.0,0.0,0.0,0.0,0.0,0.0,0.0,0.0,0.0,0.0,0.0,0.0,0.0,0.0,0.0,0.0,0.0,0.0,0.0,0.0,0.0,0.0,0.0,0.0,0.0,0.0,0.0,0.0,0.0,0.0,0.0,0.0,0.0,0.0,0.0,0.0,0.0,0.0,0.0,0.0,0.0,0.0,0.0,0.0,0.0,0.0,0.0,0.0,0.0,0.0,0.0,0.0,0.0,0.0,0.0,0.0,0.0,0.0,0.0,0.0,0.0,0.0,19.13306427001953,0.0,0.0,0.0,0.0,0.0,0.0,0.0,0.0,0.0,0.0,0.0,0.0,0.0,0.0,0.0,0.0,0.0,0.0,0.0,0.0,0.0,0.0,0.0,0.0,0.0,0.0,0.0,0.0,0.0,0.0,0.0,0.0,0.0,0.0,0.0,0.0,0.0,0.0,0.0,0.0,0.0,0.0,0.0,0.0,0.0,0.0,0.0,0.0,0.0,0.0,0.0,0.0,0.0,0.0,0.0,0.0,0.0,0.0,0.0,0.0,0.0,0.0,0.0,0.0,0.0,0.0,0.0,0.0,0.0,0.0,0.0,0.0,0.0,0.0,0.0,0.0,0.0,0.0,0.0,0.0,0.0,0.0,0.0,0.0,0.0,0.0,0.0,0.0,0.0,0.0,0.0,0.0,0.0,0.0,0.0,0.0,0.0,0.0,0.0,0.0,0.0,0.0,0.0,0.0,0.0,0.0,0.0,0.0,0.0,0.0,0.0,0.0,0.0,0.0,0.0,0.0,0.0,0.0,0.0,0.0,0.0,0.0,0.0,0.0,0.0,0.0,0.0,0.0,0.0,0.0,0.0,0.0,0.0,0.0,0.0,0.0,0.0,0.0,0.0,0.0,0.0,0.0,0.0,0.0,0.0,0.0,0.0,0.0,0.0,0.0,0.0,0.0,0.0,0.0,0.0,0.0,0.0,0.0,0.0,29.398107528686523,0.0,0.0,0.0,0.0,0.0,0.0,0.0,0.0,0.0,13.22579288482666,0.0,0.0,0.0,0.0,0.0,0.0,0.0,0.0,0.0,0.0,0.0,0.0,0.0,0.0,0.0,0.0,0.0,0.0,0.0,0.0,0.0,0.0,0.7648497819900513,0.0,0.0,0.0,0.0,0.0,0.0,0.0,0.0,0.0,0.0,0.0,0.0,0.0,0.0,0.0,0.0,6.859032154083252,0.0,0.0,8.874778747558594,0.0,0.0,29.913223266601562,0.0,0.0,0.0,0.0,16.0510196685791,0.0,0.0,0.0,0.0,0.0,0.0,0.0,0.0,0.0,0.0,0.0,0.0,0.0,0.0,0.0,0.0,0.0,0.0,0.0,0.0,0.0,0.0,0.0,0.0,0.0,0.0,0.0,0.0,0.0,0.0,0.0,0.0,0.0,0.0,0.0,0.0,0.0,0.0,0.0,0.0,0.0,0.0,0.0,0.0,6.0974440574646,0.0,0.0,0.0,0.0,0.0,0.0,0.0,0.0,0.0,0.0,0.0,0.0,0.0,0.0,0.0,0.0,0.0,0.0,0.0,0.0,0.0,0.0,0.0,0.0,0.0,0.0,0.0,0.0,0.0,0.0,0.0,0.0,0.0,0.0,0.0,0.0,0.0,0.0,0.0,0.0,0.0,0.0,0.0,0.0,0.0,0.0,0.0,0.0,0.0,0.0,0.0,0.0,0.0,0.0,0.0,0.0,0.0,0.0,0.0,0.0,0.0,0.0,0.0,0.0,0.0,0.0,0.0,5.174198150634766,0.0,0.0,0.0,0.0,0.0,0.0,0.0,0.0,0.0,0.0,0.0,0.0,0.0,0.0,0.0,0.0,0.0,0.0,0.0,2.9307146072387695,0.0,0.0,0.0,0.0,0.0,0.0,0.0,0.0,0.0,0.0,0.0,0.0,0.0,0.0,0.0,0.0,0.0,0.0,0.0,0.0,0.0,0.0,0.0,0.0,0.0,0.0,0.0,0.0,0.0,0.0,0.0,0.0,0.0,0.0,0.0,0.0,0.0,0.0,0.0,0.0,0.0,0.0,0.0,0.0,0.0,0.0,0.0,4.734812259674072,0.0,0.0,3.0751495361328125,0.0,0.0,0.0,0.0,0.0,0.0,0.0,0.0,0.0,0.0,0.0,0.0,0.0,0.0,0.0,0.0,0.0,0.0,0.0,0.0,0.0,0.0,0.0,0.0,5.907105922698975,0.0,0.0,0.0,0.0,0.0,0.0,0.0,0.0,0.0,0.0,0.0,0.0,1.865912914276123,0.0,0.0,0.0,6.580381393432617,0.0,0.0,0.0,0.0,0.0,0.0,0.0,0.0,0.0,0.0,0.0,0.0,0.0,0.0,0.0,0.0,0.0,0.0,0.0,0.0,0.0,0.0,0.0,0.0,0.0,0.0,0.0,0.0,0.0,0.0,0.0,0.0,0.0,0.0,0.0,0.0,0.0,0.0,0.0,0.0,0.0,0.0,0.0,0.0,0.0,0.0,0.0,0.0,0.0,0.0,0.0,0.0,0.0,0.0,0.0,0.0,0.0,0.0,0.0,0.0,0.0,0.0,0.0,0.0,28.084941864013672,0.0,0.0,0.0,0.0,0.0,0.0,0.0,0.0,0.0,0.0,0.0,0.0,0.0,0.0,0.0,0.0,0.0,0.0,0.0,0.0,0.0,0.0,0.0,0.0,0.0,0.0,0.0,0.0,0.0,0.0,0.0,0.0,0.0,0.0,0.0,0.0,0.0,0.0,0.0,0.0,0.0,0.0,0.0,0.0,0.0,0.0,0.0,0.0,0.0,0.0,0.0,12.97744083404541,0.0,0.0,0.0,7.589592933654785,0.0,0.0,0.0,0.0,0.0,0.0,0.0,0.0,0.0,0.0,0.0,0.0,0.0,0.0,0.0,0.0,0.0,0.0,0.0,0.0,0.0,0.0,0.0,0.0,0.0,0.0,0.0,0.0,0.0,0.0,0.0,0.0,0.0,0.0,0.0,0.0,0.0,0.4696127772331238,0.0,0.0,0.0,0.0,0.0,0.0,11.384137153625488,0.0,0.0,0.0,0.0,0.0,0.0,0.0,0.0,0.0,0.0,0.0,0.0,0.0,0.0,0.0,0.0,0.0,0.0,0.0,0.0,0.0,0.0,0.0,0.0,0.0,0.0,0.0,0.0,0.0,0.0,0.0,0.0,0.0,0.0,0.0,0.0,0.0,0.0,0.0,0.0,0.0,0.0,0.0,0.0,0.0,0.0,0.0,0.0,0.0,0.0,0.0,0.0,0.0,0.0,0.0,0.0,0.0,0.0,14.304428100585938,0.0,0.0,0.0,0.0,0.0,0.0,0.0,0.0,0.0,0.39787957072257996,0.0,0.0,0.0,0.0,0.0,0.0,0.0,0.0,0.0,0.0,0.0,0.0,0.0,10.067343711853027,0.0,0.0,1.2531198263168335,0.0,0.0,0.0,0.0,0.0,0.0,0.0,0.0,0.0,2.658936023712158,0.0,0.0,0.0,0.0,0.0,0.0,0.0,0.0,0.0,0.0,0.0,0.0,0.6587984561920166,0.0,0.0,5.320516586303711,1.2945375442504883,0.0,37.97101593017578,0.0,0.0,0.0,0.0,22.620906829833984,0.0,0.0,0.0,0.0,0.0,0.0,0.0,0.0,0.0,0.0,0.0,0.0,0.0,0.0,0.0,0.0,0.0,0.0,0.0,0.0,0.0,0.0,0.0,0.0,0.0,0.0,0.0,0.0,0.0,0.0,0.0,0.0,0.0,0.0,0.0,0.0,0.0,0.0,0.0,0.0,0.0,0.0,0.0,17.18454933166504,6.0913519859313965,0.0,0.0,0.0,0.0,0.0,0.0,0.0,0.0,0.0,0.0,0.0,0.0,0.0,0.0,0.0,8.482683181762695,0.0,0.0,0.0,0.0,0.0,0.0,0.0,0.0,0.0,0.0,0.0,0.0,0.0,0.0,0.0,0.0,0.0,0.0,0.0,11.282547950744629,0.0,0.0,0.0,0.0,0.0,0.0,0.0,0.0,0.0,0.0,0.0,0.0,0.0,0.0,0.0,0.0,0.0,0.0,0.0,0.0,0.0,0.0,0.0,0.0,0.0,0.0,0.0,0.0,0.0,0.0,0.0,0.0,0.0,0.0,0.0,0.0,0.0,0.0,0.0,0.0,0.0,0.0,0.0,0.0,0.0,3.882556915283203,0.0,0.0,0.0,0.0,0.0,0.0,0.0,0.0,0.0,0.0,0.0,0.0,0.0,0.0,0.0,0.0,0.0,0.0,0.0,0.0,0.0,0.0,0.0,0.0,0.0,0.0,0.0,0.0,0.0,0.0,0.0,0.0,0.0,0.0,0.0,0.0,0.0,0.0,0.0,0.0,0.0,0.0,0.0,0.0,0.0,0.0,0.0,0.0,0.0,0.0,0.0,0.0,0.0,5.929422855377197,0.0,0.0,7.993420600891113,0.0,0.0,0.0,0.0,0.0,0.0,0.0,0.0,0.0,0.0,0.0,0.0,0.0,0.0,0.0,0.0,4.354905605316162,0.0,0.0,0.0,0.0,0.0,0.0,0.0,0.0,0.0,0.0,0.0,0.0,0.0,0.0,0.0,0.0,0.0,0.0,0.0,0.0,0.0,0.0,24.672456741333008,0.0,1.0364971160888672,0.0,0.0,0.0,0.0,21.775943756103516,0.0,0.0,0.0,0.0,0.0,0.0,0.0,0.0,0.0,0.0,0.0,0.0,0.0,0.0,0.0,0.0,0.0,0.0,0.0,0.0,0.0,0.0,0.0,1.770328164100647,0.0,0.0,0.0,0.0,0.0,0.0,0.0,0.0,14.205635070800781,0.0,0.0,0.0,0.0,0.0,0.0,0.0,0.0,0.0,0.0,0.0,0.0,0.0,0.0,0.0,0.0,0.0,0.0,0.0,0.0,0.0,0.0,0.0,0.0,0.0,0.0,27.116849899291992,0.0,0.0,0.0,5.28488826751709,0.0,0.0,0.0,0.0,0.0,0.0,0.0,0.0,0.0,0.0,0.0,0.0,0.0,0.0,0.0,0.0,0.0,0.0,0.0,0.0,0.0,0.0,0.0,0.0,0.0,7.961596965789795,0.0,0.0,0.0,0.0,0.0,0.0,0.0,0.0,0.0,0.0,0.0,0.0,0.0,0.0,36.32286071777344,0.0,0.0,0.0,0.0,0.0,0.3767733573913574,6.360886573791504,0.0,0.0,0.0,0.0,0.0,7.912478923797607,0.0,0.0,0.0,0.0,0.0,0.0,0.0,0.0,0.0,0.0,0.0,0.0,0.0,0.0,0.0,0.0,0.0,0.0,0.0,16.772602081298828,0.0,0.0,0.0,0.0,0.0,0.0,0.0,0.0,5.0829291343688965,0.0,0.0,0.0,0.0,0.0,0.0,14.64255142211914,10.413590431213379,0.0,0.0,0.0,0.0,0.0,11.125439643859863,0.0,0.0,0.0,0.0,0.0,0.0,0.0,0.0,0.0,0.0,0.0,0.0,6.178262233734131,0.0,0.0,0.0,0.0,0.0,0.0,0.0,0.0,0.0,0.0,0.0,0.0,0.0,0.0,0.0,0.0,0.0,0.0,0.0,0.0,0.0,0.0,0.0,0.0,0.0,0.0,0.0,3.462683916091919,0.0,0.0,0.0,0.0,0.0,0.0,0.0,0.0,19.323291778564453,0.0,0.0,3.426605701446533,0.0,0.0,0.0,0.0,0.0,19.97720718383789,0.0,3.740623712539673,46.17424774169922,0.0,0.0,0.0,0.0,0.0,0.0,13.53085994720459,0.0,0.0,0.0,0.0,0.0,0.0,0.0,0.0,0.0,0.0,0.0,0.0,0.0,0.0,0.0,0.0,0.0,0.0,0.0,0.0,0.0,0.0,0.0,0.0,0.0,0.0,5.2144927978515625,0.0,0.0,0.0,0.0,0.0,0.0,0.0,0.0,0.0,0.0,0.0,0.0,0.0,0.0,0.0,0.0,15.68313217163086,0.0,19.132246017456055,0.0,0.0,0.0,0.0,6.0500593185424805,0.0,0.0,0.0,0.0,0.0,0.0,0.0,0.0,0.0,0.0,0.0,0.0,0.0,0.0,0.0,0.0,0.0,0.0,0.0,0.0,0.0,0.0,16.511865615844727,0.0,0.0,0.0,0.0,0.0,0.0,0.0,0.0,0.0,0.0,0.0,0.0,0.0,0.0,0.0,0.0,0.0,0.0,0.0,0.0,0.0,9.541511535644531,0.0,0.0,0.0,0.0,0.0,0.0,0.0,0.0,0.0,0.0,0.0,0.0,0.0,0.0,0.0,0.9696154594421387,0.0,0.0,0.0,0.0,0.0,0.0,0.0,0.0,0.0,0.0,0.0,0.0,0.0,0.0,0.0,0.0,0.0,0.0,0.0,16.245866775512695,0.0,0.0,0.0,0.0,0.0,0.0,0.0,0.0,0.0,0.0,0.0,0.0,0.0,0.0,0.0,0.0,0.0,0.0,0.0,0.0,0.0,0.0,0.0,0.0,0.0,0.0,0.0,0.0,0.0,0.0,0.0,0.0,0.0,0.0,0.0,0.0,0.0,0.0,0.0,0.0,0.0,0.0,0.0,0.0,0.0,0.0,0.0,0.0,0.0,0.0,0.0,0.0,0.0,0.0,0.0,0.0,0.0,0.0,0.0,0.0,0.0,0.0,0.0,0.0,0.0,0.0,0.0,0.0,0.0,0.0,0.0,0.0,0.0,0.0,0.0,0.0,0.0,0.0,0.0,0.0,0.0,0.0,0.0,0.0,0.0,0.0,5.019791126251221,0.0,0.0,0.0,0.0,0.0,0.0,0.0,0.0,0.0,0.0,0.0,0.0,0.0,0.0,0.0,0.0,0.0,0.0,0.0,0.0,0.0,0.0,0.0,0.0,0.0,0.0,0.0,0.0,0.0,0.0,0.0,0.0,6.553958892822266,0.0,0.0,0.0,0.0,0.0,0.0,0.0,0.0,0.0,0.0,0.0,0.0,0.0,0.0,0.0,0.0,0.0,0.0,0.0,0.0,0.0,0.0,24.174945831298828,0.0,0.0,9.101290702819824,0.0,0.0,0.0,0.0,0.0,0.0,0.0,0.0,0.0,0.0,0.0,0.0,0.0,0.0,0.0,0.0,0.0,0.0,0.0,0.0,0.0,0.0,0.0,0.0,0.0,0.0,0.0,0.0,0.0,0.0,0.0,0.0,0.0,0.0,0.0,0.0,0.0,0.0,0.0,0.0,0.0,0.0,0.0,0.0,0.0,0.0,0.0,0.0,0.0,0.0,0.0,0.0,0.0,0.0,0.0,0.0,0.0,0.0,0.0,0.0,0.0,0.0,0.0,29.934066772460938,0.0,0.0,0.0,0.0,0.0,0.0,0.0,0.0,0.0,0.0,0.0,0.0,0.0,0.0,0.0,0.0,0.0,0.0,0.0,0.0,0.0,0.0,0.0,0.0,0.0,0.0,0.0,0.0,0.0,0.0,0.0,0.0,0.0,0.0,0.0,0.0,0.0,0.0,0.0,0.0,0.0,0.0,0.0,0.0,54.58429718017578,0.0,0.0,0.0,0.0,0.0,0.0,0.0,0.0,0.0,0.0,0.0,0.0,1.5339605808258057,0.0,0.0,0.0,0.0,0.0,0.0,0.0,0.0,0.0,0.0,0.0,0.0,0.0,0.0,0.0,0.0,0.0,0.0,0.0,0.0,0.0,0.0,0.0,0.0,0.0,0.0,0.0,0.0,0.0,0.0,0.0,0.0,0.0,0.0,0.0,0.8477469682693481,3.946835517883301,0.0,0.0,0.0,0.0,0.0,0.0,0.0,0.0,0.0,0.0,0.0,0.0,0.0,0.0,0.0,0.0,0.0,0.0,0.0,0.0,0.0,0.0,0.0,0.0,0.0,0.0,0.0,0.0,0.0,0.0,0.0,0.0,0.0,0.0,0.0,0.0,0.0,0.0,0.0,0.0,0.0,0.0,0.0,0.0,0.0,0.0,0.0,0.0,0.0,0.0,0.0,0.0,0.0,0.0,0.0,0.0,0.0,0.0,0.0,0.0,0.0,0.0,0.0,0.0,28.09748649597168,0.0,0.0,31.357973098754883,0.0,0.0,0.0,0.0,0.0,0.0,21.12098503112793,0.0,0.0,0.0,0.0,0.0,0.0,0.0,0.0,0.0,0.0,0.0,0.0,0.0,0.0,0.0,0.0,0.0,0.0,0.0,0.0,0.0,0.0,0.0,0.0,0.0,0.0,0.0,0.0,0.0,0.307158887386322,0.0,0.0,0.0,0.0,0.0,0.0,0.0,0.0,0.0,0.0,0.0,0.0,0.0,1.2308530807495117,0.0,38.80521011352539,0.0,0.0,0.0,0.0,18.835491180419922,0.0,0.0,0.0,0.0,0.0,0.0,0.0,0.0,0.0,0.0,0.0,0.0,0.0,0.0,0.0,0.0,0.0,0.0,0.0,0.0,0.0,0.0,0.0,0.0,0.0,0.0,0.0,0.0,0.0,0.0,0.0,0.0,0.0,0.0,0.0,0.0,0.0,0.0,0.0,0.0,0.0,0.0,0.0,0.0,7.725987911224365,0.0,0.0,0.0,0.0,0.0,0.0,0.0,0.0,0.0,0.0,0.0,0.0,0.0,0.0,0.0,0.0,0.0,0.0,0.0,0.0,0.0,0.0,0.0,0.0,0.0,0.0,0.0,0.0,0.0,0.0,0.0,0.0,0.0,0.0,0.0,12.8063383102417,4.605775356292725,0.0,0.0,0.0,6.96919059753418,0.0,0.0,0.0,0.0,0.0,0.0,0.0,0.0,0.0,0.0,0.0,0.0,0.0,0.0,0.0,0.0,0.0,0.0,0.0,0.0,0.0,0.0,0.0,0.0,0.0,0.0,0.0,0.0,0.0,0.0,0.0,0.0,0.0,0.0,0.8296733498573303,0.0,0.0,0.0,0.0,0.0,0.0,0.0,0.0,0.0,16.145517349243164,0.0,0.0,0.0,0.0,0.0,0.0,0.0,0.0,0.0,0.0,0.0,0.0,0.0,0.0,0.0,0.0,0.0,0.0,0.0,0.0,0.0,0.0,0.0,0.0,0.0,20.252094268798828,0.0,0.0,0.0,0.0,0.0,0.0,0.0,0.0,0.0,4.32297945022583,5.3048272132873535,14.79449462890625,0.0,0.0,0.0,0.0,0.0,0.0,0.0,0.0,0.0,0.0,0.0,0.0,0.0,0.0,0.8155401945114136,0.0,0.0,0.0,0.0,0.0,0.0,0.0,0.0,0.0,0.0,8.25570297241211,0.0,0.0,0.0,0.0,0.0,5.124164581298828,0.0,0.0,0.0,0.0,0.0,0.0,11.272579193115234,0.0,0.0,0.0,0.0,0.0,0.0,0.0,0.0,0.0,0.0,0.0,0.0,0.0,0.0,0.0,11.23202896118164,0.0,19.432689666748047,43.94289016723633,0.0,0.0,0.0,0.0,0.0,0.0,0.0,0.0,0.0,0.0,0.0,0.0,0.0,0.0,12.523275375366211,0.0,0.0,0.0,0.0,0.0,0.0,0.0,0.0,0.0,0.0,0.0,0.0,0.0,0.0,0.0,0.0,0.0,0.0,0.0,0.0,0.0,0.0,0.0,0.0,0.0,0.0,0.0,0.0,16.54361343383789,0.0,0.0,26.483245849609375,0.0,0.0,0.0,0.0,0.0,16.038803100585938,0.0,0.0,0.0,0.0,0.0,0.0,0.0,0.0,0.0,0.0,39.573333740234375,0.0,0.0,0.0,0.0,0.0,16.178569793701172,0.0,0.0,0.0,0.0,0.0,0.0,0.0,0.0,0.0,0.0,0.0,0.0,0.0,0.0,0.0,0.0,31.507474899291992,34.02602767944336,0.0,0.0,0.0,0.0,7.896478176116943,0.0,0.0,0.0,0.0,0.0,0.0,0.0,0.0,0.0,0.0,0.0,0.0,0.0,0.0,0.0,43.56880187988281,0.0,0.0,0.0,0.0,0.0,0.0,0.0,0.0,0.0,0.0,0.0,0.0,0.0,0.0,0.0,0.0,0.0,0.0,0.0,0.0,24.442338943481445,0.0,0.0,0.0,0.0,0.0,0.0,0.0,3.679455280303955,0.0,0.0,3.0428946018218994,0.0,0.0,0.0,0.0,0.0,0.0,0.0,7.157771110534668,0.0,0.0,0.0,0.0,0.0,0.0,0.0,0.0,1.267486572265625,4.457075595855713,0.0,0.0,0.0,0.0,0.0,7.23406982421875,0.0,1.3195123672485352,0.0,0.0,0.0,0.0,0.0,0.0,0.0,0.0,0.0,0.0,0.0,0.0,0.0,0.0,0.0,0.0,0.0,0.0,0.0,0.0,0.0,0.0,0.0,0.0,0.0,0.0,8.534610748291016,0.0,0.0,0.0,0.0,0.0,0.0,4.098941326141357,0.0,4.1937432289123535,0.0,0.0,0.0,0.0,0.0,0.0,0.0,0.0,0.0,7.181427955627441,0.0,0.0,0.0,0.0,0.0,0.0,0.0,0.0,0.0,0.0,68.09660339355469,0.0,0.0,0.0,0.0,0.0,0.0,0.0,0.0,0.0,7.495954513549805,0.0,0.0,0.0,0.0,0.0,0.0,0.0,0.0,0.0,0.0,0.0,0.0,0.0,0.0,0.0,0.0,8.098658561706543,0.0,0.0,0.0,0.0,15.149770736694336,20.109233856201172,0.0,0.0,0.0,0.0,0.0,0.0,52.8865852355957,0.0,0.0,0.0,0.0,0.0,0.0,0.0,0.0,0.0,0.0,0.0,0.0,0.0,0.0,0.0,25.20750617980957,0.0,0.0,0.0,0.0,18.229900360107422,0.0,0.0,3.74373197555542,0.0,0.0,0.0,0.0,0.0,0.0,0.0,4.026529788970947,0.0,24.62909698486328,0.0,0.0,0.0,0.0,0.0,0.0,0.0,0.0,0.0,0.0,0.0,0.0,0.0,0.0,0.0,0.0,0.0,0.0,0.0,0.0,0.0,0.0,0.0,0.0,0.0,0.0,0.0,0.0,0.0,0.0,0.0,0.0,0.0,0.0,0.0,0.0,0.0,0.0,0.0,0.0,0.0,0.0,0.0,0.0,0.0,0.0,0.0,0.0,0.0,0.0,0.0,0.0,0.0,0.0,0.0,0.0,0.0,0.0,0.0,0.0,0.0,0.0,0.0,0.0,0.0,0.0,2.99301815032959,0.06471863389015198,3.45121431350708,0.0,0.0,0.0,4.842132568359375,0.0,0.0,0.0,0.0,0.0,0.0,0.0,0.0,0.0,0.0,0.0,0.0,0.0,0.0,0.0,0.0,0.0,0.0,0.0,0.0,0.0,0.0,0.0,0.0,0.0,2.8499088287353516,0.0,0.0,0.0,0.0,0.0,0.0,0.0,0.0,0.0,0.0,0.0,0.0,16.214046478271484,0.0,0.0,0.0,0.0,0.0,31.731430053710938,0.0,1.2607734203338623,0.0,0.0,0.0,0.0,0.0,0.0,0.0,0.0,0.0,0.0,0.0,0.0,0.0,0.0,0.0,0.0,0.0,0.0,0.0,0.0,0.0,0.0,0.0,4.051061153411865,0.0,0.0,0.0,0.0,0.0,0.0,4.519299030303955,0.0,0.0,6.121063709259033,4.112546920776367,30.43251609802246,0.0,3.53490948677063,0.0,0.0,0.0,0.6405069828033447,0.0,0.0,0.0,0.0,0.0,0.0,0.0,0.0,0.0,0.0,0.0,11.86491870880127,0.0,0.0,0.0,0.0,0.0,0.0,0.0,0.0,0.0,0.9702332615852356,0.0,0.0,0.0,0.0,0.0,0.0,0.0,0.0,0.0,0.0,34.09952163696289,0.0,0.0,0.0,0.0,0.0,0.0,0.0,19.522518157958984,0.0,0.0,0.0,0.0,0.0,0.0,0.0,0.0,0.0,19.374120712280273,28.286108016967773,0.0,5.0774455070495605,0.0,0.0,0.0,0.0,0.0,0.0,0.0,0.0,0.0,0.0,0.0,0.0,8.801527976989746,0.0,0.0,0.0,0.0,0.0,0.0,0.0,0.0,0.0,0.0,0.0,0.0,0.0,0.0,0.0,0.0,0.0,0.39621299505233765,0.0,0.0,0.0,0.0,0.0,0.0,0.0,0.0,0.0,4.4248247146606445,17.578691482543945,0.0,0.0,32.66801834106445,0.0,0.0,0.0,0.0,4.711193084716797,18.02837371826172,0.0,0.0,0.0,15.768024444580078,7.242938995361328,0.0,5.296271800994873,0.0,0.0,0.0,32.911537170410156,0.0,0.0,0.0,2.9218637943267822,0.0,11.694340705871582,0.6458640694618225,0.0,0.0,0.0,0.0,0.0,0.0,0.0,0.0,0.0,0.0,0.0,0.0,0.0,6.957286834716797,0.0,38.08616638183594,33.705833435058594,0.0,0.0,0.0,0.0,11.386275291442871,0.0,0.0,0.0,0.0,0.0,0.0,0.0,0.0,0.0,8.843612670898438,0.0,0.0,0.0,0.0,0.0,16.284557342529297,0.0,0.0,0.0,0.0,0.0,0.0,0.0,0.0,0.0,0.0,0.0,0.0,0.0,5.023555755615234,0.0,0.0,0.0,0.0,3.0187416076660156,0.0,35.663021087646484,0.0,0.0,0.0,0.0,0.0,0.0,0.0,6.179860591888428,0.0,0.0,21.12676239013672,0.0,0.0,0.0,0.0,0.0,0.0,0.0,11.429041862487793,0.0,0.0,0.0,0.0,0.0,0.0,0.0,0.0,1.9588055610656738,15.273273468017578,0.0,0.0,0.0,0.0,0.0,17.32097625732422,0.0,16.181941986083984,0.0,0.0,0.0,0.0,0.0,0.0,0.0,0.0,0.38447120785713196,0.34495750069618225,0.0,0.0,0.0,0.0,0.0,0.0,0.0,0.0,0.0,0.0,0.0,0.0,0.0,0.0,0.0,0.0,4.414756774902344,0.0,0.0,0.0,0.0,4.7653913497924805,0.0,6.908506393432617,0.0,23.96678352355957,0.0,0.0,0.0,10.60143756866455,0.0,0.0,0.0,0.0,0.0,0.6035780310630798,0.0,0.0,0.0,0.0,0.0,0.9624251127243042,0.0,1.6742737293243408,0.0,0.0,65.31365966796875,0.0,0.0,0.0,0.0,0.0,0.0,0.0,0.0,0.0,1.0780408382415771,0.0,0.0,0.0,0.0,0.0,0.0,0.0,0.0,0.0,0.0,0.0,0.0,0.0,0.0,0.0,3.913844585418701,1.0213881731033325,0.0,4.414895057678223,0.0,0.0,14.902814865112305,28.209108352661133,0.0,0.7466046810150146,0.0,0.0,0.0,0.0,50.80126190185547,0.0,0.0,0.0,0.0,0.0,0.0,0.0,0.0,0.0,0.0,0.0,0.0,0.0,7.751813888549805,0.0,18.87434196472168,0.0,0.0,0.0,0.0,0.0,0.0,0.0,5.867669105529785,4.897677421569824,0.0,0.0,0.0,2.4899463653564453,4.0380120277404785,0.0,5.321521282196045,0.0,38.51737594604492,0.0,0.0,0.0,1.4143571853637695,0.0,0.0,0.0,0.0,0.0,0.0,0.0,0.0,0.0,0.0,0.0,0.0,0.0,0.0,0.0,0.0,0.0,0.0,0.0,0.0,0.0,0.0,0.0,0.0,0.0,0.0,0.0,3.1668429374694824,0.0,0.0,0.0,4.208838939666748,0.0,0.0,0.0,0.0,0.0,0.0,0.0,0.0,0.0,0.0,0.0,0.0,0.0,0.0,0.0,0.0,0.0,0.0,7.724241733551025,0.0,0.0,0.0,0.0,0.0,0.0,0.0,0.0,0.0,0.0,0.0,0.0,2.948711395263672,0.0,0.0,0.0,0.0,0.0,0.0,0.0,0.0,0.0,0.0,0.0,0.0,0.0,0.0,0.0,0.0,0.0,0.0,0.0,0.0,0.0,0.0,0.0,0.0,0.0,0.0,0.0,0.0,0.0,0.0,1.1700236797332764,0.0,0.0,0.0,0.0,0.0,0.0,0.0,0.0,0.0,0.0,0.0,0.0,0.0,0.0,0.0,0.0,0.0,0.0,0.0,0.0,0.0,0.0,0.0,0.0,0.0,0.0,0.0,0.0,0.0,0.0,0.0,0.0,0.0,0.0,0.0,0.0,0.0,0.0,0.0,0.0,0.0,0.0,0.0,0.0,0.0,0.0,0.0,0.0,0.0,0.0,0.0,0.0,0.0,0.0,0.0,0.0,0.0,0.0,0.0,0.0,0.0,0.0,0.0,0.0,0.0,0.0,0.0,0.0,0.0,0.0,0.0,0.0,0.0,0.0,0.0,0.0,0.0,0.0,0.0,0.0,0.0,0.0,0.0,0.0,0.0,0.0,0.0,0.0,0.0,0.0,0.0,0.0,0.0,0.0,0.0,22.618755340576172,0.0,0.0,0.0,0.0,0.0,0.0,0.0,0.0,0.0,0.0,0.0,0.0,0.0,0.0,0.0,10.4803466796875,0.0,0.6662578582763672,22.21811294555664,0.0,0.0,0.0,0.0,0.0,0.0,0.0,0.0,0.0,0.0,0.0,0.0,0.0,0.0,0.0,0.0,0.0,0.0,0.0,0.0,0.0,0.0,0.0,0.0,0.0,0.0,0.0,0.0,0.0,0.0,0.0,0.0,0.0,0.0,0.0,0.0,0.0,0.0,0.0,0.0,0.0,0.0,0.0,0.0,0.0,0.0,0.0,0.0,0.0,0.0,0.0,0.0,0.0,0.0,0.0,0.0,0.0,0.0,0.0,2.0944278240203857,0.0,0.0,0.0,44.308101654052734,0.0,0.0,0.0,4.967936992645264,0.0,3.762481451034546,0.0,0.0,0.0,0.0,0.0,0.0,0.0,0.0,0.0,0.0,0.0,0.0,0.0,0.0,6.671497821807861,0.0,2.9706974029541016,22.435747146606445,0.0,0.0,0.0,0.0,14.539240837097168,0.0,0.0,0.0,0.0,0.0,0.0,0.0,0.0,0.0,0.12480753660202026,0.0,0.0,0.0,0.0,0.0,37.66139602661133,0.0,0.0,0.0,0.0,0.0,0.0,0.0,0.0,0.0,0.0,0.0,0.0,0.0,0.0,0.0,0.0,0.0,0.0,0.0,0.0,37.30188751220703,0.0,0.0,0.0,0.0,0.0,0.0,0.0,12.366966247558594,0.0,0.0,0.0,0.0,0.0,0.0,0.0,0.0,0.0,0.0,0.0,0.0,0.0,0.0,0.0,0.0,0.0,0.0,0.0,0.0,15.92602825164795,0.0,0.0,0.0,0.0,0.0,28.520092010498047,0.0,0.0,0.0,0.0,0.0,0.0,0.0,0.0,0.0,0.0,0.0,0.0,0.0,0.0,0.0,0.0,0.0,0.0,0.0,0.0,0.0,0.0,0.0,0.0,0.0,0.0,0.0,0.0,0.0,0.0,0.0,0.0,0.0,1.5098518133163452,0.0,0.0,0.0,0.0,0.0,0.0,0.0,1.540611982345581,0.0,0.0,0.0,0.0,0.0,0.0,0.0,0.0,0.0,0.0,0.0,0.0,0.0,7.498053073883057,0.0,0.0,55.838226318359375,0.0,0.0,0.0,0.0,0.0,0.0,0.0,0.0,0.0,26.021121978759766,0.0,0.0,0.0,0.0,0.0,0.0,0.0,0.0,0.0,0.0,0.0,0.0,0.0,0.0,0.0,0.0,0.0,0.0,0.0,0.0,0.0,1.127724051475525,16.1727294921875,0.0,0.0,0.0,0.0,0.0,0.0,26.892452239990234,0.0,0.0,0.0,0.0,0.0,0.0,0.0,0.0,0.0,0.0,0.0,0.0,0.0,2.2930383682250977,0.0,40.05364227294922,0.0,0.0,0.0,0.0,0.0,0.0,0.0,0.0,0.0,0.0,0.0,0.0,0.0,0.0,0.0,1.437333106994629,0.0,28.74736785888672,0.0,0.0,0.0,0.0,0.0,0.0,0.0,0.0,0.0,0.0,0.0,0.0,0.0,0.0,0.0,0.0,0.0,0.0,0.0,0.0,0.0,0.0,0.0,0.0,0.0,0.0,0.0,0.0,0.0,0.0,0.0,6.613940715789795,0.0,0.0,0.0,0.0,0.0,0.0,0.0,0.0,0.0,0.0,0.0,0.0,0.0,0.0,0.0,0.0,0.0,0.0,0.0,0.0,0.0,0.0,13.38145923614502,0.0,0.0,0.0,0.0,0.0,0.0,0.0,0.0,0.0,0.0,0.0,0.0,25.46094512939453,0.0,0.0,0.0,0.0,0.0,0.0,0.0,0.0,0.0,0.0,0.0,0.0,0.0,0.0,0.0,0.0,0.0,0.0,0.0,0.0,0.0,0.0,0.0,0.0,0.0,0.0,0.0,0.0,0.0,0.0,0.0,0.0,0.0,0.0,0.0,0.0,0.0,0.0,0.0,0.0,0.0,0.0,0.0,0.0,0.0,0.0,0.0,0.0,0.0,0.0,0.0,0.0,0.0,0.0,0.0,0.0,0.0,0.0,0.0,0.0,0.0,0.0,0.0,0.0,0.0,0.0,0.0,0.0,0.0,0.0,0.0,0.0,0.0,0.0,0.0,0.0,0.0,0.0,0.0,0.0,0.0,0.0,0.0,0.0,0.0,0.0,0.0,0.0,0.0,0.0,0.0,0.0,0.0,0.0,0.0,0.0,0.0,0.0,0.0,0.0,0.0,0.0,0.0,0.0,0.0,0.0,0.0,0.0,0.0,0.0,0.0,0.0,0.0,0.0,0.0,0.0,0.0,0.0,0.0,0.0,0.0,0.0,0.0,0.0,0.0,0.0,0.0,0.0,0.0,0.0,0.0,0.0,0.0,0.0,0.0,0.0,0.0,0.0,0.0,0.0,0.0,0.0,0.0,0.0,0.0,0.0,0.0,0.0,0.0,0.0,0.0,0.0,0.0,0.0,0.0,0.0,0.0,0.0,0.0,0.0,0.0,0.0,0.0,0.0,0.0,0.0,0.0,0.0,0.0,0.0,0.0,0.0,0.0,0.0,0.0,0.0,0.0,0.0,0.0,0.0,0.0,0.0,0.0,0.0,0.0,0.0,0.0,0.0,0.0,0.0,0.0,0.0,0.0,0.0,0.0,0.0,0.0,0.0,0.0,0.0,0.0,0.0,0.0,0.0,0.0,0.0,0.0,0.0,0.0,55.71499252319336,0.0,0.0,0.0,0.0,0.0,0.0,0.0,0.0,0.0,0.0,0.0,0.0,0.0,0.0,0.0,0.0,0.0,0.0,0.0,0.0,0.0,0.0,0.0,5.293465614318848,0.0,0.0,0.0,0.0,9.160547256469727,0.0,0.0,0.0,0.0,0.0,0.0,0.0,0.0,0.0,0.0,0.0,0.0,0.0,0.0,0.0,44.964351654052734,0.0,0.0,0.0,0.0,0.0,0.0,0.0,0.0,0.0,0.0,0.0,0.0,0.0,0.0,0.0,0.0,0.0,0.0,0.0,0.0,0.0,0.0,0.0,0.0,0.0,0.0,0.0,0.0,0.0,0.0,0.0,0.0,0.0,0.0,0.0,0.0,0.0,0.0,0.0,0.0,0.0,0.0,0.0,0.0,0.0,0.0,0.0,0.0,0.0,0.0,0.0,0.0,0.0,0.0,0.0,0.0,0.0,0.0,0.0,0.0,0.0,0.0,0.0,0.0,0.0,0.0,0.0,0.0,0.0,0.0,0.0,0.0,0.0,0.0,0.0,0.0,0.0,0.0,0.0,0.0,0.0,0.0,0.0,0.0,0.0,0.0,0.0,0.0,0.0,0.0,0.0,0.0,0.0,0.0,0.0,0.0,0.0,0.0,0.0,0.0,0.0,0.0,0.0,0.0,0.0,0.0,0.0,0.0,0.0,0.0,0.0,0.0,0.0,0.0,14.72094440460205,0.0,0.0,2.4135658740997314,0.0,0.0,0.0,0.0,0.0,0.0,22.937746047973633,0.0,0.0,0.0,0.0,0.0,0.0,0.0,0.0,0.0,0.0,0.0,0.0,0.0,0.0,0.0,0.0,0.0,0.0,0.0,0.0,0.0,0.0,3.5534591674804688,0.0,0.0,0.0,0.0,0.0,0.0,0.0,0.0,0.0,0.0,0.0,0.0,0.0,0.0,0.0,0.0,0.0,0.0,0.0,14.856045722961426,0.0,0.0,49.89447784423828,0.0,0.0,0.0,0.0,3.986597776412964,0.0,0.0,0.0,0.0,0.0,0.0,0.0,0.0,0.0,0.0,0.0,0.0,0.0,0.0,0.0,0.0,0.0,0.0,0.0,0.0,0.0,0.0,0.0,0.0,0.0,0.0,0.0,0.0,0.0,0.0,0.0,0.0,0.0,0.0,0.0,0.0,0.0,0.0,0.0,0.0,0.0,0.0,0.0,0.0,8.49561882019043,0.0,0.0,0.0,0.0,0.0,0.0,0.0,0.0,0.0,0.0,0.0,0.0,0.0,0.0,0.0,0.0,0.0,0.0,0.0,0.0,0.0,0.0,0.0,0.0,0.0,0.0,0.0,0.0,0.0,0.0,0.0,0.0,0.0,2.6935858726501465,0.0,13.053709983825684,0.0,0.0,0.0,0.0,0.0,0.0,0.0,0.0,0.0,0.2770997881889343,0.0,0.0,0.0,0.0,0.0,0.0,0.0,0.0,0.0,0.0,0.0,1.171998143196106,2.468641519546509,0.0,0.0,0.0,0.0,0.0,0.0,0.0,0.0,7.848740577697754,0.0,0.0,0.0,0.0,0.0,0.0,0.0,0.0,0.0,0.0,0.0,0.0,3.0846564769744873,3.907130241394043,0.0,0.0,0.0,0.0,0.0,23.39749526977539,0.0,0.0,0.0,0.0,0.0,0.0,0.0,0.0,0.0,0.0,0.0,0.0,0.0,0.0,0.0,0.0,0.0,0.0,0.0,0.0,0.0,0.0,0.0,0.0,0.0,0.0,0.0,0.0,0.0,0.0,0.0,0.0,0.0,0.0,0.0,0.0,0.0,7.419632434844971,0.0,0.0,0.0,0.0,0.0,0.0,0.0,0.0,0.0,1.7259066104888916,12.98603343963623,0.0,4.526917457580566,0.0,0.0,2.3677825927734375,0.0,0.0,0.0,0.0,0.0,0.0,0.0,0.0,0.0,0.0,0.0,0.0,0.0,0.0,5.990083694458008,0.0,0.0,0.0,0.0,0.0,0.0,0.8609755039215088,0.0,0.0,0.0,0.0,0.0,0.0,0.0,0.0,0.0,0.0,0.0,0.0,8.951192855834961,0.0,0.0,0.0,6.639639854431152,0.0,0.0,2.3201816082000732,0.0,0.0,0.0,0.0,0.0,0.0,0.0,0.0,0.0,0.0,7.510527610778809,0.0,0.0,0.0,0.0,0.0,0.0,0.0,0.0,0.0,0.0,0.0,0.0,0.0,0.0,0.0,0.0,0.0,0.0,0.0,0.0,0.0,0.0,0.0,6.944774150848389,0.0,0.0,0.0,0.0,9.484301567077637,0.0,0.0,1.0287649631500244,0.0,0.0,0.0,0.0,0.0,0.0,0.0,0.0,0.0,0.0,0.0,0.0,0.0,0.0,0.0,0.0,0.0,0.0,34.321937561035156,0.0,0.0,0.0,0.0,0.0,0.0,0.0,0.0,0.0,0.0,0.0,0.0,0.0,0.0,0.0,0.0,0.0,0.0,0.0,0.0,0.0,0.0,0.0,0.0,0.0,0.0,0.0,2.2996504306793213,17.209144592285156,0.0,0.0,0.0,0.0,0.0,0.0,0.0,0.0,0.0,0.0,0.0,0.0,0.0,0.0,0.0,17.984859466552734,0.0,5.092091083526611,0.0,0.7352798581123352,0.0,22.20772361755371,11.754361152648926,0.0,3.5105950832366943,0.0,0.0,0.0,5.7698493003845215,0.0,0.0,0.0,0.0,0.0,0.0,0.0,0.0,0.0,0.0,8.960383415222168,0.0,2.995033025741577,0.0,0.0,0.0,3.393568515777588,0.0,0.0,0.0,0.0,0.0,0.0,0.0,0.0,0.0,0.0,0.0,1.1392425298690796,0.0,0.0,0.0,0.0,0.0,0.0,0.0,5.429515838623047,0.0,0.0,0.0,0.0,0.0,30.531057357788086,0.0,0.0,0.0,11.209888458251953,0.0,0.0,0.0,0.0,0.0,0.0,0.0,0.0,0.0,0.0,0.0,0.0,0.0,0.0,0.0,0.0,0.0,0.0,0.0,0.0,0.0,0.0,0.0,0.0,0.0,0.0,0.0,0.0,0.0,0.0,0.0,0.0,0.0,0.0,0.0,0.0,7.718864917755127,0.0,0.0,0.0,6.130411624908447,0.0,0.0,0.0,0.0,0.0,0.0,0.0,0.0,0.0,0.0,0.0,0.0,0.0,17.460752487182617,0.0,0.09302860498428345,0.0,0.0,0.0,0.0,0.0,0.0,0.0,3.4853851795196533,0.0,0.0,0.0,0.0,0.0,0.0,0.0,0.0,2.7885043621063232,0.0,0.0,0.0,0.0,23.55758285522461,0.0,0.6345710158348083,0.0,0.0,0.0,0.0,0.0,0.0,0.0,0.0,0.0,0.0,2.138486385345459,0.0,0.0,0.0,0.0,0.0,0.0,0.0,0.0,0.0,0.13729532063007355,0.0,0.0,0.0,0.0,0.0,2.4220364093780518,1.2589502334594727,0.0,37.39695358276367,0.0,0.0,0.0,0.0,13.20352554321289,0.0,0.0,0.0,0.0,0.0,0.0,0.0,0.0,0.0,0.0,0.0,0.0,0.0,0.0,0.0,0.0,0.0,0.0,0.0,0.0,0.0,0.0,4.6303558349609375,0.0,0.0,0.0,0.0,0.0,0.0,0.0,0.0,4.527262210845947,0.0,0.0,0.0,0.0,0.0,0.0,0.0,0.0,0.0,0.0,0.0,10.965538024902344,0.0,0.0,0.0,0.0,0.0,0.0,0.0,0.0,0.0,0.0,0.0,0.0,0.0,0.0,0.0,0.0,3.550004720687866,0.0,0.0,0.0,0.0,0.0,0.0,0.0,0.0,0.0,0.0,0.0,0.0,0.0,0.0,0.0,0.0,0.0,9.303078651428223,0.0,0.0,0.0,0.0,0.0,0.0,0.0,0.0,0.0,0.0,0.0,0.0,0.0,0.0,0.0,0.0,0.0,0.0,0.0,0.0,0.0,0.0,0.0,10.661284446716309,0.0,0.0,0.0,0.0,0.0,0.0,0.0,0.0,0.0,0.0,0.0,0.0,0.0,0.0,0.0,0.0,0.0,0.0,0.0,0.0,0.0,0.0,0.0,23.41231346130371,0.0,0.0,0.0,0.0,0.0,0.0,0.0,0.0,0.0,0.0,0.0,0.0,0.0,0.0,0.0,0.0,0.0,0.0,0.0,0.0,0.0,0.0,0.0,0.0,0.0,0.0,0.0,0.0,0.0,0.0,0.0,0.0,0.0,0.0,0.0,0.0,0.0,0.0,0.0,0.0,0.0,0.0,0.0,0.0,0.0,0.0,0.0,0.0,8.022109031677246,0.0,0.0,0.0,0.0,26.769258499145508,0.0,0.0,4.898212909698486,0.0,0.0,0.0,0.0,0.0,0.0,0.0,0.0,0.0,2.863243579864502,0.0,0.0,0.0,0.0,0.0,0.0,0.0,5.005349159240723,0.0,0.0,0.0,0.0,0.0,0.0,0.0,0.0,0.0,0.0,0.0,0.0,0.0,0.0,0.0,0.0,0.0,0.0,0.0,2.6349234580993652,0.0,4.306639194488525,0.0,5.962698936462402,0.0,0.0,0.0,0.0,21.145353317260742,0.0,0.0,2.9968504905700684,4.971122741699219,0.0,0.0,0.0,0.0,1.8003768920898438,0.0,0.0,0.0,0.0,0.0,0.0,0.0,0.0,0.0,0.0,0.0,0.0,0.0,0.0,0.0,4.758212566375732,0.0,0.0,0.0,0.0,0.0,0.0,0.0,6.660530090332031,0.0,0.0,0.0,0.0,0.0,0.0,0.0,0.0,0.0,0.0,0.0,0.0,0.0,0.0,0.0,0.0,0.0,0.0,0.0,0.0,0.0,11.18681526184082,0.0,0.0,0.0,0.0,3.7833194732666016,0.0,0.0,0.0,3.67195200920105,0.0,0.0,0.0,0.0,0.0,0.0,0.0,0.0,0.0,0.0,0.0,0.0,0.0,0.0,0.0,0.0,0.0,0.0,0.0,0.0,0.0,0.0,0.0,0.0,0.0,2.1350791454315186,0.0,0.0,0.0,0.0,0.0,0.0,0.0,0.0,0.0,0.0,0.0,0.0,0.0,0.0,26.897138595581055,0.0,0.0,0.0,0.8764510154724121,0.0,0.6688096523284912,0.0,0.0,0.0,0.0,0.0,0.0,0.0,0.0,0.0,0.0,0.0,0.0,0.0,0.0,0.0,0.0,0.0,0.0,0.0,0.0,0.0,11.834285736083984,0.0,0.0,0.0,0.0,30.510013580322266,0.0,0.0,0.0,0.0,0.0,0.0,0.0,0.0,4.4768900871276855,0.0,0.0,0.0,0.0,0.0,0.0,0.0,14.704784393310547,0.0,0.0,0.0,0.0,0.0,11.179182052612305,0.0,0.0,0.0,0.6964610815048218,0.0,0.0,0.0,0.0,0.0,0.0,0.0,0.0,0.0,0.0,0.0,0.0,0.0,0.0,0.0,0.0,0.0,0.0,0.0,0.0,0.0,0.0,0.0,0.0,0.0,0.0,0.0,0.0,0.0,0.0,0.0,0.0,0.0,0.0,0.0,0.0,0.0,0.0,0.0,0.0,0.0,3.077864170074463,0.0,0.0,0.0,31.085243225097656,0.0,0.0,7.2342071533203125,0.0,0.0,0.0,0.0,0.0,0.5445560812950134,1.5105350017547607,18.760520935058594,18.310609817504883,0.0,0.0,0.0,0.0,0.0,0.0,0.0,0.0,0.0,0.0,0.0,0.0,0.0,0.0,0.0,0.0,0.0,0.0,0.0,0.0,0.0,0.0,0.0,0.0,0.0,0.0,0.0,0.0,0.0,0.0,3.326303482055664,0.0,0.0,4.896427154541016,0.0,0.0,0.0,0.0,0.0,0.0,0.0,13.423246383666992,0.0,0.0,0.0,0.0,0.0,0.0,0.0,0.0,0.3570927381515503,0.0,23.25168228149414,0.0,0.0,0.0,0.0,6.422840118408203,0.0,0.0,0.0,0.0,0.0,0.0,0.0,0.0,0.0,0.0,0.0,0.0,0.0,0.0,4.710596084594727,2.1916680335998535,0.0,0.0,0.0,0.0,0.0,0.0,17.32645034790039,0.0,0.0,0.0,0.0,0.0,0.0,0.0,0.0,0.0,0.0,0.0,0.0,0.0,0.0,0.0,0.0,0.0,0.0,0.0,0.0,5.26630163192749,0.0,0.0,0.0,0.0,0.0,0.0,0.0,0.0,0.0,4.80476188659668,0.0,0.0,0.0,0.9673460125923157,0.0,0.0,0.0,0.0,0.0,0.0,0.0,0.0,0.0,0.0,5.247541427612305,0.0,0.0,0.0,0.0,7.939659118652344,0.0,0.0,0.0,0.0,0.0,0.0,27.05611228942871,0.0,0.0,0.0,0.0,0.0,0.0,0.0,0.0,0.0,0.0,0.0,0.0,0.0,0.0,0.0,0.0,0.0,0.0,0.0,0.0,0.0,29.36607551574707,0.0,0.0,0.0,0.0,0.0,0.0,0.0,0.0,0.0,0.0,0.0,0.0,0.0,0.0,0.0,0.0,0.0,0.0,0.0,0.0,0.0,0.0,0.0,0.0,0.0,0.0,0.0,0.0,0.0,4.096827030181885,0.0,0.0,0.0,0.0,0.0,0.0,0.0,0.0,0.0,0.0,0.0,0.0,0.0,0.0,0.0,0.0,0.0,0.0,0.0,0.0,0.0,0.0,0.0,0.0,0.0,0.0,0.0,0.0,0.0,0.0,0.0,0.0,0.0,0.0,15.13590145111084,0.0,0.0,1.2515636682510376,0.0,0.0,0.0,0.0,0.0,0.0,0.0,0.0,0.0,0.0,0.0,0.0,7.6111626625061035,0.0,0.0,0.0,0.0,0.0,0.0,0.0,0.0,0.0,0.0,0.0,0.0,0.0,0.0,0.0,0.0,13.250516891479492,0.0,0.0,0.0,0.0,0.0,0.0,0.0,0.0,0.0,0.0,0.0,0.0,0.0,0.0,0.0,0.0,0.0,0.0,0.0,0.0,0.0,0.0,5.544350624084473,0.0,0.09070396423339844,0.0,0.0,0.0,0.0,4.018985748291016,0.0,0.0,0.0,2.5552456378936768,0.0,0.0,0.0,0.0,8.549671173095703,0.0,0.0,0.0,0.0,0.0,0.0,0.0,0.0,0.0,0.0,0.0,0.0,0.0,0.0,0.0,0.0,0.0,0.0,0.0,0.0,0.0,0.0,0.0,1.6621150970458984,0.0,0.0,0.0,0.0,0.0,0.0,0.0,0.0,0.0,0.0,0.0,0.0,0.0,0.0,0.0,0.0,0.0,0.0,0.0,0.0,0.0,0.0,0.0,0.0,0.0,0.0,33.44221115112305,0.0,0.0,0.0,0.0,0.0,0.0,0.0,3.3150181770324707,0.0,0.0,0.0,0.0,0.0,0.0,0.0,0.0,0.0,0.0,0.0,0.0,0.0,0.0,0.0,3.020953893661499,0.0,0.0,0.0,0.0,19.4532413482666,0.0,0.0,0.0,0.0,0.0,0.0,0.0,0.0,0.0,0.0,0.0,0.0,0.0,0.0,0.0,79.5928726196289,0.0,0.0,0.0,0.0,0.0,6.163793563842773,7.106916904449463,0.0,0.0,7.065136909484863,5.699425220489502,0.0,11.580142974853516,0.0,0.0,0.0,0.0,0.0,0.0,0.0,0.0,0.0,0.0,0.0,0.0,0.0,6.399582386016846,0.0,0.0,0.0,0.0,0.0,14.780631065368652,0.0,0.0,0.0,0.0,0.0,0.0,0.0,0.0,0.0,0.0,0.0,0.0,0.0,0.0,0.0,0.0,0.0,0.0,0.0,0.0,8.227481842041016,0.0,0.5768617391586304,0.0,0.0,0.0,0.0,0.0,0.0,0.0,0.0,0.0,0.0,0.0,0.0,0.0,0.6173298358917236,0.0,0.0,0.0,0.0,0.0,0.0,0.0,0.0,0.0,0.0,0.0,0.0,0.0,0.0,6.477044105529785,0.0,0.0,0.0,0.0,0.0,0.0,0.0,0.0,0.0,0.0,0.0,27.08939552307129,0.0,0.0,0.0,0.0,14.708970069885254,0.0,0.0,0.0,0.0,0.0,0.0,0.0,0.0,0.0,0.0,0.0,0.0,0.0,0.610168993473053,0.0,14.75349235534668,0.0,0.0,0.0,0.0,0.0,0.0,0.0,0.0,0.0,0.0,0.0,0.0,0.0,0.0,0.0,0.0,0.0,0.0,1.2259480953216553,0.0,0.0,0.0,0.0,0.0,0.0,0.0,0.0,0.0,2.4212636947631836,0.0,0.0,0.0,0.0,0.0,0.0,0.0,0.0,0.0,0.0,0.0,0.0,0.0,0.0,0.0,0.0,0.0,0.0,0.0,0.0,0.0,0.0,0.0,52.541465759277344,0.0,0.0,0.0,0.0,0.0,0.0,0.0,0.0,0.0,0.0,0.0,0.0,0.0,0.0,0.0,0.0,0.0,0.0,0.0,0.0,0.0,0.0,0.0,0.0,0.0,0.0,0.0,8.38253116607666,0.0,0.0,0.0,0.0,0.0,0.0,0.0,0.0,0.0,0.0,0.0,0.0,0.0,0.0,0.0,0.0,0.0,0.0,0.0,0.0,2.247218608856201,2.5406017303466797,0.0,0.0,0.0,0.0,0.0,0.0,0.0,0.0,10.729961395263672,0.0,0.0,0.0,0.0,0.0,0.0,0.0,0.0,0.0,0.0,0.0,0.0,0.0,0.0,14.474176406860352,0.0,0.0,0.0,0.0,0.0,0.0,0.0,0.0,0.0,0.0,0.0,21.18980598449707,0.0,0.0,0.0,0.0,0.0,0.0,0.0,0.0,0.0,0.0,0.0,0.0,0.0,0.0,0.0,0.0,0.0,0.0,0.0,0.0,0.0,5.160737991333008,0.0,0.0,0.0,0.0,0.0,0.0,0.0,0.0,0.0,0.0,0.0,0.0,0.0,0.0,0.0,0.0,0.0,6.71932315826416,0.0,0.0,0.0,0.0,0.0,0.0,0.0,0.0,0.0,0.0,0.0,2.0943918228149414,0.0,0.0,0.0,0.0,0.0,0.0,0.0,0.0,0.0,0.0,0.0,0.0,0.0,0.0,0.0,0.0,0.0,0.0,0.0,0.0,0.0,0.0,0.0,13.072450637817383,0.0,0.0,0.0,0.0,0.0,0.0,0.0,0.0,0.0,0.0,21.19618797302246,0.0,0.0,1.2485078573226929,0.0,0.0,0.0,0.0,0.0,0.0,0.0,0.0,0.0,0.0,0.0,0.0,0.0,0.0,0.0,0.0,0.0,0.0,0.0,0.0,0.0,0.0,0.0,0.951221227645874,0.0,0.0,0.0,0.0,0.0,14.852506637573242,0.0,0.0,0.0,0.0,0.0,0.0,0.0,0.0,0.0,0.0,0.0,0.0,0.0,0.0,0.0,0.0,0.0,0.0,0.0,0.0,0.0,0.0,0.0,0.0,6.397407531738281,24.511486053466797,0.0,0.0,0.0,0.0,0.0,0.0,0.0,0.0,0.0,0.0,0.0,0.0,0.0,0.0,9.409005165100098,0.0,0.0,0.0,0.0,0.0,0.0,0.0,0.0,0.0,0.0,0.0,0.0,0.0,0.0,0.0,0.0,0.0,0.0,0.0,0.0,0.0,0.0,0.0,0.0,0.0,0.0,0.0,0.0,0.0,0.0,0.0,0.0,0.0,0.0,0.0,0.0,0.0,0.0,0.0,0.0,0.0,0.0,0.0,0.0,0.0,0.0,0.0,0.0,39.70394515991211,0.0,0.0,0.0,0.0,0.0,0.0,7.161836624145508,0.0,0.0,0.0,0.0,0.0,0.0,0.0,0.0,0.0,0.0,0.0,9.091402053833008,0.0,0.0,0.0,28.920791625976562,44.48404312133789,0.0,0.0,0.0,0.0,20.414709091186523,0.0,0.0,0.0,0.0,0.0,0.0,0.0,0.0,0.0,0.0,0.0,0.0,0.0,0.0,0.0,67.65282440185547,0.0,0.0,0.0,0.0,0.0,0.0,0.0,0.0,0.0,0.0,0.0,0.0,0.0,0.0,0.0,0.0,0.0,0.0,0.0,0.0,0.0,0.0,0.0,0.0,0.0,0.0,0.0,0.0,0.0,0.0,0.0,9.264498710632324,0.0,0.0,0.0,0.0,0.0,0.0,0.0,0.0,0.0,0.0,0.0,0.0,0.0,0.0,0.0,0.0,0.0,0.026608824729919434,0.0,0.0,0.0,0.0,0.0,3.360131025314331,0.0,0.0,0.0,0.0,0.0,0.0,0.0,0.0,0.0,0.0,0.0,0.0,0.0,4.372200965881348,0.0,0.0,0.0,0.0,0.0,0.0,0.0,0.0,0.0,0.0,0.0,0.0,0.0,0.0,20.339801788330078,0.0,0.0,0.0,0.0,0.0,0.0,0.0,0.0,6.58081579208374,0.0,0.0,22.15061378479004,4.550973415374756,0.0,0.0,0.0,0.0,0.0,0.0,0.0,0.0,0.0,0.0,0.0,0.0,0.0,0.0,0.0,0.0,8.917698860168457,0.0,0.0,0.0,0.0,0.0,0.0,0.0,0.0,0.0,0.0,0.0,0.0,0.0,0.0,0.0,0.0,0.0,0.0,0.0,0.0,0.0,0.0,0.0,0.0,0.0,13.37937068939209,0.0,0.0,0.0,0.0,0.0,18.38129425048828,19.11121940612793,0.0,0.0,0.0,0.0,0.0,0.0,36.5295524597168,0.0,0.0,0.0,0.0,0.0,0.0,0.0,0.0,0.0,0.0,0.0,0.0,0.0,0.0,0.0,32.97068786621094,0.0,0.0,0.0,0.0,0.0,0.0,0.0,15.444114685058594,0.0,0.0,0.0,0.0,0.0,0.0,0.0,0.0,0.0,16.276918411254883,0.0,0.0,0.0,0.0,0.0,0.0,0.0,0.0,0.0,0.0,0.0,0.0,0.0,0.0,0.0,0.0,0.0,0.0,0.0,0.0,0.0,0.0,0.0,0.0,0.0,0.0,0.0,0.0,0.0,0.0,0.0,0.0,0.0,0.0,0.0,0.0,0.0,0.0,0.0,0.0,0.0,0.0,0.0,0.0,0.0,0.0,0.0,0.0,0.0,0.0,0.0,0.0,0.0,0.0,0.0,0.0,0.0,0.0,0.0,0.0,0.0,0.0,0.0,0.0,0.0,0.0,13.26362133026123,0.0,0.0,0.0,0.0,0.0,0.0,0.0,0.0,0.0,0.0,0.0,0.0,0.0,0.0,0.0,0.0,0.0,0.0,0.0,0.0,0.0,0.0,0.0,0.0,0.0,0.0,0.0,0.0,0.0,0.0,0.0,0.0,0.0,0.0,0.0,0.0,0.0,0.0,0.0,0.0,0.0,0.0,0.0,0.0,2.8191521167755127,0.0,0.0,0.0,0.0,0.0,2.1543285846710205,0.0,5.05147647857666,0.0,0.0,0.0,0.0,0.0,0.0,0.0,0.0,0.0,0.0,0.0,0.0,0.0,0.0,0.0,0.0,0.0,0.0,0.0,0.0,0.0,3.3982725143432617,0.0,0.0,0.0,0.0,0.0,0.0,0.0,0.0,0.0,0.0,0.0,0.0,0.0,0.0,0.0,15.439546585083008,0.0,0.0,0.0,0.0,0.0,0.0,0.0,0.0,0.0,0.0,0.0,0.0,0.0,0.0,0.0,0.0,0.0,0.0,0.0,0.0,0.0,0.0,0.0,0.0,0.0,0.0,0.0,0.0,0.0,0.0,0.0,0.0,0.0,0.0,0.0,0.0,0.0,0.0,0.0,0.0,0.0,0.0,0.0,0.0,0.0,0.0,0.0,0.0,0.8220301866531372,0.0,0.0,0.0,0.0,0.0,3.708707332611084,12.159018516540527,0.0,0.0,0.0,0.0,0.0,0.0,0.0,0.0,0.0,0.0,0.0,0.0,0.0,0.0,0.0,0.0,0.0,0.0,0.0,0.0,0.0,0.0,0.0,0.0,0.0,0.0,0.0,0.0,0.0,0.0,0.0,0.0,0.0,0.0,0.0,0.0,2.1000733375549316,0.0,0.0,0.0,0.0,0.0,0.0,0.0,0.0,0.0,0.0,0.0,0.0,0.0,0.0,0.0,0.0,0.0,0.0,0.0,0.0,0.0,0.0,0.0,0.0,0.0,0.0,28.012781143188477,0.0,0.0,5.587164402008057,0.0,0.0,0.0,17.02557373046875,0.0,0.0,0.0,0.0,0.0,0.0,0.0,0.0,0.0,0.0,0.0,6.135280609130859,0.0,0.0,0.0,35.79662322998047,41.978946685791016,0.0,0.0,0.0,0.0,11.007935523986816,0.0,0.0,0.0,0.0,0.0,0.0,0.0,0.0,0.0,0.0,0.0,0.0,0.0,0.0,0.0,32.769554138183594,0.0,0.0,0.0,0.0,0.0,0.0,0.0,0.0,0.0,0.0,0.0,0.0,0.0,5.316612720489502,0.0,0.0,0.0,0.0,0.0,0.0,10.084053039550781,0.0,0.0,0.0,0.0,0.0,0.0,0.0,0.0,0.0,0.0,27.135007858276367,0.0,0.0,0.0,0.0,0.0,0.0,0.0,0.0,0.0,0.0,0.0,0.0,0.0,0.0,0.0,0.0,0.0,0.0,0.0,0.0,0.0,0.0,0.0,0.0,0.0,0.0,0.0,0.0,0.0,0.0,0.0,0.0,0.0,0.0,0.0,0.0,0.0,0.0,0.0,0.0,0.0,0.0,0.0,0.0,0.0,0.0,0.0,0.0,0.0,0.0,0.0,0.0,9.917673110961914,0.0,0.0,0.0,0.0,0.0,0.0,0.0,0.0,21.4869384765625,0.0,0.0,3.6922364234924316,12.274760246276855,0.0,0.0,0.0,0.0,0.0,0.0,0.0,0.0,0.0,0.0,0.0,0.0,0.0,0.0,0.0,0.0,17.318864822387695,0.0,0.0,0.0,0.0,0.0,0.0,0.0,0.0,0.0,0.0,0.0,0.0,0.0,3.307187795639038,0.0,0.0,0.0,0.0,0.0,0.0,0.0,0.0,0.0,0.0,0.0,22.698326110839844,0.0,0.0,0.0,0.0,0.0,12.408918380737305,28.80305290222168,0.0,0.0,0.0,0.0,0.0,0.0,19.941272735595703,0.0,0.0,0.0,0.0,0.0,0.0,0.0,0.0,0.0,0.0,0.0,0.0,0.0,0.0,0.0,32.98135757446289,0.0,0.0,0.0,0.0,0.0,0.0,0.0,3.4883556365966797,0.0,0.0,0.3050681948661804,0.0,0.0,0.0,0.0,0.0,0.0,37.340572357177734,0.0,0.0,0.0,0.0,0.0,0.0,0.0,0.0,0.0,0.0,0.0,0.0,0.0,0.0,0.0,0.0,0.0,0.0,0.0,0.0,0.0,0.0,0.0,0.0,0.0,0.0,0.0,0.0,0.0,0.0,0.0,0.35921400785446167,0.0,0.0,0.0,0.0,0.0,0.0,0.0,0.0,0.0,0.0,0.0,0.0,0.0,0.0,0.0,0.0,0.0,0.0,0.0,0.0,0.0,0.0,0.0,0.0,0.0,0.0,0.0,0.0,0.0,0.0,0.0,0.0,0.0,0.0,5.582713603973389,18.002565383911133,0.0,0.0,0.0,0.0,0.0,0.0,0.0,0.0,0.0,0.0,0.0,0.0,0.0,0.0,0.0,0.0,0.0,0.0,0.0,0.0,0.0,0.0,0.0,0.0,0.0,0.0,0.0,0.0,0.0,0.0,0.0,0.0,0.0,0.0,0.0,0.0,0.0,0.0,0.0,0.0,0.0,0.0,0.0,0.0,0.0,0.0,0.0,0.0,0.0,0.0,0.0,0.0,0.0,0.0,0.0,0.0,0.0,0.0,0.0,0.0,0.0,0.0,0.0,0.0,0.0,0.0,0.0,0.0,0.0,0.0,0.0,0.0,0.0,0.0,0.0,0.0,0.0,0.0,0.0,0.0,0.0,0.0,0.0,0.0,0.0,0.0,4.602442264556885,0.0,0.0,4.029358863830566,0.0,0.0,0.0,0.0,0.0,0.0,0.0,0.0,0.0,0.0,0.0,0.0,0.0,0.0,0.0,0.0,0.0,0.0,0.0,0.0,0.0,0.0,0.0,0.0,0.0,0.0,0.0,0.0,0.0,0.0,0.0,0.0,0.0,0.0,0.0,0.0,0.0,0.0,0.0,0.0,0.0,0.0,0.0,0.0,0.0,0.0,0.0,0.0,0.0,0.0,0.0,0.0,0.0,0.0,0.0,0.0,0.0,0.0,0.0,0.0,0.0,0.0,0.0,0.0,0.0,0.0,0.0,0.0,0.0,0.0,0.0,0.0,0.0,0.0,0.0,0.0,0.0,0.0,0.0,0.0,0.0,0.0,0.0,0.0,0.0,0.0,0.0,0.0,0.0,0.0,0.0,0.0,19.65252113342285,0.0,0.0,0.0,0.0,0.0,0.0,0.0,0.0,0.0,0.0,0.0,0.0,0.0,0.0,0.0,0.0,0.0,0.0,0.0,0.0,0.0,0.0,0.0,0.0,0.0,0.0,58.39669418334961,0.0,0.0,0.0,0.0,0.0,0.0,8.611677169799805,0.0,0.0,0.0,0.0,0.0,0.0,0.0,0.0,0.0,0.0,0.0,0.0,0.0,0.0,0.0,2.5802531242370605,23.1050968170166,0.0,0.0,0.0,0.0,23.135047912597656,0.0,0.0,0.0,0.0,0.0,0.0,0.0,0.0,0.0,0.0,0.0,0.0,0.0,0.0,0.0,66.8324203491211,0.0,0.0,0.0,0.0,0.0,0.0,0.0,0.0,0.0,0.0,0.0,0.0,0.0,0.0,0.0,0.0,0.0,0.0,0.0,0.0,7.485499382019043,0.0,0.0,0.0,0.0,0.0,0.0,0.0,0.0,0.0,0.0,0.0,0.0,0.0,0.0,0.0,0.0,0.0,0.0,0.0,0.0,0.0,0.0,0.0,0.0,0.0,0.0,0.0,0.0,0.811926007270813,0.0,0.0,0.0,0.0,0.0,3.3714842796325684,0.0,0.0,0.0,0.0,0.0,0.0,0.0,0.0,0.0,0.0,0.0,0.0,0.0,0.0,0.0,0.0,0.0,0.0,0.0,0.0,0.0,0.0,0.0,0.0,0.0,0.0,0.0,0.0,0.0,0.0,0.0,0.0,0.0,0.0,0.0,0.0,0.0,0.0,0.0,0.0,1.4563945531845093,4.00347900390625,0.0,0.0,0.0,0.0,0.0,0.0,0.0,0.0,0.0,0.0,0.0,0.0,0.0,0.0,0.0,0.0,0.0,0.0,0.0,0.0,0.0,0.0,0.0,0.0,0.0,0.0,0.0,0.0,0.0,0.0,0.0,0.0,0.0,0.0,0.0,0.0,0.0,0.0,0.0,0.0,0.0,0.0,0.0,0.0,0.0,0.0,0.0,0.0,0.0,16.757221221923828,0.0,0.0,0.0,0.0,0.0,0.0,0.0,0.0,0.0,0.0,0.0,0.0,0.0,0.0,0.0,0.0,0.0,0.0,0.0,0.0,0.0,0.0,53.35340881347656,0.0,0.0,0.0,0.0,0.0,0.0,0.0,0.0,0.0,0.0,0.0,0.0,0.0,0.0,0.0,0.0,0.0,25.563047409057617,0.0,0.0,0.0,0.0,0.0,0.0,0.0,0.0,0.0,0.0,0.0,0.0,0.0,0.0,0.0,0.0,0.0,0.0,0.0,0.0,0.0,0.0,0.0,0.0,0.0,0.0,0.0,0.0,0.0,0.0,0.0,0.0,0.0,0.0,0.0,0.0,0.0,0.0,0.0,0.0,0.0,0.0,0.0,0.0,0.0,0.0,0.0,0.0,0.0,0.0,0.0,0.0,0.0,0.0,0.0,0.0,0.0,0.0,0.0,0.0,7.747973442077637,0.0,0.0,0.0,0.0,0.0,0.0,29.448522567749023,0.0,0.0,0.0,0.0,0.0,0.0,0.0,0.0,0.0,0.0,0.0,0.0,0.0,0.0,0.0,0.0,0.0,0.0,0.0,0.0,0.0,4.087695121765137,0.0,0.0,0.0,0.0,0.0,0.0,0.0,0.0,0.0,0.0,0.0,0.0,0.0,0.0,0.0,0.0,0.0,0.0,0.0,0.0,0.0,0.0,0.0,0.0,0.0,0.0,0.0,0.0,0.0,0.0,0.0,0.0,0.0,0.0,0.0,0.0,0.0,0.0,0.0,0.0,0.0,0.0,0.0,0.0,0.0,0.0,0.0,0.0,0.0,0.0,0.0,0.0,0.0,0.0,0.0,0.0,0.0,0.0,0.0,0.0,0.0,0.0,0.0,0.0,0.0,0.0,0.0,33.988101959228516,0.0,0.0,0.0,0.0,0.0,12.044721603393555,0.0,0.0,0.0,0.0,0.0,0.0,12.037395477294922,0.0,0.0,4.1752610206604,0.0,0.0,0.0,0.0,0.0,0.0,0.0,0.0,0.0,0.0,0.0,0.0,0.0,0.0,0.0,0.0,0.0,0.0,0.0,0.0,0.0,0.0,0.0,0.0,0.0,0.0,0.0,0.0,0.0,0.0,0.0,0.0,0.0,0.0,0.0,0.0,0.0,0.0,0.8224592208862305,0.0,0.0,0.0,0.0,0.0,0.0,0.0,0.0,0.0,0.0,0.0,0.0,0.0,0.0,0.0,0.0,0.0,0.0,0.0,0.0,0.0,0.0,0.0,0.0,0.0,0.0,0.0,0.0,0.0,0.0,0.0,0.0,0.0,0.0,0.0,0.0,0.0,16.48448944091797,0.0,0.0,0.0,0.0,0.0,0.0,0.0,0.0,0.0,0.0,0.0,0.0,0.0,0.0,0.0,0.0,0.0,0.0,0.0,0.0,0.0,0.0,0.0,0.0,0.0,0.0,68.97149658203125,0.0,0.0,0.0,0.0,0.0,0.0,8.854418754577637,0.0,0.0,0.0,0.0,0.0,0.0,0.0,0.0,0.0,0.0,0.0,0.0,0.0,0.0,0.0,2.957071304321289,10.593915939331055,0.0,0.0,0.0,0.0,41.403907775878906,0.0,0.0,0.0,0.0,0.0,0.0,0.0,0.0,0.0,0.0,0.0,0.0,0.0,0.0,0.0,90.2577896118164,0.0,0.0,0.0,0.0,0.0,24.617380142211914,0.0,0.0,0.0,0.0,0.0,0.0,0.0,0.0,0.0,0.0,0.0,0.0,0.0,0.0,0.0,0.0,0.0,0.0,0.0,0.0,0.0,0.0,0.0,0.0,0.0,0.0,0.0,0.0,0.0,0.0,0.0,0.0,0.0,0.0,0.0,0.0,0.0,0.0,0.0,0.0,0.0,0.0,0.0,5.913675308227539,0.0,0.0,0.0,0.0,0.0,33.399559020996094,0.0,0.0,0.0,0.0,0.0,0.0,0.0,0.0,0.0,0.0,0.0,0.0,0.0,0.0,0.0,0.0,0.0,0.0,0.0,0.0,0.0,0.0,0.0,0.0,0.0,0.0,0.0,0.0,0.0,0.0,0.0,0.0,0.0,0.0,0.0,0.0,0.0,0.0,0.0,0.0,11.533349990844727,0.0,0.0,0.0,0.0,0.0,0.0,0.0,0.0,0.0,0.0,0.0,0.0,0.0,0.0,0.0,0.0,0.0,19.15439796447754,0.0,0.0,0.0,0.0,0.0,0.0,0.0,0.0,0.0,0.0,0.0,0.0,0.0,0.0,0.0,0.0,0.0,0.0,0.0,0.0,0.0,0.2915361225605011,0.0,0.0,0.0,0.0,0.0,0.0,0.0,0.0,0.0,0.0,11.236945152282715,0.0,0.0,0.0,0.0,0.0,0.0,0.0,0.0,0.0,0.0,0.0,0.0,0.0,0.0,0.0,0.0,0.0,0.0,0.0,0.0,0.0,0.0,58.37171173095703,0.0,0.0,0.0,0.0,0.0,0.0,0.0,0.0,0.0,0.0,0.0,0.0,0.0,0.8287251591682434,0.0,0.0,0.0,13.518970489501953,0.0,0.0,0.0,0.0,0.0,0.0,0.0,0.0,0.0,0.0,0.0,0.0,0.0,0.0,0.0,0.0,0.0,0.0,0.0,0.0,0.0,0.0,0.0,0.0,0.0,0.0,0.0,0.0,0.0,0.0,0.0,0.0,0.0,0.0,0.0,0.0,0.0,0.0,0.0,0.0,0.0,0.0,0.0,0.0,0.0,0.0,0.0,0.0,0.0,0.0,0.0,0.0,0.0,0.0,0.0,0.0,0.0,0.0,0.0,0.0,4.655029773712158,0.0,0.0,0.0,0.0,33.194183349609375,0.0,0.0,0.0,1.5239064693450928,0.0,0.0,0.0,5.1965789794921875,0.0,0.0,0.0,5.269284248352051,0.0,0.0,9.699481964111328,0.0,0.0,0.0,0.0,0.0,0.0,0.0,0.0,9.585082054138184,0.0,0.0,0.0,0.0,0.0,0.0,0.0,0.0,0.0,0.0,0.0,0.0,0.0,0.0,0.0,0.0,0.0,0.0,0.0,0.0,0.0,0.0,2.0721542835235596,19.373992919921875,0.0,0.0,0.0,0.0,0.0,10.809349060058594,0.0,0.0,0.0,0.0,0.0,0.0,0.0,0.0,0.0,0.0,0.0,0.0,0.0,0.0,0.0,0.0,0.0,0.0,0.0,0.0,0.0,0.0,2.660247802734375,0.0,0.0,0.0,0.0,0.0,0.0,0.0,0.0,0.0,0.0,0.0,0.0,0.0,0.0,29.91402244567871,0.0,0.0,0.0,0.0,17.25690269470215,11.393060684204102,0.0,0.0,0.0,9.248502731323242,11.723628044128418,0.0,9.871066093444824,0.0,0.0,20.020145416259766,0.0,0.0,0.0,0.0,0.0,0.0,0.0,0.0,0.0,0.0,20.226581573486328,0.0,0.0,0.0,15.047036170959473,0.0,5.64363431930542,0.0,0.0,10.445361137390137,0.0,3.3655099868774414,0.0,0.0,0.0,0.0,0.0,0.0,0.0,0.0,0.0,0.0,0.0,0.0,25.45734977722168,0.0,0.0,0.0,5.025341033935547,0.0,0.0,4.03411340713501,0.0,16.660465240478516,0.0,0.0,0.0,2.3630340099334717,0.0,0.0,0.0,0.0,9.726079940795898,0.0,0.0,0.0,0.0,0.0,0.0,0.0,0.0,0.0,0.0,0.0,0.0,0.0,0.0,0.0,0.0,0.0,0.0,0.0,0.0,0.0,0.0,0.0,5.4079694747924805,0.0,0.0,0.0,0.0,15.168096542358398,0.0,0.0,0.0,0.0,0.0,0.0,0.0,0.0,0.0,0.0,0.0,0.0,24.25069236755371,0.0,0.0,0.0,0.0,0.0,0.0,0.0,0.0,24.39163589477539,0.3321719169616699,0.0,0.0,0.0,0.0,0.0,9.711121559143066,0.0,0.0,0.0,0.0,0.0,0.0,0.0,0.0,0.0,0.0,0.0,0.0,0.0,0.0,0.0,0.0,0.0,0.0,0.0,0.0,1.4673659801483154,29.733362197875977,0.0,0.0,0.0,0.0,13.96595287322998,0.0,0.0,0.0,0.0,0.0,0.0,0.0,0.0,0.0,0.0,25.93366241455078,0.0,21.758052825927734,0.0,6.1045451164245605,0.0,39.41038513183594,0.0,0.0,19.642955780029297,0.0,0.0,0.0,0.0,0.0,0.0,0.0,0.0,0.0,0.0,0.0,0.0,0.0,0.0,10.994269371032715,0.0,7.2299323081970215,0.0,8.730005264282227,17.16353416442871,14.697985649108887,0.0,0.0,12.12974739074707,15.121684074401855,0.0,0.0,0.0,0.0,0.0,0.0,0.0,3.749544620513916,0.0,0.0,0.0,0.0,0.0,0.0,0.0,9.24062442779541,0.0,0.0,0.0,0.0,0.0,35.960105895996094,0.0,0.0,0.0,4.313406944274902,0.0,0.0,0.0,0.0,0.0,0.0,0.0,0.0,0.0,0.0,0.0,0.0,0.0,0.0,0.0,0.0,0.0,0.0,0.0,0.0,0.0,0.0,0.0,0.0,0.0,0.0,0.0,0.0,0.0,0.0,21.1336612701416,0.0,0.0,0.0,0.0,0.0,6.093023300170898,2.5120413303375244,0.0,0.0,10.027896881103516,0.0,0.0,0.0,0.0,45.22802734375,0.0,0.0,0.0,11.524006843566895,0.0,0.0,0.0,0.0,22.0701904296875,0.0,11.74075984954834,0.0,0.0,0.0,0.0,0.0,0.0,0.0,0.0,1.3271411657333374,0.0,0.0,0.0,0.0,0.0,0.0,0.0,2.634097099304199,0.0,0.0,5.350838661193848,0.0,14.503277778625488,0.0,0.0,0.0,0.0,0.0,0.0,0.0,0.0,0.0,0.0,0.0,0.0,9.564598083496094,0.0,0.0,0.0,0.0,0.0,0.0,0.0,5.109346389770508,0.0,10.367759704589844,0.0,0.0,0.0,0.0,0.0,0.0,2.9395503997802734,0.0,25.579030990600586,0.0,0.0,2.0684664249420166,0.0,5.298774719238281,0.0,0.0,0.0,0.0,0.0,0.0,0.0,0.0,0.0,0.0,0.0,0.0,0.0,0.0,0.0,15.920032501220703,0.0,0.0,0.0,0.0,0.0,0.0,13.341306686401367,0.0,0.0,0.0,0.0,0.0,0.0,0.0,0.0,0.0,0.0,0.0,0.0,0.0,0.0,0.0,0.0,0.0,0.0,0.0,0.0,23.572343826293945,0.0,0.0,0.0,0.0,0.0,0.0,0.0,0.0,0.0,0.0,0.0,0.0,0.0,1.8061134815216064,0.0,0.0,11.606512069702148,0.0,0.0,0.0,0.0,0.0,0.0,0.0,0.0,0.0,0.0,0.0,0.0,0.0,0.0,0.0,0.0,0.0,6.703128337860107,0.0,0.0,0.0,0.28994178771972656,0.0,0.0,0.0,0.0,0.0,0.0,0.0,0.0,0.0,0.0,0.0,0.0,0.0,0.0,0.0,0.0,0.0,0.0,0.0,0.0,0.0,0.0,0.0,0.0,0.0,0.0,0.0,0.0,0.0,0.0,0.0,0.0,0.0,0.0,0.0,0.0,0.0,0.0,0.0,1.5572497844696045,0.0,0.0,0.0,27.24612045288086,0.0,0.0,0.0,0.0,0.0,0.0,0.0,0.0,0.0,0.0,0.0,0.0,3.6233763694763184,0.0,0.0,0.0,0.0,0.0,0.0,0.0,0.0,0.0,0.0,0.0,0.0,0.0,0.0,0.0,7.487449645996094,0.0,0.0,0.0,0.0,0.0,0.0,0.0,0.0,0.0,0.0,0.0,0.0,0.0,0.0,0.0,0.0,0.0,0.0,0.0,0.0,0.0,0.0,0.0,0.0,16.714637756347656,0.0,0.0,28.443313598632812,0.0,0.0,0.0,0.0,0.0,0.0,0.0,0.0,0.0,0.0,0.0,0.0,0.0,0.0,0.0,0.0,0.0,9.236736297607422,0.0,0.0,0.0,0.0,0.0,0.0,0.0,0.0,0.0,0.0,0.0,0.0,0.0,0.0,0.0,0.0,0.0,0.0,0.0,19.16851806640625,0.0,0.0,0.0,4.2036004066467285,0.0,0.0,0.0,0.0,0.0,0.0,0.0,1.6664068698883057,16.999195098876953,0.0,0.0,0.0,0.0,0.6629738807678223,0.0,0.0,0.0,0.0,0.0,0.0,0.0,0.0,0.0,0.0,23.650827407836914,0.0,0.0,0.0,0.0,2.6518261432647705,0.0,0.0,0.0,0.0,0.0,0.0,0.0,21.896583557128906,0.0,0.0,0.0,0.0,0.0,0.0,0.0,0.0,0.0,0.0,0.0,0.0,0.0,0.0,0.0,0.0,0.0,8.102018356323242,0.0,0.0,0.0,12.8894681930542,0.0,0.0,0.0,0.0,0.0,7.769914627075195,0.0,0.0,4.8446550369262695,0.0,0.0,7.035148620605469,0.0,0.0,0.0,0.0,0.0,0.0,0.0,0.0,0.0,0.0,0.0,0.0,0.0,0.0,0.0,0.0,0.0,0.0,0.0,0.0,0.0,0.0,0.0,0.0,0.0,0.0,0.8376684188842773,0.0,0.0,0.0,0.0,0.0,0.0,0.0,0.0,0.0,0.0,0.0,0.0,0.0,0.0,0.0,0.0,0.0,0.0,0.0,0.0,0.0,0.0,0.0,0.0,0.0,0.0,6.463127136230469,0.0,0.0,0.0,0.0,0.0,0.0,0.0,1.7972700595855713,0.0,0.0,0.0,10.325539588928223,0.0,0.0,0.0,0.0,60.096824645996094,0.0,0.0,0.0,0.0,0.0,0.0,0.0,0.0,0.0,0.0,0.0,0.0,0.0,0.0,0.0,0.0,38.02621841430664,0.0,0.0,0.0,0.0,0.0,15.20813274383545,0.0,0.0,0.0,2.790541410446167,0.0,0.0,0.0,0.0,0.0,0.0,0.0,0.0,0.0,0.0,0.0,0.0,0.0,0.0,0.0,0.0,0.0,0.0,0.0,0.0,0.0,0.0,0.0,0.0,0.0,0.0,0.0,0.0,0.0,0.0,2.1570777893066406,0.0,0.0,0.0,0.0,0.0,0.0,0.0,0.0,0.0,0.0,0.0,0.0,0.0,0.0,24.272571563720703,0.0,0.0,5.371163845062256,0.0,0.0,0.0,0.0,0.0,0.0,0.0,34.37638854980469,0.0,0.0,0.0,0.0,0.0,0.0,0.0,0.0,0.0,0.0,0.0,0.0,1.9300439357757568,0.0,0.0,0.0,0.0,0.0,0.0,15.887409210205078,0.0,0.0,0.0,0.0,0.0,0.0,0.0,0.0,0.0,0.0,0.0,0.0,0.0,0.0,9.852654457092285,0.0,0.0,0.0,0.0,0.0,0.0,0.0,6.536251544952393,0.0,0.0,0.0,0.0,0.0,0.0,0.0,0.0,0.0,0.0,0.0,0.0,0.0,0.0,0.0,0.0,0.0,0.0,0.0,0.0,0.0,0.0,0.0,0.0,0.0,4.290548801422119,0.0,0.0,0.0,0.0,0.0,3.4907915592193604,0.0,0.0,0.0,0.0,0.0,0.0,7.990015029907227,0.0,0.0,0.0,0.0,0.0,0.0,0.0,0.0,0.0,0.0,0.0,0.0,0.0,0.0,0.0,2.9795501232147217,0.0,0.0,4.798422813415527,0.0,0.0,0.0,0.0,0.0,0.0,0.0,0.0,0.0,4.009707450866699,0.0,1.9129146337509155,0.0,0.0,0.0,3.347905158996582,0.0,0.0,0.0,0.0,0.0,0.0,0.0,0.0,0.0,0.0,0.0,3.8887956142425537,0.0,0.0,0.0,16.394771575927734,0.0,0.0,0.0,0.0,0.0,0.0,51.55079650878906,0.0,21.576770782470703,0.0,0.0,0.0,0.0,0.0,0.0,0.7295079231262207,0.0,0.0,0.0,12.339813232421875,0.0,0.0,0.0,0.0,0.0,0.0,0.0,0.0,24.410419464111328,0.0,0.0,0.0,0.0,0.0,0.0,0.0,0.0,0.0,0.0,0.0,0.0,0.0,0.0,0.0,0.0,0.0,0.0,0.0,0.0,0.0,0.0,0.0,34.770999908447266,0.0,0.0,0.0,0.0,0.0,0.0,0.0,0.0,0.0,0.0,0.0,0.0,26.075868606567383,0.0,0.0,0.0,0.0,0.0,0.0,0.0,0.0,0.0,0.0,0.0,0.0,0.0,0.0,0.0,9.654894828796387,0.0,0.0,0.0,0.0,0.0,0.0,0.0,0.0,0.0,0.0,0.0,22.128293991088867,0.0,0.0,0.0,0.0,0.0,0.0,0.0,0.0,0.0,0.0,0.008772611618041992,0.0,0.0,0.0,0.0,20.678253173828125,0.0,0.0,0.0,2.7304344177246094,0.0,0.0,0.0,0.0,0.0,0.0,0.0,0.0,0.0,4.390464782714844,0.0,0.0,0.0,0.0,0.0,0.0,0.0,0.0,1.0346635580062866,0.0,0.06272703409194946,2.840620517730713,0.0,0.0,0.0,0.0,0.0,0.0,0.0,0.0,0.0,0.0,0.0,0.0,0.0,17.473676681518555,0.0,11.40893840789795,0.0,5.146358013153076,0.0,0.0,2.133151054382324,0.0,0.0,0.0,16.82733726501465,0.0,0.0,0.0,0.0,19.511917114257812,0.0,0.0,0.0,0.0,0.0,0.0,0.0,11.687788009643555,0.0,0.0,6.099532127380371,0.0,0.0,0.0,0.0,0.0,0.0,0.0,0.0,0.0,0.0,0.0,0.0,33.44869613647461,0.0,0.0,0.0,0.0,0.0,0.0,0.0,0.0,0.0,0.0,0.0,0.0,0.0,0.0,0.0,0.0,0.0,9.069201469421387,0.0,0.0,0.0,0.0,0.0,0.0,0.0,0.0,21.263225555419922,0.0,0.0,0.0,3.8155417442321777,0.0,0.0,23.098310470581055,0.0,0.0,0.0,0.0,0.0,0.0,0.0,0.0,0.0,0.0,0.0,0.0,0.0,0.0,0.0,0.0,0.0,0.0,0.0,0.0,1.2989578247070312,5.231380939483643,0.0,0.0,0.0,0.0,10.06840991973877,0.0,20.467639923095703,0.0,0.0,0.0,0.0,0.0,0.0,0.0,0.0,64.3063735961914,0.0,0.0,0.0,0.0,0.0,22.983993530273438,10.37246322631836,0.0,0.0,24.66822052001953,0.0,0.0,1.863232970237732,0.0,0.0,0.0,0.0,0.0,0.0,0.0,0.0,0.0,0.0,9.470632553100586,0.0,0.0,0.0,0.0,0.0,0.0,0.0,0.0,56.29768753051758,0.0,0.0,0.0,0.0,0.0,0.0,0.0,0.0,0.0,0.0,0.0,0.0,0.0,0.0,0.0,0.0,21.519487380981445,5.658112049102783,0.0,0.0,13.309749603271484,0.0,21.642358779907227,0.0,0.7037306427955627,0.0,15.63276195526123,0.0,0.0,0.0,0.0,0.0,0.0,0.0,0.0,0.0,0.0,0.0,0.0,0.0,0.0,0.0,0.0,0.0,0.0,0.0,0.0,0.0,0.0,0.0,0.0,0.0,0.0,0.0,0.0,0.49276894330978394,0.0,2.5994668006896973,0.0,0.0,0.0,0.0,0.0,14.473625183105469,0.0,0.0,5.995795249938965,0.0,2.6798598766326904,0.0,0.0,0.0,16.59230613708496,0.0,0.0,6.541021823883057,0.0,0.0,0.0,0.0,0.0,0.0,0.0,0.0,8.02933120727539,0.0,0.0,0.0,0.0,0.0,0.0,0.0,0.0,0.0,0.0,0.0,1.3103001117706299,0.0,0.0,0.0,0.025130823254585266,0.0,0.0,18.847190856933594,0.0,0.0,0.0,0.2714061141014099,0.0,0.0,0.0,0.0,3.4497158527374268,0.0,0.0,4.953336238861084,0.0,0.0,0.0,0.0,0.0,0.0,0.0,0.0,2.724867105484009,0.0,0.0,0.0,0.0,0.0,0.0,0.0,0.0,0.0,0.0,0.0,0.0,41.70735549926758,1.3312188386917114,0.0,0.0,0.0,10.597795486450195,0.0,0.0,0.0,0.0,0.0,0.0,0.0,0.0,0.0,5.733466148376465,0.0,0.0,0.0,0.0,0.0,0.0,0.0,0.0,0.0,0.0,0.0,0.0,6.390066623687744,0.0,0.0,0.0,0.0,0.0,0.0,0.0,0.0,0.0,0.0,0.0,0.0,0.0,0.0,0.0,0.0,0.0,0.0,0.0,0.0,0.0,17.659992218017578,0.0,0.0,0.0,0.0,0.0,0.0,0.0,0.0,14.526692390441895,0.0,0.0,0.0,28.914215087890625,0.0,0.0,0.0,0.0,0.0,0.0,0.0,0.0,0.0,1.975656509399414,0.0,0.0,0.0,0.0,0.0,8.889847755432129,3.4589149951934814,0.0,0.0,0.0,0.0,0.0,47.083740234375,0.0,1.9336670637130737,0.0,0.0,0.0,0.0,0.0,0.0,0.3507023751735687,0.0,0.0,0.0,8.093214988708496,0.0,0.0,0.0,0.0,0.0,0.0,0.0,0.0,10.281647682189941,0.0,0.0,0.0,0.0,0.0,0.0,0.0,0.0,0.0,0.0,0.0,0.0,0.0,0.0,0.0,0.0,0.0,0.0,0.0,0.0,0.0,3.4217636585235596,0.0,0.0,0.0,0.0,0.0,0.0,0.0,0.0,0.0,0.0,0.0,0.0,0.0,0.0,14.721968650817871,0.0,0.0,0.0,0.0,0.0,0.0,0.0,0.0,0.0,0.0,0.0,0.0,0.0,0.0,0.0,0.0,0.0,2.1416685581207275,0.0,0.0,0.0,0.0,0.0,0.0,0.0,0.0,0.0,33.015037536621094,0.0,2.53935170173645,4.7346954345703125,0.0,0.0,0.0,0.0,0.0,0.0,0.0,0.0,0.0,0.0,0.0,0.0,0.0,0.0,0.0,0.0,0.0,0.0,0.0,0.0,0.0,0.0,0.0,0.0,0.0,0.0,0.0,0.0,0.0,0.0,0.0,0.0,0.0,0.0,0.0,0.0,0.0,0.0,0.0,0.0,0.0,1.2811355590820312,0.0,0.0,0.0,0.0,0.0,0.0,0.0,0.0,0.0,0.0,19.609487533569336,0.0,10.154570579528809,0.0,11.060537338256836,0.0,0.0,0.0,0.0,0.0,0.0,8.277021408081055,0.0,0.0,0.0,0.0,0.0,0.0,0.0,0.0,0.0,0.0,0.0,0.0,0.7284397482872009,0.0,0.0,0.0,0.0,0.0,0.0,0.0,0.0,0.0,0.0,0.0,0.0,0.0,0.0,0.0,15.932246208190918,0.0,0.0,0.0,0.0,0.0,0.0,0.0,0.0,0.0,0.0,0.0,0.7575288414955139,0.0,0.0,0.0,0.0,0.0,0.0,0.0,0.5005763173103333,0.0,0.0,0.0,0.0,0.0,0.0,27.96784019470215,0.0,0.0,0.0,0.0,0.0,0.0,24.11197280883789,0.0,0.0,0.0,0.0,0.0,0.0,0.0,1.0509779453277588,0.0,0.0,0.0,0.0,0.0,0.0,0.0,0.0,9.436845779418945,0.0,0.0,0.0,0.0,11.887993812561035,0.0,0.0,0.0,0.0,15.175636291503906,0.0,18.677223205566406,0.0,0.0,0.0,0.0,0.0,0.0,0.0,0.0,56.84801483154297,0.0,0.0,0.0,0.0,0.0,21.917184829711914,0.0,0.0,0.0,13.7941312789917,0.0,0.0,0.0,0.0,0.0,0.0,0.0,0.0,0.0,0.0,0.0,0.0,0.0,0.0,0.0,0.0,0.0,0.0,0.0,0.0,0.0,0.0,10.416088104248047,0.0,0.0,0.0,0.0,0.0,0.0,0.0,0.0,0.0,0.0,0.0,0.0,0.0,0.0,0.0,0.0,16.674625396728516,0.0,0.0,0.0,0.0,0.0,20.45170783996582,0.0,3.69356107711792,0.0,3.0876498222351074,0.0,0.0,0.0,0.0,0.0,0.0,0.0,0.0,0.0,0.0,0.0,0.0,0.0,0.0,0.0,0.0,0.0,0.0,0.0,0.0,0.0,0.0,0.0,0.0,0.0,0.0,0.0,0.0,12.101349830627441,0.0,0.0,0.0,0.0,0.0,0.0,0.0,12.873982429504395,0.0,0.0,0.0,0.0,0.0,0.0,0.0,0.0,0.0,0.0,0.0,0.0,0.0,0.0,0.0,0.0,0.0,0.0,0.0,0.0,14.554203033447266,0.0,0.0,0.0,0.0,0.0,0.0,3.477646827697754,0.0,0.0,5.028750419616699,0.0,0.0,0.0,0.0,0.0,0.0,0.0,0.0,0.0,0.0,0.0,0.0,0.0,0.0,0.0,0.0,0.0,0.0,0.0,0.0,0.0,0.0,0.0,0.0,0.0,0.0,0.0,0.0,0.0,0.0,0.0,0.0,0.0,0.0,0.0,0.0,0.0,0.0,0.0,0.0,0.0,0.0,36.24239730834961,0.0,0.0,0.0,0.0,11.297445297241211,0.0,0.0,0.0,0.0,0.0,0.0,0.0,0.0,0.0,0.0,2.000155210494995,0.0,0.0,1.3630427122116089,0.0,0.0,0.0,0.0,0.0,0.0,0.0,0.0,0.0,0.0,0.0,0.0,0.0,10.21388053894043,0.0,0.0,0.0,0.0,0.0,0.0,0.0,0.0,0.0,0.0,0.0,0.0,0.0,0.0,0.0,0.0,11.678094863891602,0.0,0.0,0.0,0.0,0.0,0.0,0.0,0.0,0.0,0.0,0.0,0.0,14.020624160766602,0.0,0.0,0.0,0.0,0.0,0.0,0.0,0.0,0.0,5.912646293640137,0.0,0.0,0.0,0.0,0.0,0.0,5.506316661834717,0.0,0.0,0.0,0.0,0.0,12.29442024230957,0.0,0.0,0.0,0.0,0.0,0.0,0.0,0.0,0.0,0.0,0.0,0.0,3.392796039581299,0.30949997901916504,0.0,0.0,0.0,0.0,0.0,0.0,0.0,0.0,0.9973064661026001,0.0,3.7529349327087402,0.0,0.0,0.0,0.0,0.0,0.0,0.0,0.0,0.0,0.0,0.0,0.0,0.0,0.0,0.0,0.0,0.0,0.0,0.0,0.0,0.0,0.0,0.0,0.0,0.0,0.0,3.0859463214874268,0.0,0.0,0.0,0.0,0.0,0.0,0.0,0.0,0.0,0.0,0.0,0.0,0.0,0.0,0.6706348061561584,0.0,0.0,0.0,0.0,0.0,0.0,0.0,0.0,0.0,13.943881034851074,0.0,0.0,0.0,0.0,0.0,0.0,0.0,0.0,0.0,8.936246871948242,0.0,0.0,4.6646246910095215,0.0,0.0,0.0,0.0,0.0,0.0,0.0,0.0,0.0,0.0,0.0,0.0,0.0,0.0,0.0,15.270148277282715,0.0,0.0,0.0,0.0,0.0,0.0,0.0,0.0,0.0,0.0,0.0,0.0,0.0,0.0,0.0,0.0,0.0,0.0,0.0,0.0,0.0,0.0,0.0,0.0,0.0,1.822691559791565,0.0,0.0,0.0,0.0,0.0,0.0,0.0,0.0,0.0,0.0,11.104180335998535,0.0,8.406320571899414,0.0,13.642332077026367,0.0,0.0,0.0,0.0,0.0,0.0,0.0,0.0,0.0,0.0,0.0,0.0,0.0,0.0,0.0,0.0,0.0,0.0,0.0,0.0,0.0,0.0,0.0,0.0,0.0,0.0,0.0,0.0,0.0,0.0,0.0,0.0,0.0,0.0,0.0,12.16268253326416,0.0,0.0,0.0,0.0,0.0,0.0,0.0,0.0,0.0,0.0,0.0,0.0,0.0,0.0,0.0,0.0,0.0,0.0,0.0,0.0,0.0,0.0,0.0,0.0,0.0,0.0,21.556730270385742,0.0,0.0,0.0,0.0,0.0,0.0,20.26845359802246,0.0,0.0,0.0,0.0,0.0,0.0,0.0,0.0,0.0,0.0,0.0,0.0,0.0,0.0,0.0,3.38948392868042,10.03011417388916,0.0,0.0,0.0,0.0,11.975543022155762,4.652923107147217,0.0,0.0,0.0,8.488920211791992,0.0,0.0,0.0,0.0,0.0,0.0,0.0,0.0,0.0,0.0,15.998581886291504,0.0,0.0,0.0,0.0,0.0,0.0,0.0,0.0,0.0,0.0,0.0,0.0,0.0,0.0,0.0,0.0,0.0,0.0,0.0,0.0,7.408638000488281,0.0,0.0,0.0,0.0,0.0,0.0,0.0,0.0,0.0,0.0,0.0,0.0,0.0,0.0,0.0,0.0,0.0,0.0,0.0,0.0,0.0,0.0,0.0,0.0,0.0,0.0,0.0,0.0,8.76240348815918,0.0,0.0,0.0,0.0,0.0,15.535650253295898,0.0,0.0,0.0,0.0,0.0,0.0,0.0,0.0,0.0,0.0,0.0,0.0,0.0,0.0,0.0,0.0,0.0,0.0,0.0,0.0,0.0,0.0,0.0,0.0,0.0,0.0,0.0,0.0,0.0,0.0,0.0,0.0,4.289644241333008,0.0,0.0,0.0,0.0,7.244105815887451,0.0,0.0,16.996614456176758,0.0,0.0,0.0,0.0,0.0,0.0,0.0,0.0,0.0,0.0,0.0,1.1033917665481567,0.0,0.0,0.0,0.0,0.0,6.503940105438232,0.0,0.0,0.1451806128025055,0.0,0.0,0.0,0.0,0.0,0.0,1.1919679641723633,0.0,0.0,2.873328685760498,0.0,0.0,0.0,0.0,0.0,0.0,0.0,0.0,0.0,0.0,0.0,0.0,1.4323049783706665,0.0,0.0,0.0,0.0,0.0,0.0,4.250217914581299,0.0,0.0,0.0,0.0,0.0,0.0,0.0,0.0,0.0,0.0,0.0,0.0,0.0,0.0,0.0,0.0,0.0,0.0,0.0,0.0,0.0,0.0,15.524489402770996,0.0,0.0,0.0,0.0,8.165918350219727,0.0,0.0,0.0,0.0,0.0,0.0,0.0,0.0,0.0,0.0,0.0,0.0,5.325692176818848,2.4728586673736572,0.0,0.0,0.0,0.0,0.0,0.0,0.0,0.0,0.0,0.0,0.0,0.0,0.0,4.986419200897217,0.0,0.0,0.0,0.0,0.0,0.0,0.0,0.0,0.0,0.0,0.0,0.0,5.520524024963379,0.0,0.0,0.0,9.93903923034668,0.0,2.9388251304626465,0.0,0.0,0.0,0.0,0.0,0.0,0.0,0.0,0.0,0.0,0.0,0.0,0.0,0.0,0.0,0.0,0.0,0.0,0.0,0.0,0.0,0.0,0.0,0.0,0.0,0.0,10.392698287963867,0.0,0.0,0.0,0.0,0.0,0.0,19.605731964111328,0.0,9.829643249511719,0.0,0.0,0.0,0.0,0.0,0.0,0.0,0.0,0.0,0.0,0.0,0.0,0.0,0.0,0.0,0.0,0.0,0.0,0.0,0.0,0.0,0.0,0.0,0.0,0.0,0.0,0.0,0.0,0.0,0.0,0.0,0.0,0.0,0.0,0.0,0.0,0.0,0.0,0.0,0.0,0.0,0.0,0.0,0.0,0.0,0.0,0.0,0.0,0.0,0.0,0.0,0.0,0.0,0.0,0.0,0.0,0.0,0.0,0.0,0.0,0.0,0.0,0.0,0.0,0.0,0.0,0.0,0.0,0.0,0.0,0.0,0.0,0.0,0.0,9.559134483337402,0.0,0.0,0.0,0.0,0.0,0.0,0.0,0.0,0.0,14.570212364196777,0.0,0.0,3.5319910049438477,0.0,0.0,0.0,0.0,0.0,18.52637481689453,0.0,0.0,0.0,0.0,0.0,0.0,0.0,0.0,0.0,22.232982635498047,0.0,0.0,0.0,0.0,0.0,0.0,0.0,0.0,0.0,0.0,0.0,0.0,0.0,0.0,0.0,0.0,0.0,0.0,0.0,0.0,0.0,0.0,0.0,0.0,0.0,0.0,0.0,0.0,0.0,0.0,0.0,0.0,0.0,0.0,0.0,0.0,1.7884968519210815,0.0,5.578864097595215,0.0,10.905012130737305,0.0,0.0,0.0,0.0,0.0,0.0,0.0,0.0,0.0,0.0,0.0,0.0,0.0,0.0,0.0,0.0,0.0,0.0,0.0,0.0,0.0,0.0,0.0,0.0,0.0,0.0,0.0,0.0,0.0,0.0,0.0,0.0,0.0,0.0,0.0,31.747037887573242,0.0,0.0,0.0,0.0,0.0,0.0,0.0,0.0,0.0,0.0,0.0,0.0,0.0,0.0,0.0,0.0,0.0,0.0,0.0,0.0,0.0,0.0,0.0,0.0,0.0,0.0,33.6971321105957,0.0,0.0,0.0,0.0,0.0,0.0,20.740196228027344,0.0,0.0,0.0,0.0,0.0,0.0,0.0,0.0,0.0,0.0,0.0,0.0,0.0,0.0,0.0,0.0,6.608486652374268,0.0,0.0,0.0,0.0,17.386253356933594,7.426009654998779,0.0,0.0,0.0,0.0,0.0,0.0,0.0,0.0,0.0,0.0,0.0,0.0,0.0,0.0,53.03867721557617,0.0,0.0,0.0,0.0,0.0,18.58792495727539,0.0,0.0,0.0,0.0,0.0,0.0,1.0168184041976929,0.0,0.0,0.0,0.0,0.0,0.0,0.0,1.9333206415176392,0.0,0.0,0.0,0.0,0.0,0.0,0.0,0.0,0.0,0.0,0.0,0.0,0.0,0.0,0.0,0.0,0.0,0.0,0.0,0.0,0.0,0.0,0.0,0.0,0.0,0.0,0.0,0.0,20.51900291442871,0.0,0.0,0.0,0.0,0.0,41.0073356628418,0.0,0.0,0.0,0.0,0.0,0.0,0.0,0.0,0.0,0.0,0.0,0.0,0.0,0.0,0.0,0.0,0.0,0.0,0.0,0.0,0.0,0.0,0.0,0.0,0.0,0.0,0.0,0.0,0.0,0.0,0.0,0.0,0.0,0.0,0.0,0.0,0.0,0.0,0.0,0.0,25.928020477294922,0.0,0.0,0.0,0.0,0.0,0.0,0.0,0.0,0.0,0.0,0.0,0.9611506462097168,0.0,0.0,0.6627870798110962,0.0,0.0,6.177239894866943,0.0,0.0,1.4722427129745483,0.0,0.0,0.0,0.0,0.0,0.0,0.0,0.0,0.0,0.0,0.0,0.0,0.0,0.0,0.0,0.0,0.0,0.0,0.0,0.0,0.0,0.0,0.0,0.0,0.0,0.0,0.0,0.0,0.0,0.0,0.0,0.0,0.0,0.0,0.0,0.0,0.0,0.0,0.0,0.0,0.0,0.0,0.0,0.0,0.0,0.5539849400520325,0.0,0.0,0.0,0.0,0.0,0.0,23.61144256591797,0.0,0.0,0.0,0.0,10.25074577331543,0.0,0.0,0.0,0.0,0.0,0.0,0.0,0.0,0.0,0.0,0.0,0.0,17.648761749267578,0.0,0.0,0.0,0.0,0.0,0.0,0.0,0.0,0.0,0.0,0.0,0.0,0.0,0.0,5.38595724105835,0.0,0.0,0.0,0.0,0.0,0.0,0.0,0.0,0.0,0.0,0.0,0.0,5.644900321960449,0.0,0.0,0.0,0.0,0.0,0.0,0.0,0.0,0.0,0.0,0.0,0.0,0.0,0.0,0.0,0.0,0.0,0.0,0.0,0.0,0.0,0.0,0.0,0.0,0.0,0.0,0.0,0.0,0.0,0.0,0.0,0.0,24.050424575805664,0.0,0.0,0.0,0.0,13.684625625610352,0.0,19.395572662353516,0.0,16.717811584472656,0.0,0.0,0.0,0.0,0.0,0.0,0.0,0.0,0.0,0.0,0.0,0.0,0.0,0.0,0.0,0.0,0.0,0.0,0.0,12.3007173538208,0.0,0.0,0.0,0.0,0.0,0.0,0.0,0.0,0.0,0.0,0.0,0.0,0.0,0.0,0.0,0.0,0.0,0.0,0.0,0.0,0.0,0.0,0.0,0.0,0.0,0.0,0.0,0.0,0.0,0.0,0.0,0.0,0.0,0.0,0.0,0.0,0.0,0.0,0.0,0.0,0.0,0.0,0.0,0.0,0.0,0.0,0.0,0.0,0.0,0.0,0.0,0.0,0.0,0.0,0.0,0.0,0.0,0.0,10.46580696105957,0.0,0.0,0.0,0.0,0.0,2.4274096488952637,0.0,0.0,1.9296728372573853,0.0,0.0,0.0,0.0,0.0,17.64961051940918,0.0,0.0,0.0,0.0,0.0,0.0,6.756539821624756,0.0,0.0,24.89084815979004,0.0,0.0,0.0,0.0,0.0,0.0,0.0,0.0,0.0,0.0,0.0,0.0,0.0,0.0,0.0,0.0,0.0,0.0,0.0,0.0,0.0,0.0,0.0,0.0,0.0,0.0,0.0,0.0,0.0,0.0,0.0,0.0,0.0,0.0,0.0,0.0,0.0,0.0,3.655994415283203,0.0,3.0797135829925537,0.0,0.0,9.141364097595215,0.0,0.0,0.0,11.873283386230469,0.0,0.0,0.0,0.0,0.0,0.0,0.0,0.0,0.0,0.0,0.0,0.0,0.0,0.0,0.0,0.0,0.0,0.0,0.0,0.0,0.0,0.0,0.0,0.0,0.0,0.0,0.0,0.0,38.79719161987305,0.0,0.0,0.0,0.0,3.8422250747680664,0.0,0.0,0.0,0.0,0.0,0.0,0.0,0.0,0.0,0.0,0.0,0.0,2.3855535984039307,0.0,0.0,0.0,1.209712266921997,0.0,0.0,0.0,0.0,36.84888458251953,0.0,0.0,0.0,0.0,0.0,0.0,23.703378677368164,0.0,0.0,0.0,0.0,0.0,0.0,0.0,0.0,0.0,0.0,0.0,0.0,0.0,0.0,0.0,0.0,0.0,0.0,0.0,0.0,0.0,30.812707901000977,4.172548770904541,0.0,0.0,0.0,28.598543167114258,0.0,13.051544189453125,0.0,0.0,0.0,0.0,0.0,0.0,0.0,0.0,79.42527770996094,0.0,0.0,0.0,0.0,0.0,44.783790588378906,7.853361129760742,0.0,20.174301147460938,0.0,0.0,0.0,0.0,0.0,0.0,0.0,0.0,0.0,0.0,0.0,0.0,0.0,0.0,0.0,0.0,0.0,0.0,0.0,0.0,0.0,0.0,0.0,12.605348587036133,0.0,0.0,0.0,0.0,0.0,0.0,0.0,0.0,0.0,0.0,0.0,0.0,0.0,0.0,0.0,0.0,20.834247589111328,0.0,0.0,0.0,0.0,0.0,48.67205810546875,0.0,5.782313346862793,0.0,5.7465901374816895,0.0,0.0,0.0,0.0,0.0,0.0,0.0,0.0,0.0,0.0,0.0,0.0,0.0,0.0,0.0,0.0,0.0,0.0,0.0,0.0,0.0,0.0,0.0,0.0,0.0,0.0,0.0,0.0,0.0,0.0,0.0,0.0,0.0,0.0,0.0,0.0,16.054712295532227,0.0,0.0,0.0,0.0,0.0,0.0,0.0,0.0,0.0,0.0,0.0,0.0,0.0,0.0,1.3295021057128906,0.0,0.0,19.243391036987305,0.0,0.0,8.291415214538574,0.0,0.0,0.0,0.0,0.0,0.0,0.0,0.0,0.0,0.0,0.0,0.0,0.0,0.0,0.0,0.0,0.0,0.0,9.881742477416992,0.0,0.0,0.0,0.0,0.0,0.0,0.0,0.0,36.63756561279297,0.0,0.0,0.0,0.0,0.0,0.0,0.0,0.0,0.0,0.0,0.0,0.0,0.0,0.0,0.0,0.0,0.0,4.458209037780762,0.0,0.0,0.0,0.0,0.0,0.0,58.72076416015625,0.7350457310676575,0.0,0.0,0.0,15.900142669677734,0.0,0.0,0.0,0.0,0.0,0.0,0.0,0.0,0.0,0.0,0.0,0.0,16.22014617919922,0.0,0.0,0.0,0.0,0.0,0.0,0.0,0.0,0.0,0.0,0.0,0.0,0.0,0.0,0.4172450304031372,0.0,0.0,0.0,0.0,0.0,0.0,0.0,0.0,0.0,0.0,0.0,0.0,0.0,0.0,0.0,0.0,5.412665843963623,0.0,0.0,0.0,0.0,0.0,0.0,0.0,0.0,0.0,0.0,0.0,0.0,0.0,0.0,0.0,0.0,0.0,0.0,0.0,0.0,0.0,0.0,0.0,0.0,0.0,0.0,0.0,0.0,0.0,0.0,0.0,0.0,0.0,52.72789001464844,0.0,0.0,0.0,0.0,0.0,0.0,0.0,0.0,0.0,0.0,0.0,0.0,0.0,0.0,10.909549713134766,0.0,0.0,0.0,0.0,0.0,0.0,0.0,0.0,0.0,0.29764944314956665,0.0,0.0,0.0,0.0,0.0,0.0,0.0,0.0,0.0,0.0,0.0,0.0,0.0,0.0,0.0,0.0,0.0,0.0,0.0,0.0,0.0,0.0,1.7134902477264404,0.0,0.0,0.0,0.0,0.0,0.0,0.0,0.0,0.0,0.0,0.0,0.0,0.0,0.0,0.0,0.0,0.0,0.0,0.0,0.0,0.0,0.0,0.0,0.0,0.0,0.0,0.0,0.0,4.292476654052734,0.0,0.0,0.0,0.0,0.0,1.2576987743377686,0.0,0.0,0.0,0.0,0.0,0.0,0.0,0.0,0.0,0.0,0.0,2.8196399211883545,0.0,0.0,0.0,0.0,0.0,0.0,12.180988311767578,11.824761390686035,0.0,18.66930389404297,0.0,0.0,8.121539115905762,0.0,0.0,0.0,0.0,0.0,0.0,0.0,0.0,0.0,0.0,16.032106399536133,0.0,0.0,0.0,0.0,0.0,0.0,0.0,0.0,0.9286438226699829,0.0,0.0,0.0,0.0,0.0,0.0,0.0,0.0,0.0,0.0,0.0,0.0,0.0,0.0,26.433557510375977,0.0,0.0,0.0,3.2526350021362305,0.0,0.0,0.0,0.0,10.501194953918457,0.0,0.0,0.0,12.774322509765625,0.0,0.0,0.0,0.0,5.477830410003662,0.0,0.0,0.0,0.0,0.0,0.0,0.0,0.0,0.0,0.0,0.0,0.0,0.0,0.0,0.0,0.0,0.0,0.0,0.0,0.0,0.0,0.0,0.0,23.857742309570312,0.0,0.0,0.0,0.0,13.266114234924316,0.0,0.0,0.0,0.0,0.0,0.0,9.676527976989746,0.0,0.0,0.0,0.0,0.0,25.949941635131836,0.0,0.0,0.0,0.0,0.0,0.0,0.0,0.0,2.864274501800537,0.0,0.0,0.0,0.0,0.0,0.0,6.841350078582764,0.0,0.0,0.0,0.0,0.0,0.0,0.0,0.0,0.0,0.0,0.0,0.0,0.0,0.0,0.0,0.0,0.0,0.0,0.0,0.0,0.0,15.169191360473633,0.0,0.0,0.0,0.0,25.7437744140625,0.0,15.698816299438477,0.0,0.0,0.0,0.0,0.0,0.0,0.0,0.0,9.79234504699707,0.0,7.083324909210205,0.0,0.0,0.0,38.9626579284668,0.0,0.0,34.98260498046875,0.0,0.0,0.0,0.0,0.0,0.0,0.0,0.0,0.0,0.0,0.0,0.0,0.0,0.0,21.43901824951172,0.0,0.0,0.0,0.0,7.8127665519714355,0.0,0.0,0.0,20.602807998657227,0.0,0.0,0.0,0.0,0.0,0.0,0.0,0.0,0.0,0.0,0.0,0.0,0.0,0.0,0.0,0.0,22.207035064697266,0.0,0.0,0.0,0.0,0.0,32.10087585449219,0.0,12.740174293518066,0.0,0.0,0.0,0.0,0.0,0.0,0.0,0.0,0.0,0.0,0.0,0.0,0.0,0.0,0.0,0.0,0.0,0.0,0.0,0.0,0.0,0.0,0.0,0.0,0.0,0.0,0.0,0.0,0.0,0.0,0.0,0.0,1.189717173576355,0.0,0.0,0.0,0.0,0.0,0.0,0.0,0.0,0.0,0.0,0.0,0.0,0.0,0.0,30.55865478515625,0.0,0.0,0.0,5.142224311828613,0.0,0.0,0.0,0.0,18.955698013305664,0.0,0.0,0.0,0.0,0.0,0.0,0.0,0.0,0.0,0.0,0.0,0.0,0.0,0.0,0.0,0.0,0.0,0.0,0.0,0.0,0.0,6.507658004760742,0.0,0.0,0.0,0.0,1.5740313529968262,0.0,0.0,0.0,21.797481536865234,0.0,0.0,0.0,0.0,0.0,7.86806058883667,0.0,0.0,0.0,1.3573939800262451,0.0,0.0,0.0,0.0,0.0,0.0,0.0,0.0,0.0,0.0,0.0,0.0,0.0,0.0,33.260292053222656,0.0,0.0,0.0,0.0,6.07123327255249,0.0,0.0,0.0,0.0,0.0,0.0,0.0,0.0,0.0,5.398579120635986,0.0,0.0,0.0,4.1663594245910645,0.0,4.787968635559082,0.0,0.0,0.0,0.0,0.0,0.0,0.0,0.0,0.0,0.0,0.0,0.0,0.0,0.0,0.0,0.0,0.0,0.0,0.0,0.0,0.0,0.0,0.0,0.0,0.0,0.0,0.0,10.84407901763916,4.093202114105225,0.0,0.0,0.0,0.0,0.0,0.0,0.0,0.0,0.0,0.0,0.0,0.0,0.0,0.0,0.0,0.0,0.0,0.0,0.0,0.0,0.0,0.0,0.0,0.0,0.0
n000455_4.jpg,0.0,0.0,0.0,14.45827579498291,0.0,0.0,0.0,0.0,0.0,0.0,0.0,0.0,0.0,9.100629806518555,0.0,0.0,0.0,17.442689895629883,0.0,0.0,16.580543518066406,0.0,0.0,0.0,0.0,0.0,0.0,0.0,0.0,0.0,0.0,0.0,1.0769659280776978,0.0,0.0,0.0,0.0,0.0,0.0,0.0,0.0,0.0,0.0,0.0,0.0,0.0,0.0,0.0,0.0,4.546853542327881,0.0,0.0,0.0,0.0,0.0,0.0,21.752227783203125,0.0,0.0,0.0,0.0,0.0,0.0,0.0,0.0,0.0,0.0,0.0,0.0,0.0,0.0,0.0,0.0,0.0,0.0,0.0,0.0,0.0,0.0,0.0,16.83446502685547,0.0,0.0,0.0,0.0,0.0,0.0,0.0,9.615612983703613,1.8755230903625488,0.0,0.0,0.0,0.0,0.0,0.0,0.0,0.0,0.0,0.0,0.0,0.0,0.0,0.0,0.0,12.99073600769043,0.0,0.0,0.0,0.0,0.0,0.0,2.5624425411224365,22.083980560302734,0.0,0.0,0.0,0.0,0.0,0.0,0.0,0.0,16.33865737915039,0.0,0.0,0.0,0.0,20.387296676635742,0.0,0.0,0.0,1.68218994140625,4.6663641929626465,0.0,0.0,0.0,0.0,0.0,3.861506462097168,0.0,0.0,0.0,0.0,0.0,0.0,0.0,0.0,0.0,0.0,0.0,0.0,5.03665828704834,0.0,0.0,0.0,12.527956008911133,0.0,0.0,0.0,0.0,0.0,0.0,0.0,0.0,0.0,0.0,0.0,0.0,0.0,0.0,0.0,0.0,0.0,0.0,0.0,0.0,0.0,0.0,0.0,0.0,0.0,0.0,0.0,0.0,0.0,0.0,0.0,0.0,0.0,0.0,0.0,0.0,0.0,0.0,0.0,0.0,0.0,0.0,0.0,0.0,0.0,0.0,0.0,0.0,0.0,8.829511642456055,0.0,0.0,0.0,0.0,0.0,18.238685607910156,0.0,0.0,0.0,0.0,0.0,0.0,0.0,0.0,0.0,0.0,0.0,0.0,0.0,0.0,0.0,0.0,0.0,0.0,0.0,0.0,0.0,0.0,0.0,0.0,0.0,0.0,0.0,0.0,0.0,0.0,0.0,0.0,0.19418102502822876,0.0,0.0,0.0,0.0,12.054203987121582,0.0,0.0,0.0,0.0,24.253599166870117,0.0,0.0,0.0,0.0,0.0,0.0,0.0,0.0,0.0,0.0,0.0,0.0,0.0,0.0,36.73060989379883,0.0,0.0,0.0,0.0,0.0,0.0,0.0,0.0,0.0,0.0,0.0,6.1957926750183105,0.0,0.0,0.0,0.0,0.0,0.0,0.0,0.0,0.0,0.0,0.0,0.0,14.923643112182617,0.0,0.0,0.0,0.0,1.595624327659607,0.0,0.0,0.0,0.0,0.0,0.0,0.0,0.0,0.0,0.0,0.0,0.0,0.0,0.0,0.0,38.754920959472656,0.0,0.0,0.0,0.0,0.0,19.490386962890625,0.0,0.0,0.0,0.0,0.0,0.0,0.0,0.0,0.0,0.0,0.0,0.0,0.0,0.0,0.0,0.0,22.55885124206543,0.0,0.0,0.0,0.0,0.0,0.0,1.0338001251220703,8.00071907043457,0.0,0.0,0.0,0.0,0.0,0.0,0.0,0.0,0.0,0.0,0.0,0.0,0.0,0.0,0.0,0.0,0.0,17.1674747467041,0.0,0.0,0.0,0.0,0.0,0.0,42.14895248413086,6.457266807556152,0.0,0.0,16.92696189880371,0.0,0.0,1.5215661525726318,0.0,0.0,0.0,0.0,0.0,0.0,0.0,0.0,0.0,0.0,0.0,0.0,0.0,0.0,0.0,4.3531341552734375,0.0,0.0,0.0,0.0,0.0,0.0,5.9593024253845215,10.733166694641113,0.0,0.0,0.0,0.0,0.0,0.0,0.0,0.0,0.0,1.1577249765396118,2.7384228706359863,0.0,0.0,0.0,3.177448272705078,0.0,0.0,0.0,0.0,0.0,0.0,0.0,0.0,0.0,0.0,0.0,0.0,0.0,0.0,0.0,0.0,1.7678070068359375,0.0,0.0,0.0,0.0,0.0,0.0,0.0,0.0,0.0,0.0,0.0,0.0,0.0,0.0,0.0,0.0,0.0,0.0,0.0,0.0,0.0,19.287841796875,0.0,0.0,0.0,0.0,0.0,0.0,0.0,0.0,0.0,0.0,0.0,0.0,0.0,0.0,0.0,0.0,0.0,0.0,0.0,0.0,9.381302833557129,0.0,0.0,0.0,0.0,0.0,0.0,0.0,0.0,1.8942770957946777,0.0,0.0,0.0,0.0,0.0,0.0,22.528066635131836,0.0,0.6283041834831238,0.0,0.0,0.0,0.0,0.0,0.0,7.2986674308776855,0.0,0.0,0.0,0.0,0.0,0.0,0.0,0.0,0.0,0.0,0.0,0.0,9.136396408081055,0.0,0.0,0.0,0.0,0.0,0.0,0.0,0.0,9.310351371765137,13.571453094482422,0.0,0.0,0.0,21.846120834350586,0.0,0.0,10.611851692199707,0.0,0.0,0.0,0.0,0.0,0.0,2.167875289916992,0.0,0.0,0.0,0.0,0.0,0.0,0.0,0.0,0.0,0.0,0.0,0.0,0.0,0.0,0.0,0.0,0.0,0.0,0.0,0.0,0.0,10.933920860290527,0.0,0.0,0.0,0.0,0.0,0.0,15.5226411819458,0.0,0.0,0.0,0.0,0.0,0.0,0.0,0.0,0.0,0.0,0.0,0.0,0.0,0.0,0.0,0.0,0.0,2.707803726196289,0.0,0.0,0.0,0.0,0.0,1.685923457145691,0.0,0.0,0.0,0.0,0.0,0.0,0.0,1.6746270656585693,0.0,0.0,0.0,0.0,0.0,0.0,0.0,0.0,0.0,0.0,0.0,0.0,0.0,0.0,0.0,0.0,9.737059593200684,0.0,0.0,0.0,0.0,0.0,0.0,0.0,2.4665520191192627,0.0,0.0,0.0,0.0,0.0,0.0,0.0,0.0,2.1135785579681396,0.0,0.0,0.0,0.0,2.7084929943084717,0.0,0.0,0.0,7.367115497589111,13.281967163085938,0.0,0.0,0.0,0.0,0.0,0.0,0.0,0.0,0.0,0.0,0.0,0.0,0.16624152660369873,0.0,0.0,0.0,0.0,0.0,0.0,0.0,0.0,0.0,13.93364143371582,0.0,0.0,0.0,0.0,0.0,0.0,0.0,0.0,0.0,0.0,0.0,0.0,0.0,0.0,0.0,0.0,0.0,0.0,0.0,0.0,0.0,0.0,0.0,0.0,0.0,0.0,0.0,0.0,0.0,0.0,0.0,0.0,0.0,0.0,0.0,0.0,0.0,0.0,0.0,0.0,0.0,0.0,0.0,9.028717041015625,0.0,0.0,0.0,0.0,0.0,3.804321765899658,0.0,0.0,0.0,0.0,0.0,2.722604513168335,0.0,0.0,0.0,0.0,0.0,0.0,0.0,0.0,0.0,0.0,0.0,0.0,0.0,0.0,0.0,0.0,0.0,0.0,0.0,0.0,0.0,0.0,0.0,0.0,0.0,0.0,0.0,0.0,0.0,0.0,0.0,0.0,0.0,0.0,0.0,0.0,0.0,2.590049982070923,0.0,0.0,0.0,0.0,23.637243270874023,0.0,0.0,0.0,0.0,0.0,0.0,0.0,0.0,0.0,0.0,0.0,0.0,0.0,0.0,12.04837703704834,0.0,0.0,0.0,8.39420223236084,0.0,0.0,0.0,0.0,0.0,0.0,0.0,0.1798679381608963,0.0,0.0,0.0,0.0,0.0,0.0,0.0,0.0,0.0,0.0,0.0,0.0,14.916613578796387,0.0,0.0,0.17977550625801086,0.0,0.0,0.0,0.0,0.0,0.0,0.0,0.0,0.0,0.0,0.0,0.0,0.0,0.0,0.0,0.0,0.0,18.561838150024414,0.0,0.0,0.0,0.0,0.0,0.0,0.0,12.019963264465332,0.0,0.0,0.0,0.0,0.0,0.0,0.0,0.0,0.0,0.0,0.0,0.0,0.0,0.0,6.680346488952637,0.0,0.0,0.0,0.0,0.0,0.0,0.0,21.664846420288086,0.0,0.0,0.0,0.0,0.0,0.0,0.0,0.0,0.0,0.0,0.0,0.0,0.0,0.0,0.0,0.0,0.0,36.513824462890625,0.0,0.0,0.0,0.0,0.0,0.0,19.451597213745117,6.4127655029296875,0.0,0.0,9.074342727661133,0.0,0.0,0.0,0.0,0.0,0.0,3.31076979637146,0.0,0.0,0.0,0.0,0.0,0.0,0.0,0.0,0.0,0.0,0.0,0.0,0.0,0.0,0.0,0.0,0.0,0.0,1.991747498512268,2.3305916786193848,0.0,0.0,0.0,0.0,0.0,0.0,0.0,0.0,0.0,0.0,0.0,4.997056484222412,0.0,0.0,0.0,0.0,0.0,0.0,0.0,0.0,0.0,0.0,0.0,0.0,0.0,0.0,0.0,0.0,0.0,0.0,0.0,0.0,0.0,0.0,0.5815113186836243,0.0,0.0,0.0,0.0,0.0,0.0,7.47763204574585,0.0,0.0,0.0,0.0,0.0,0.0,0.0,0.0,0.0,0.0,0.0,16.545793533325195,6.5411696434021,0.0,0.0,0.0,0.0,0.0,0.0,0.0,0.0,0.0,0.0,0.0,0.0,0.0,0.0,0.0,5.181295871734619,0.0,0.0,0.0,0.0,0.0,0.0,0.0,0.0,0.0,0.0,0.0,0.0,0.0,0.0,0.0,0.0,0.0,0.0,0.0,19.368274688720703,0.0,0.0,0.0,0.0,0.0,0.0,0.0,0.0,0.0,0.0,0.0,0.0,0.0,0.0,0.0,0.0,0.0,0.0,0.0,0.0,0.0,13.390188217163086,0.0,0.0,0.0,0.0,2.8881731033325195,0.0,0.0,0.0,12.744694709777832,19.121356964111328,0.0,0.0,0.0,16.62919807434082,0.0,0.0,0.0,0.0,7.1317009925842285,0.0,0.0,0.0,0.0,0.8192610144615173,0.0,1.0203213691711426,0.0,0.0,0.0,0.0,0.0,0.0,0.0,0.0,2.466555118560791,0.0,0.0,13.65267562866211,0.0,0.0,0.0,0.2549263834953308,0.0,0.6022530794143677,0.0,13.937868118286133,0.0,0.0,0.0,0.0,0.0,0.0,5.8391571044921875,0.0,0.0,0.0,2.4762020111083984,0.0,1.8953361511230469,0.0,3.5874390602111816,0.0,0.0,0.0,0.0,0.0,0.0,0.0,0.0,0.0,8.410768508911133,0.0,0.0,0.0,0.0,0.0,0.0,12.590795516967773,0.0,0.0,0.0,0.0,0.0,0.0,0.0,4.816930770874023,4.3208746910095215,0.0,0.0,0.0,0.0,0.0,0.0,0.0,0.0,0.0,0.0,0.0,0.0,0.0,0.0,0.0,0.0,0.0,0.0,0.0,0.0,17.15671157836914,17.46002769470215,1.5807470083236694,0.0,14.13960075378418,0.0,0.0,0.0,0.0,0.0,0.0,0.0,0.0,0.0,0.0,0.0,0.0,0.0,0.0,0.0,12.037995338439941,15.116364479064941,0.0,0.0,0.0,0.0,0.0,0.0,0.0,0.0,0.0,0.0,0.0,0.0,0.0,0.0,0.0,0.0,0.0,0.0,22.58787727355957,0.0,0.0,0.0,4.68904447555542,0.0,0.0,16.035327911376953,0.0,0.0,0.0,0.0,0.0,0.0,11.487371444702148,0.0,0.0,0.0,7.512312412261963,0.0,0.0,0.0,0.0,0.0,0.0,0.0,0.0,0.0,0.0,0.0,0.0,0.0,0.0,0.0,0.0,0.0,0.0,0.0,16.093935012817383,0.0,0.0,0.0,0.0,0.0,0.0,0.0,0.0,7.770479202270508,15.295937538146973,0.0,0.0,1.635617971420288,0.0,6.59067964553833,6.431811332702637,0.0,0.0,8.856724739074707,9.634207725524902,0.0,8.314818382263184,0.5513966083526611,0.0,0.0,6.6780171394348145,0.0,0.0,4.242114067077637,0.0,0.6242257952690125,8.578689575195312,0.0,0.0,0.0,0.0,0.0,0.0,0.0,0.0,0.0,0.0,0.0,0.0,0.0,0.0,0.0,0.0,0.0,0.0,0.0,0.0,0.0,0.0,0.0,0.0,0.0,0.0,0.0,14.055824279785156,0.0,0.0,0.0,0.0,22.761825561523438,0.0,0.0,0.0,0.0,0.0,0.0,0.0,0.0,0.0,0.0,0.0,0.0,0.0,0.0,7.142660140991211,0.0,0.0,0.0,23.879119873046875,0.0,0.0,0.0,0.0,0.0,0.0,0.0,0.0,0.0,0.0,0.0,0.0,0.0,0.0,0.0,4.771320819854736,0.0,0.0,0.0,5.316655158996582,4.3298821449279785,22.09623146057129,0.0,11.715493202209473,0.0,0.0,0.0,0.0,0.0,0.0,0.0,2.8322267532348633,0.0,0.0,0.0,0.0,0.0,0.0,0.0,11.602033615112305,0.0,10.814129829406738,0.0,0.0,0.0,0.0,0.0,13.24816608428955,0.0,23.42392349243164,0.0,0.0,0.0,0.0,0.0,0.0,0.0,0.0,0.0,0.0,0.0,0.0,0.0,0.0,0.0,0.0,0.0,7.616924285888672,0.0,0.0,0.0,0.0,26.196325302124023,0.0,0.0,0.0,0.0,0.0,0.0,0.0,0.0,0.0,0.0,0.0,0.0,0.0,0.9916812777519226,0.0,0.0,0.0,43.88090896606445,0.726854681968689,0.0,0.0,0.0,0.0,0.0,19.514841079711914,0.0,0.0,0.0,2.4523062705993652,0.0,0.0,0.0,0.0,0.0,0.0,11.31709098815918,0.0,0.0,0.0,0.0,0.0,0.0,0.0,3.1699113845825195,0.0,0.0,0.0,13.546954154968262,0.0,0.0,0.0,0.0,0.0,0.0,2.6653518676757812,5.363647937774658,0.0,1.922114610671997,0.0,0.0,0.0,0.0,11.29490852355957,0.0,0.0,0.0,0.0,8.308987617492676,0.0,0.0,0.0,0.0,0.0,0.0,0.0,0.0,0.0,0.0,0.0,0.0,0.0,0.0,0.0,0.0,0.0,0.0,0.0,0.0,0.0,12.490533828735352,0.0,0.0,0.0,0.0,0.0,0.0,0.0,3.5538902282714844,0.0,0.0,2.0297367572784424,0.0,0.0,0.0,0.0,0.0,0.0,0.0,0.0,15.540393829345703,7.505362510681152,0.0,0.0,0.0,0.0,0.0,0.0,0.0,0.0,0.0,0.0,0.0,0.0,0.0,0.0,0.0,11.580317497253418,0.0,0.0,0.0,0.0,0.0,0.0,0.0,5.674482345581055,0.0,0.0,0.0,0.0,0.0,0.0,0.0,0.0,0.0,0.0,0.0,15.317170143127441,0.0,0.0,0.43718379735946655,0.0,0.0,0.0,0.0,0.0,9.284501075744629,0.0,0.0,0.0,0.0,0.0,0.0,0.0,0.0,0.0,0.0,0.0,0.2615545392036438,16.425193786621094,0.0,0.0,0.0,0.0,36.2963752746582,0.0,0.0,0.0,0.0,6.334263324737549,0.0,0.0,1.2224583625793457,0.2632865607738495,0.0,0.0,4.965064525604248,0.0,5.72984504699707,0.0,0.0,0.0,0.0,0.0,0.0,0.0,0.0,0.0,0.0,0.0,0.0,0.0,0.0,0.0,7.445523738861084,0.0,0.0,10.145869255065918,0.0,0.0,0.0,1.2420988082885742,0.0,0.0,0.8905771374702454,9.394539833068848,0.0,0.0,0.0,0.0,0.0,0.0,0.0,0.0,0.0,0.0,0.0,0.0,5.192249298095703,0.0,0.0,0.0,0.0,0.0,0.0,0.0,13.68360710144043,0.0,0.0,0.0,4.31775426864624,0.0,0.0,1.6836862564086914,0.0,0.0,8.030450820922852,6.895075798034668,0.0,0.0,0.0,5.262011528015137,0.0,0.5678353309631348,0.0,1.7277743816375732,10.505864143371582,0.0,0.12268850207328796,0.0,0.0,0.0,0.0,0.0,0.0,0.0,6.3843994140625,0.0,0.0,0.0,0.5594459772109985,8.120676040649414,0.0,0.0,0.0,0.0,11.919013023376465,31.19181251525879,21.97012710571289,15.175159454345703,0.0,12.449798583984375,0.0,11.37700366973877,0.0,0.0,0.0,10.244808197021484,0.0,0.0,0.0,0.0,0.0,13.172000885009766,0.0,2.782975196838379,0.0,0.0,0.0,0.0,0.0,0.0,0.0,0.0,0.0,0.0,0.0,0.0,0.0,0.0,0.0,0.0,0.0,0.0,0.0,0.0,0.5963893532752991,31.50779914855957,0.0,0.0,0.0,10.947517395019531,0.0,0.0,17.057188034057617,3.6952500343322754,0.0,0.0,0.0,0.0,0.0,10.674001693725586,0.0,3.0193190574645996,0.0,8.82601261138916,0.0,0.0,0.0,0.0,0.0,0.0,0.0,0.0,0.0,0.0,9.020914077758789,8.132140159606934,0.0,0.0,0.0,0.0,0.0,0.0,0.0,12.760028839111328,0.0,0.0,0.0,0.0,0.0,0.0,0.0,0.0,15.765277862548828,1.7504463195800781,0.0,0.0,5.86505126953125,0.0,10.069903373718262,13.040800094604492,0.0,0.0,20.100584030151367,9.367157936096191,0.0,21.485294342041016,0.0,0.0,0.0,0.0,0.0,0.0,8.606451988220215,0.0,0.0,9.877403259277344,0.05636819824576378,4.8473944664001465,0.0,0.0,0.0,0.0,0.0,0.0,0.0,0.0,0.0,0.0,0.0,0.0,0.0,0.0,0.0,0.0,0.0,0.0,0.0,0.0,0.0,0.0,0.0,0.0,0.0,12.301555633544922,0.0,0.0,1.6927196979522705,0.0,18.238784790039062,0.0,0.2154834270477295,0.0,0.0,0.0,0.0,0.0,0.0,0.0,0.0,0.0,0.0,0.0,1.2471578121185303,1.2868824005126953,0.0,0.0,0.0,28.716829299926758,4.819254398345947,0.0,0.0,0.0,13.889710426330566,0.0,0.0,0.0,0.0,0.0,0.0,0.0,0.0,0.0,0.0,33.82368087768555,0.0,1.7312179803848267,0.0,5.101685047149658,0.695516049861908,13.628924369812012,0.0,14.342392921447754,0.0,7.370563983917236,0.0,0.0,0.0,0.0,0.0,0.0,0.0,0.0,0.0,0.0,0.0,0.0,0.0,13.005902290344238,0.0,4.310704231262207,0.0,0.0,5.723523139953613,0.0,2.688551425933838,28.682981491088867,0.0,5.087233066558838,0.0,0.0,0.0,0.0,0.0,0.0,0.0,0.0,0.0,0.0,0.0,0.0,0.0,0.0,0.0,0.0,0.0,3.455063581466675,0.0,0.0,0.0,0.0,9.328388214111328,0.0,11.368295669555664,0.0,0.0,0.0,0.0,0.0,4.9101338386535645,0.0,0.0,0.0,0.0,0.0,0.0,0.0,3.917227268218994,0.0,18.578245162963867,0.0,24.064611434936523,16.0743408203125,0.0,0.0,0.0,35.274131774902344,0.0,0.0,0.0,11.916120529174805,0.0,0.0,0.0,0.0,0.0,0.0,7.335964679718018,0.0,0.0,0.0,0.0,0.0,0.0,17.782127380371094,0.0,0.0,8.818350791931152,0.0,22.748945236206055,0.0,0.0,0.0,0.0,0.0,0.0,4.951450824737549,3.000088691711426,14.51531982421875,0.0,0.0,1.6607418060302734,0.0,0.4427235424518585,13.230030059814453,0.0,0.0,0.0,2.4010915756225586,7.838647365570068,0.0,0.0,0.0,0.0,0.0,0.0,18.3380126953125,2.0891687870025635,0.0,0.0,0.0,0.0,21.934621810913086,0.0,0.0,0.0,0.0,0.0,0.0,0.0,0.0,13.674298286437988,0.0,0.0,0.0,0.0,0.0,0.0,0.0,0.0,0.0,0.0,0.0,0.0,2.6841320991516113,0.0,0.0,0.0,0.0,0.0,0.0,1.9651552438735962,0.971131443977356,0.0,0.0,0.0,0.0,3.5053088665008545,0.0,0.0,0.0,0.0,0.0,0.0,0.0,0.0,0.0,0.0,5.081238746643066,0.0,0.0,0.0,0.0,0.0,0.0,0.0,0.0,0.0,0.0,0.0,19.84107780456543,0.0,0.0,0.0,0.0,0.0,0.0,0.0,23.761606216430664,0.0,0.0,0.0,0.0,0.0,0.0,0.0,0.0,16.42445945739746,0.0,0.0,0.0,0.0,0.0,0.0,0.0,0.0,0.0,0.0,0.0,0.0,7.990457534790039,0.0,0.0,0.0,19.206642150878906,21.509252548217773,0.0,0.0,0.0,0.0,7.609585762023926,0.0,0.0,8.161516189575195,0.0,0.0,0.0,1.2434889078140259,0.0,0.0,0.0,0.0,0.0,0.0,0.0,0.0,0.0,0.0,5.511654853820801,0.0,0.0,0.0,0.0,0.0,0.0,0.0,0.0,0.0,0.0,0.0,0.0,17.694427490234375,0.0,0.0,0.0,0.0,0.0,0.0,0.0,0.0,0.0,0.0,0.0,17.264135360717773,0.0,0.0,0.0,0.0,0.0,0.0,0.0,0.0,0.0,0.0,0.0,0.0,0.0,0.0,0.0,0.0,0.0,0.0,0.0,0.0,7.727925777435303,0.0,0.0,0.0,0.0,0.0,0.0,0.0,0.7522852420806885,0.0,3.936553478240967,0.0,0.0,0.0,0.0,14.890700340270996,0.0,0.0,0.0,0.0,0.0,0.0,3.0194530487060547,5.934920310974121,0.0,0.0,0.0,0.0,0.0,0.0,0.0,0.0,0.0,8.296198844909668,5.006595611572266,0.0,11.390149116516113,0.0,0.0,0.0,22.04798126220703,0.0,0.0,0.0,0.0,0.0,0.0,0.0,0.0,0.0,9.182134628295898,0.0,0.0,0.0,0.0,0.0,0.0,0.0,0.0,0.0,0.0,12.15304946899414,7.366847038269043,0.0,0.0,0.0,0.0,0.0,0.0,0.0,0.0,0.0,0.0,0.0,2.8486385345458984,0.0,0.0,0.0,8.573212623596191,0.0,0.0,7.870016098022461,2.826740026473999,0.0,0.0,0.0,0.0,0.0,0.0,0.0,0.0,0.0,0.0,0.0,0.0,0.0,0.0,0.0,0.0,0.0,2.7504379749298096,0.0,6.634282112121582,17.566547393798828,0.0,0.0,0.0,0.0,0.0,0.0,0.0,4.108758926391602,0.0,0.0,0.0,0.0,0.0,0.0,0.0,0.0,0.0,11.46743106842041,0.0,0.0,0.0,0.0,0.0,0.0,0.0,0.0,0.0,13.53268814086914,0.0,0.0,11.484329223632812,0.0,0.0,0.0,0.0,2.9807302951812744,0.0,0.0,0.0,0.0,0.0,0.0,2.69836163520813,0.0,0.0,0.0,10.568551063537598,2.6171538829803467,0.0,0.0,0.0,0.0,0.0,0.0,0.0,0.0,0.0,0.0,0.0,0.0,0.0,0.0,0.0,0.0,0.0,0.0,0.0,0.0,0.0,0.0,0.0,0.0,0.0,32.28851318359375,0.0,0.0,0.0,0.0,0.0,0.0,0.0,0.0,0.0,0.0,31.422067642211914,0.0,39.33372116088867,36.50555419921875,0.0,0.0,0.0,0.0,6.64638090133667,0.0,0.0,0.0,0.0,0.0,0.0,0.0,0.0,0.0,0.0,0.0,0.0,0.0,0.0,0.0,8.311580657958984,0.0,0.0,0.0,0.0,0.0,0.0,0.0,0.0,0.0,0.0,0.0,0.0,0.0,0.0,0.0,0.0,0.0,0.0,0.0,0.0,0.0,0.0,0.0,0.0,0.0,0.0,0.0,0.09734402596950531,15.084517478942871,0.0,2.483677864074707,24.35674476623535,0.0,0.0,0.0,0.0,0.0,0.0,0.0,0.0,0.0,0.0,0.0,0.0,0.0,0.0,0.0,0.0,0.0,0.0,0.0,0.0,0.0,0.0,0.0,0.0,0.0,0.0,0.0,0.0,0.0,0.0,0.0,0.0,0.0,0.0,0.0,0.0,8.175354957580566,0.0,0.0,0.0,0.0,0.0,0.0,0.0,5.336728572845459,18.525964736938477,0.0,0.0,0.0,33.9415283203125,0.0,0.0,0.0,0.0,0.0,0.0,0.0,0.0,11.0496187210083,0.0,0.0,0.0,0.0,0.0,0.0,0.0,0.0,25.934192657470703,0.0,0.0,0.0,0.0,2.2344906330108643,0.0,0.0,0.0,0.0,0.0,0.0,0.0,0.0,23.31131362915039,0.0,0.0,1.7130107879638672,0.0,0.0,0.0,0.0,0.0,0.0,0.0,0.0,0.0,0.0,0.0,0.0,0.0,0.0,15.760072708129883,0.0,0.0,0.0,0.0,0.0,12.308423042297363,0.0,0.0,0.0,0.0,0.0,0.0,0.0,0.0,15.07237720489502,0.0,0.0,0.0,0.0,0.0,0.0,0.0,0.0,0.0,0.0,0.0,0.0,1.2652935981750488,0.0,0.0,1.3248566389083862,0.0,0.0,0.0,0.0,0.0,0.0,0.0,0.0,0.0,0.0,0.0,0.0,0.0,0.0,0.0,0.0,0.0,0.0,0.0,0.0,0.0,0.0,0.0,0.0,0.0,3.146268367767334,0.0,0.0,0.0,0.0,0.0,0.0,17.67388153076172,5.170188903808594,0.0,0.0,0.0,0.0,0.0,0.0,0.0,0.0,0.0,0.0,0.0,0.0,0.0,0.0,0.0,14.690869331359863,0.0,0.0,0.0,0.0,0.0,0.0,0.0,0.0,0.0,0.0,0.0,0.0,24.593708038330078,1.0499399900436401,0.0,0.0,15.722168922424316,16.334402084350586,0.0,0.0,0.0,0.0,0.0,0.0,0.0,2.471065044403076,2.690279960632324,0.0,0.0,6.114064693450928,0.0,0.0,0.0,0.0,0.0,0.0,0.0,0.0,0.0,0.0,9.420852661132812,0.0,0.0,0.0,0.0,0.0,0.0,0.0,0.0,0.0,0.0,0.0,0.0,16.08348846435547,0.0,0.0,0.0,1.0926929712295532,0.0,0.0,0.0,0.0,0.0,4.546909332275391,2.4522030353546143,15.571998596191406,0.0,0.0,6.891533374786377,0.0,0.0,0.0,0.0,0.0,0.0,1.3262859582901,0.0,0.0,0.0,0.0,0.0,0.0,0.0,0.0,0.0,0.0,5.087371349334717,0.0,0.0,0.0,4.444013595581055,0.0,0.0,0.0,1.467260479927063,0.0,0.0,0.0,3.6380064487457275,0.0,0.0,9.131403923034668,0.0,0.0,0.0,0.0,0.0,0.0,0.14993810653686523,0.0,0.0,0.0,0.0,0.0,0.0,0.0,0.0,0.0,0.0,0.0,9.798233985900879,0.0,17.867748260498047,0.0,0.0,0.0,8.179145812988281,0.0,0.0,0.0,0.0,0.0,0.0,0.0,0.0,0.0,6.978979587554932,0.0,0.0,0.0,0.0,0.0,0.0,0.0,0.0,0.0,0.0,26.02855682373047,2.725623846054077,0.0,0.0,0.0,0.0,0.0,0.0,0.0,0.0,0.0,0.0,0.0,8.676366806030273,0.0,0.0,0.0,18.283681869506836,0.0,0.0,2.3674495220184326,0.0,0.0,0.0,0.0,0.7853515148162842,0.0,0.0,0.0,0.0,0.0,0.0,0.0,0.0,0.0,0.0,0.0,0.0,0.0,0.0,0.0,6.273550510406494,0.0,0.0,0.0,0.0,0.0,0.0,0.0,0.0,7.31094217300415,0.0,0.0,0.0,0.0,0.0,5.964324474334717,0.0,0.0,0.0,9.799276351928711,0.0,0.0,0.0,0.0,0.0,0.0,0.0,0.0,0.0,0.0,0.0,0.0,15.58835220336914,0.0,0.0,0.0,0.0,0.0,0.0,1.0837047100067139,0.0,1.1101033687591553,0.0,0.0,0.0,0.0,0.0,0.0,5.746760368347168,5.439269065856934,0.0,0.0,0.0,0.0,0.0,0.0,7.4633259773254395,0.0,0.0,0.0,0.0,0.0,0.0,0.0,0.0,0.0,0.0,0.0,0.0,0.0,3.444091320037842,0.0,0.0,0.0,0.0,44.274627685546875,0.0,12.256952285766602,0.0,0.0,0.0,0.0,0.0,0.0,0.0,0.0,29.7000732421875,0.0,23.24189567565918,17.589298248291016,0.0,0.0,0.0,0.0,39.732330322265625,0.0,0.0,0.0,0.0,0.0,0.0,0.0,0.0,0.0,0.0,0.0,2.8607075214385986,0.0,0.0,0.0,0.0,0.0,1.5911608934402466,0.0,0.0,0.0,2.0025100708007812,0.0,0.0,2.7394940853118896,17.560728073120117,0.0,0.0,0.0,0.0,0.0,0.0,0.0,0.0,0.0,0.0,0.0,0.0,0.0,5.090914726257324,0.0,0.0,0.0,0.0,12.375680923461914,0.0,0.0,5.5555548667907715,0.0,0.0,0.0,0.0,0.0,0.0,0.0,0.0,0.0,0.0,0.0,0.0,2.0869319438934326,0.0,0.0,0.0,0.0,0.0,0.0,0.0,0.0,0.0,0.0,0.0,0.0,0.0,0.0,0.0,0.0,0.0,0.0,0.0,0.0,0.0,0.0,0.0,0.0,0.0,0.0,0.0,0.49843618273735046,1.5846261978149414,4.10512638092041,0.0,0.0,3.7266368865966797,0.0,0.0,0.0,37.06607437133789,0.0,0.0,0.0,0.0,0.0,0.0,0.0,0.0,2.456800937652588,0.0,0.0,0.0,0.0,0.0,0.0,0.0,0.0,2.361056327819824,25.106958389282227,0.0,0.0,0.0,0.0,3.5435233116149902,0.0,0.0,0.0,0.0,0.0,8.993956565856934,7.274838924407959,19.392799377441406,0.0,0.0,0.93832927942276,0.0,0.0,0.0,0.0,0.0,0.0,0.0,1.7517259120941162,0.0,0.0,0.0,0.0,0.0,0.0,10.600268363952637,0.0,0.0,0.0,0.0,0.0,0.0,1.240423321723938,0.0,0.0,0.0,0.0,0.0,0.0,0.0,8.585214614868164,0.0,0.0,0.0,0.0,0.0,0.0,0.0,0.0,0.0,0.0,0.0,0.0,0.0,0.0,4.133378505706787,0.0,0.0,0.0,0.0,3.432025671005249,0.0,0.0,0.0,0.0,0.0,0.0,0.0,3.5485100746154785,0.0,0.0,0.0,0.0,10.017796516418457,0.0,0.0,0.0,0.0,0.0,0.0,1.6031370162963867,0.0,1.9278753995895386,0.0,0.0,2.828596591949463,0.0,0.0,0.0,1.3303496837615967,0.013316363096237183,0.0,0.0,0.0,0.0,0.0,0.0,0.0,0.0,0.0,0.0,0.0,0.0,0.0,0.0,0.0,19.23328399658203,0.0,0.0,0.0,0.0,0.0,0.0,0.0,8.050498008728027,0.0,0.0,0.0,0.0,35.530555725097656,5.191046237945557,7.745640277862549,0.0,0.0,9.627166748046875,0.0,0.0,0.0,0.0,1.3183643817901611,0.0,0.0,0.0,15.177064895629883,0.0,0.0,12.219642639160156,0.0,8.557771682739258,0.0,0.0,0.0,0.0,0.0,0.0,8.205965042114258,0.0,0.0,0.9199602603912354,0.0,0.0,0.0,0.0,0.0,0.0,0.0,0.0,7.184412479400635,0.0,0.0,3.660126209259033,4.242434024810791,0.0,1.5007141828536987,20.89543342590332,8.58308219909668,0.0,0.0,0.0,0.0,3.616596221923828,9.803265571594238,8.648051261901855,1.0838583707809448,0.0,11.215524673461914,0.0,0.0,1.5287747383117676,0.0,14.182368278503418,0.0,1.1565792560577393,0.0,0.0,0.0,0.0,0.0,0.0,0.0,7.0146708488464355,0.0,0.0,7.027101039886475,0.0,0.0,0.0,11.866301536560059,0.0,0.0,0.0,4.009555339813232,0.0,0.0,0.0,11.315771102905273,0.0,0.0,0.0,0.0,0.0,0.0,0.0,0.0,0.0,0.0,0.0,0.0,0.0,0.0,0.0,6.10054349899292,0.0,0.0,0.0,0.0,0.0,19.3602352142334,11.684754371643066,4.794781684875488,0.0,6.007646083831787,0.0,0.0,0.0,0.0,0.0,0.0,0.0,0.0,0.0,0.0,0.0,6.915408611297607,0.0,0.0,0.0,12.916640281677246,0.0,0.0,0.0,0.0,0.0,0.0,16.130535125732422,0.0,0.0,6.461248397827148,0.0,0.0,0.0,0.5870469808578491,0.0,4.302099704742432,0.0,0.0,0.0,30.226850509643555,0.0,0.0,0.0,10.904899597167969,0.0,0.0,8.676543235778809,0.0,0.38754451274871826,0.7605466246604919,0.0,0.0,0.0,0.0,0.0,0.0,0.0,0.0,0.0,0.0,0.0,0.0,0.0,0.0,0.0,0.0,0.0,0.0,0.0,0.0,0.0,0.0,1.0487349033355713,0.0,0.0,2.2319328784942627,0.0,15.127656936645508,0.0,0.0,0.0,0.0,0.8321778178215027,0.34427863359451294,0.0,0.0,8.53963565826416,17.32773780822754,0.0,0.0,0.0,18.78829574584961,5.687387943267822,5.365088939666748,0.7080082893371582,0.0,0.0,0.0,0.0,12.27619743347168,0.0,0.0,0.513250470161438,0.0,0.0,0.0,13.923142433166504,2.6006431579589844,0.0,4.376638412475586,0.0,0.0,0.0,0.0,0.0,0.0,0.0,0.0,0.0,0.0,0.0,0.0,0.0,0.0,0.0,0.0,0.0,0.0,0.0,0.0,0.0,0.0,0.0,0.0,0.0,0.0,0.0,20.24542808532715,0.0,0.0,0.0,0.0,27.85995101928711,0.0,17.63716697692871,0.0,0.0,0.0,0.0,0.0,4.584619522094727,0.0,0.0,0.0,0.0,0.0,0.0,11.252817153930664,4.125720024108887,0.0,0.0,44.82496643066406,0.0,0.0,0.0,2.8368799686431885,0.0,0.0,0.0,1.6776175498962402,0.0,0.0,0.0,0.0,0.0,3.2455835342407227,0.0,0.0,0.0,6.267251491546631,0.0,7.464727878570557,4.836278438568115,24.615476608276367,0.0,12.970480918884277,6.86907958984375,50.95393753051758,0.0,0.0,0.0,0.0,0.0,0.0,0.0,0.0,0.0,0.0,0.0,0.0,0.0,13.805015563964844,0.0,10.009187698364258,0.0,0.0,9.806966781616211,0.0,0.23549020290374756,17.405534744262695,0.0,4.557117938995361,0.0,0.0,0.0,0.0,0.0,6.420764923095703,0.0,0.0,0.0,0.0,4.335824489593506,0.0,0.0,1.7986295223236084,0.0,0.0,0.0,0.0,0.0,0.0,0.0,0.0,7.047365665435791,0.0,0.0,0.0,0.0,0.0,0.0,0.0,0.901810884475708,0.0,0.0,0.0,0.0,0.0,0.0,0.0,3.102169990539551,0.0,40.592506408691406,11.881096839904785,0.0,0.0,0.0,0.0,0.0,43.38340377807617,0.0,0.0,0.0,0.0,0.0,0.0,0.4442848563194275,0.0,0.0,0.0,16.767841339111328,0.0,0.0,0.0,0.0,0.0,0.0,0.0,24.551876068115234,0.0,0.0,0.0,0.0,5.562442302703857,0.0,0.0,0.0,0.0,8.538249969482422,25.688796997070312,6.045222759246826,13.188091278076172,0.0,0.0,0.0,0.0,0.0,16.91214370727539,0.0,0.0,0.0,0.0,0.0,0.0,0.0,0.0,0.0,0.0,0.0,0.0,0.0,0.0,0.0,0.0,0.0,0.0,0.0,0.0,0.0,0.0,0.0,0.0,0.0,0.0,0.059502169489860535,0.0,0.0,0.0,0.0,0.0,0.0,0.0,0.0,0.0,0.0,4.468741416931152,0.0,0.0,0.0,3.2017011642456055,0.0,0.0,0.0,0.0,20.81313705444336,0.0,0.0,0.0,0.0,0.0,0.0,0.0,0.002194225788116455,0.0,0.0,0.0,0.0,12.607795715332031,0.0,0.0,0.0,0.0,0.0,0.0,4.7589898109436035,0.0,0.0,0.0,0.0,10.617280006408691,0.0,0.9463837742805481,0.0,0.0,0.0,0.0,0.0,0.0,16.301307678222656,0.0,0.0,10.685893058776855,0.0,0.0,0.0,0.0,0.0,17.581756591796875,0.0,0.0,9.16178035736084,0.0,0.0,0.0,0.0,0.0,6.064322471618652,0.0,11.74392318725586,0.0,0.0,0.0,0.0,0.0,0.0,0.0,0.0,0.0,0.0,0.0,0.0,0.0,0.0,0.0,0.0,0.0,0.0,9.336986541748047,0.0,0.0,4.255808353424072,0.0,4.021595001220703,0.0,0.0,0.0,0.0,0.0,0.0,0.0,0.0,0.0,0.0,0.0,0.0,0.0,0.0,0.0,0.0,0.0,0.0,0.0,0.0,0.0,0.0,0.0,0.0,0.0,0.0,0.0,0.0,0.0,0.0,0.0,0.0,0.583953320980072,0.0,0.0,0.0,0.0,0.0,0.0,0.0,0.0,0.0,0.0,0.0,0.0,0.0,0.0,0.0,0.0,0.0,0.0,0.0,0.0,0.0,0.0,0.0,0.0,0.0,0.0,0.0,0.0,0.0,0.0,0.0,0.0,1.0048389434814453,0.42498528957366943,0.0,0.0,0.0,0.0,0.0,0.0,0.0,0.0,0.0,0.0,4.262631893157959,0.0,0.0,0.0,0.0,0.0,0.0,0.0,0.0,0.0,0.0,0.0,0.0,3.5766334533691406,0.0,0.0,0.0,0.0,8.127714157104492,0.0,0.0,0.0,0.0,0.0,0.0,0.0,0.0,10.847312927246094,0.0,0.0,0.0,0.0,0.0,0.0,0.0,0.0,0.0,0.0,0.0,0.0,0.0,0.0,0.0,0.0,0.0,0.0,0.0,0.0,0.0,0.0,0.0,0.0,0.0,0.0,0.0,9.302733421325684,0.0,0.0,0.0,0.0,0.0,0.0,0.0,0.0,0.0,0.0,0.19568845629692078,0.0,0.0,0.0,0.0,0.0,0.0,0.0,0.0,0.0,0.0,0.0,0.0,0.0,0.0,0.0,0.0,0.0,0.0,0.0,0.0,0.0,0.0,0.0,0.0,0.0,0.0,0.0,0.0,0.0,0.0,0.0,0.0,5.746952533721924,0.0,0.0,0.0,0.0,0.0,0.0,0.0,0.0,4.106513500213623,0.0,0.0,1.3749583959579468,0.0,0.0,0.0,0.0,0.0,0.0,0.0,0.0,0.0,0.0,0.0,0.0,0.0,6.747997760772705,0.0,0.0,0.0,0.0,0.0,0.0,0.0,0.0,0.0,0.0,0.0,0.0,0.0,0.0,0.0,0.0,0.0,0.0,0.1778658926486969,0.0,0.0,0.0,0.0,0.0,0.0,0.0,0.0,0.0,7.762292861938477,0.0,0.0,0.0,0.0,0.0,0.0,0.0,0.0,0.0,0.0,0.0,0.0,0.0,0.0,0.0,0.0,0.0,0.0,0.0,0.0,0.0,0.0,0.0,0.0,0.0,0.0,0.0,0.0,0.0,0.0,0.0,0.0,0.0,0.0,0.0,0.0,0.0,0.0,0.0,4.927655220031738,3.6842164993286133,0.0,2.6266703605651855,4.238432884216309,0.0,0.0,0.0,0.0,0.0,0.0,0.0,0.0,0.0,0.0,0.0,0.0,0.0,0.0,0.0,0.0,22.456830978393555,0.0,0.0,0.0,0.0,0.0,32.09142303466797,0.0,0.0,0.0,0.0,0.0,0.0,0.0,0.0,0.0,0.0,0.0,0.0,0.0,0.0,0.1969304084777832,0.0,15.419379234313965,0.0,0.0,0.0,0.0,0.0,0.0,0.0,0.0,0.0,0.0,0.0,0.0,0.0,0.0,0.0,0.0,0.0,0.0,0.0,0.0,0.0,0.0,0.0,0.0,0.0,0.0,0.0,0.0,4.84395694732666,0.0,0.0,0.0,9.669167518615723,0.0,0.0,0.0,0.0,0.0,0.0,0.0,0.0,0.0,0.0,0.0,0.0,0.0,0.0,0.0,0.0,0.0,8.030369758605957,0.0,0.0,0.0,0.0,0.0,0.0,0.0,0.0,0.0,0.0,0.0,0.0,0.0,0.0,0.0,0.0,0.0,0.0,0.0,0.0203263983130455,0.0,0.0,0.0,0.0,3.680389165878296,0.0,0.0,0.0,0.0,0.0,0.0,0.0,0.0,0.0,0.0,0.0,0.0,0.0,0.0,0.0,0.0,0.0,0.0,0.0,0.0,0.0,0.0,0.0,0.0,0.0,0.0,0.0,0.0,0.0,0.0,0.0,0.0,0.0,0.0,0.0,0.0,0.0,0.0,0.0,0.0,0.0,0.0,0.0,0.0,0.0,0.0,0.0,0.0,0.0,0.0,0.0,0.0,0.0,0.0,0.0,0.0,0.0,0.0,0.0,0.0,0.0,0.0,0.0,0.0,0.0,0.0,0.0,0.0,0.0,0.0,0.0,0.0,0.0,0.0,0.0,0.0,0.0,0.0,0.0,0.0,0.0,0.0,0.0,0.0,0.0,0.0,0.0,5.332066059112549,0.0,0.0,0.0,3.5335521697998047,0.8322005867958069,0.0,0.0,2.3676631450653076,0.0,0.0,0.0,0.0,0.0,0.0,0.0,0.0,0.0,0.0,0.0,0.0,0.0,0.0,0.0,0.0,0.0,0.0,1.6895685195922852,0.0,0.0,0.0,0.49675050377845764,10.432231903076172,0.0,0.0,0.0,0.0,0.0,0.0,0.0,0.0,0.0,0.0,0.0,0.0,0.0,0.0,0.0,0.0,4.1020050048828125,0.0,0.0,0.0,0.0,0.0,0.0,0.0,0.0,0.0,13.342446327209473,0.0,0.0,0.0,0.0,0.0,0.0,0.0,0.0,0.0,0.0,0.0,0.0,0.0,0.0,0.0,0.0,0.0,3.3246586322784424,0.0,0.0,0.0,0.0,0.0,0.0,0.0,0.0,3.854875326156616,0.0,0.0,0.0,0.0,0.0,0.0,0.0,0.0,4.738317966461182,0.0,6.671767234802246,0.0,1.879715919494629,0.0,0.0,0.0,0.0,0.0,0.0,19.54840087890625,0.0,0.0,0.0,2.265655040740967,0.0,0.0,0.0,0.0,0.0,0.0,0.0,0.0,0.0,0.0,0.0,0.0,0.0,0.0,0.0,0.0,0.0,4.269542217254639,0.0,0.0,0.0,0.0,0.0,0.0,0.0,0.0,2.059138536453247,0.0,0.0,0.0,0.0,0.0,0.0,0.0,0.0,0.0,0.0,0.0,0.0,0.0,0.0,0.0,0.0,0.0,10.837028503417969,0.0,0.0,0.0,0.0,0.0,0.0,0.0,0.0,0.0,12.14382553100586,0.0,0.0,0.0,0.0,0.0,0.0,4.185197830200195,0.0,0.0,0.0,0.0,0.0,0.0,0.0,0.0,0.0,0.0,0.0,0.0,0.0,0.0,0.0,0.0,0.0,0.0,0.0,0.0,0.0,0.0,0.0,0.0,0.0,0.0,8.31153678894043,0.0,0.0,0.0,0.0,0.0,0.0,0.0,0.0,0.0,33.41535949707031,0.0,0.0,0.0,0.0,0.0,0.0,0.0,0.0,13.468932151794434,0.0,0.0,10.42254638671875,0.0,0.0,0.0,0.0,0.0,0.0,0.0,0.0,0.0,0.0,0.0,0.0,0.0,1.7632681131362915,0.0,0.0,0.0,0.0,0.0,0.0,0.0,0.0,0.0,0.0,0.0,0.0,0.0,0.0,0.0,0.0,9.078325271606445,0.0,7.857138633728027,0.0,0.0,0.0,0.0,0.0,0.0,0.0,0.0,0.0,11.749112129211426,0.0,0.0,0.0,0.0,0.0,0.0,0.0,0.0,0.0,0.0,0.0,0.0,0.0,0.0,0.0,0.0,0.0,0.0,13.034387588500977,0.0,0.0,0.0,0.0,0.0,0.0,0.0,0.0,0.0,0.0,0.0,0.0,0.0,0.0,0.0,0.0,0.0,0.0,0.0,0.0,1.9348063468933105,0.0,0.0,6.302316188812256,0.0,0.0,0.0,0.0,0.0,0.0,0.0,0.0,0.0,0.0,0.0,0.0,0.0,0.0,0.0,0.0,0.0,5.459259986877441,0.0,0.0,0.0,0.0,0.0,27.81307601928711,0.0,0.0,0.0,0.0,0.0,0.0,0.0,0.0,0.0,0.0,0.0,0.0,0.0,0.0,0.0,0.0,0.0,0.0,0.0,0.0,0.0,0.0,0.0,0.0,0.0,0.0,6.06721830368042,0.0,0.0,0.0,0.0,0.0,0.0,0.0,0.0,0.0,0.0,0.8990668654441833,0.0,0.0,0.0,0.0,10.537055015563965,0.0,0.0,8.3905029296875,0.0,0.0,0.0,1.9655964374542236,0.0,0.0,0.0,0.0,0.0,0.0,0.0,0.0,3.988494873046875,0.0,0.0,0.0,0.0,0.0,0.0,0.0,0.0,11.998533248901367,0.0,0.0,0.0,0.0,0.0,0.0,0.0,0.0,0.0,4.36558723449707,0.0,0.0,0.0,0.0,0.0,0.0,0.0,13.94376277923584,0.0,0.0,0.0,0.0,0.0,0.0,0.0,0.0,0.0,0.0,0.0,0.0,0.0,8.761517524719238,0.0,0.0,0.0,0.0,0.0,0.0,0.0,0.0,0.0,0.0,0.0,0.0,0.0,0.0,5.637777805328369,0.0,0.0,0.0,0.0,8.953668594360352,0.0,0.0,0.0,0.0,0.0,0.0,0.0,0.0,0.0,0.0,0.0,0.0,0.0,0.0,0.0,2.094503879547119,0.0,0.0,0.0,5.112850666046143,0.0,0.0,0.0,0.0,1.7186063528060913,0.0,0.0,0.0,0.0,0.0,0.0,0.0,0.0,0.0,0.0,0.0,0.0,0.0,0.0,0.0,0.0,0.0,0.0,0.0,0.0,0.0,0.0,0.0,0.0,0.0,0.0,0.0,0.0,0.0,0.0,0.0,0.0,0.0,3.362205982208252,0.0,0.0,0.0,0.0,0.0,0.0,0.0,0.0,0.0,0.0,0.0,0.0,0.0,0.0,0.0,0.0,0.0,0.0,0.0,7.79018497467041,0.0,0.0,0.0,0.0,5.859918594360352,0.0,0.0,0.0,0.0,0.0,0.0,0.0,0.0,15.675345420837402,0.0,0.0,0.0,0.0,0.0,0.0,0.0,0.0,0.0,5.111916542053223,0.0,0.0,0.0,0.0,2.9060096740722656,0.0,0.0,0.0,0.0,0.0,0.0,0.0,0.0,0.0,0.0,0.0,22.74017333984375,0.0,0.0,0.0,0.0,0.0,0.0,0.0,0.0,0.0,0.0,0.0,0.0,0.0,0.0,0.0,0.0,0.0,0.07008279114961624,0.0,0.0,0.0,0.0,0.0,0.0,0.0,0.0,0.0,0.0,0.0,0.0,0.0,0.0,0.0,0.0,0.0,8.610451698303223,0.0,2.787114381790161,0.0,2.6955678462982178,0.0,0.0,0.0,0.0,0.0,0.0,18.449382781982422,0.0,0.0,0.0,0.0,0.0,0.0,0.0,0.0,0.0,0.0,0.0,0.0,0.0,5.0330963134765625,0.0,0.0,0.05720686912536621,0.0,0.0,0.0,5.234070777893066,0.0,0.0,0.0,0.0,0.0,0.0,0.0,0.0,0.0,0.0,0.0,0.0,0.0,0.0,0.0,0.0,0.0,0.0,0.0,0.0,0.0,0.0,0.0,0.0,0.0,0.0,0.0,0.0,0.0,0.0,0.0,0.0,0.0,12.150174140930176,0.0,0.0,0.0,8.548952102661133,0.0,0.0,0.0,0.0,0.0,0.0,13.705513000488281,0.0,0.0,0.0,0.0,0.0,0.0,0.0,0.0,5.416821479797363,0.0,0.0,0.0,0.0,0.0,0.0,0.0,0.0,6.495596408843994,0.0,0.0,0.0,0.0,0.0,0.0,0.0,0.0,14.0254545211792,0.0,0.0,0.0,0.0,0.0,0.0,0.0,0.0,2.242420196533203,33.38945007324219,0.0,0.0,0.13651111721992493,0.0,0.0,0.0,6.776566505432129,0.0,27.67733383178711,5.468428134918213,0.0,17.586502075195312,0.0,0.0,0.0,0.0,0.0,0.0,0.0,0.0,0.0,11.376246452331543,0.0,0.0,0.0,0.0,0.0,0.0,0.0,0.0,0.0,0.0,0.0,0.0,0.0,0.0,0.0,0.0,7.002297878265381,0.0,0.0,0.0,0.0,0.0,8.603828430175781,0.0,0.0,0.0,0.0,0.0,0.0,0.0,0.0,0.0,7.822055339813232,0.0,0.0,0.0,0.0,0.0,0.0,0.0,0.0,0.0,0.0,3.745673894882202,0.0,0.0,0.0,0.0,0.0,0.0,0.0,18.822120666503906,0.0,0.0,0.0,0.0,0.0,0.0,0.0,0.0,0.0,0.0,0.0,0.0,0.0,0.0,0.0,0.0,0.0,10.84732437133789,0.0,0.0,0.0,15.31443977355957,0.0,11.869786262512207,0.0,0.0,0.0,0.0,0.0,0.0,0.0,0.0,0.0,0.0,0.0,0.0,0.0,0.0,0.0,0.0,0.0,0.0,0.0,0.0,0.0,0.0,0.0,48.100341796875,0.0,0.0,0.0,0.0,0.0,0.0,0.0,0.0,0.0,0.0,0.0,0.0,0.0,0.0,0.0,0.0,0.0,0.0,0.0,0.0,0.0,0.0,0.0,0.0,0.0,0.0,5.7132720947265625,19.26692008972168,0.0,0.0,0.0,0.0,0.0,0.0,0.0,0.0,0.0,0.0,0.0,0.0,0.0,0.0,10.200176239013672,0.0,0.0,6.605372905731201,0.0,0.0,0.0,20.936574935913086,0.0,0.0,0.0,0.0,0.0,0.0,0.0,0.0,0.25849267840385437,0.0,0.0,0.0,0.0,0.0,0.0,0.0,0.0,2.486133575439453,0.0,0.0,0.0,0.0,3.0275204181671143,2.375945806503296,0.0,0.0,0.0,7.310393333435059,0.0,0.0,0.0,0.0,0.0,0.0,0.0,26.45792579650879,0.0,0.0,0.0,0.0,0.0,4.633690357208252,0.0,0.0,0.0,0.0,0.0,0.0,0.0,7.7977986335754395,0.0,0.0,0.0,0.0,0.0,0.3827078342437744,0.0,0.0,0.0,0.0,0.0,0.0,0.0,0.0,9.712578773498535,0.0,0.0,0.0,0.0,0.0,0.0,0.0,0.0,0.0,0.0,0.0,0.0,0.0,0.0,0.0,4.311410427093506,0.0,0.0,0.0,0.0,1.5738942623138428,0.0,0.0,0.0,6.3553876876831055,0.0,0.0,0.0,0.0,0.0,0.0,0.0,0.0,0.0,0.0,0.0,0.0,0.0,0.0,0.0,0.0,0.0,0.0,0.0,0.0,0.0,0.0,0.0,0.0,0.0,0.0,0.0,0.0,0.0,0.0,0.0,0.0,0.0,0.0,0.0,0.0,0.0,0.0,0.0,0.0,0.0,0.0,0.0,0.0,0.0,0.0,0.0,0.0,0.0,0.0,0.0,0.0,0.0,0.0,0.0,0.0,0.0,0.0,7.2363715171813965,0.0,0.0,0.0,0.0,5.958792686462402,0.0,0.0,0.0,0.0,0.0,0.0,0.0,0.0,0.0,0.0,0.0,0.0,0.0,0.0,0.0,0.0,0.0,0.0,0.0,0.0,0.0,0.0,0.0,0.0,0.0,0.0,0.0,0.0,0.0,0.0,0.0,0.0,0.0,0.0,0.0,1.301774501800537,0.0,0.0,0.0,0.0,0.0,0.0,0.0,0.0,0.0,0.0,0.0,0.0,0.0,0.0,0.0,0.0,0.0,0.0,0.0,0.0,0.0,0.0,0.0,0.0,0.0,0.0,0.0,0.0,0.0,0.0,0.0,0.0,0.0,0.0,0.0,2.224034309387207,0.0,0.0,0.0,0.0,0.0,0.0,0.0,0.0,0.0,0.0,0.0,0.0,0.0,5.289360046386719,8.926187515258789,0.0,0.0,7.415089130401611,0.0,2.539565086364746,0.0,0.0,0.0,0.0,16.78518295288086,2.6388933658599854,0.0,8.127605438232422,0.0,0.0,0.0,23.133153915405273,0.0,0.0,0.0,0.6791813373565674,0.0,0.0,0.0,0.0,0.0,0.0,0.0,0.0,0.0,0.0,0.0,0.0,0.0,0.0,0.0,0.0,0.0,0.0,0.0,0.0,0.0,0.0,0.0,0.0,0.0,0.0,0.0,0.0,0.0,12.476208686828613,0.0,0.0,0.0,16.8536434173584,0.0,0.0,0.0,0.0,0.0,0.0,1.4451854228973389,0.0,0.0,0.0,0.0,0.0,0.0,0.0,0.0,0.0,0.0,0.0,0.0,0.0,0.0,0.0,0.0,0.0,5.426534652709961,0.0,0.0,0.0,0.0,0.0,0.0,0.0,0.0,0.0,0.0,0.0,0.0,0.0,0.0,0.0,0.0,0.0,27.042402267456055,3.3376805782318115,0.0,0.0,4.259721755981445,0.0,0.0,0.0,0.0,0.0,37.840267181396484,4.1920881271362305,0.0,15.409566879272461,0.0,0.0,0.0,0.0,1.9298447370529175,0.0,0.0,0.0,4.13643217086792,4.7505059242248535,0.0,0.0,0.0,0.0,0.0,0.0,0.0,0.0,3.3034090995788574,0.0,0.0,0.0,0.0,0.0,0.0,0.0,0.0,0.0,0.0,0.0,2.941561460494995,0.0,0.6558530330657959,0.0,0.0,0.0,0.0,0.0,0.0,0.0,0.0,0.0,0.0,0.0,0.0,0.0,0.0,0.0,0.0,0.0,0.0,0.0,0.0,0.0,0.0,24.103620529174805,10.07188892364502,0.0,0.0,0.0,17.21552085876465,5.394316673278809,0.0,0.0,0.0,0.0,0.0,0.0,0.0,0.0,0.0,0.0,0.0,0.0,0.0,0.0,0.0,18.8698673248291,0.0,6.188571929931641,0.0,0.0,0.0,0.0,0.0,0.0,0.0,0.0,0.0,0.0,0.0,0.0,0.0,0.0,0.0,0.0,0.0,0.0,0.0,0.0,0.0,0.0,0.0,0.2721998691558838,0.0,0.9176051020622253,0.0,0.0,0.0,39.50578308105469,0.0,0.0,0.0,0.0,0.0,0.0,0.0,0.0,0.0,0.0,0.0,0.0,0.0,0.0,0.0,0.0,0.0,0.0,0.0,0.0,0.0,0.0,0.0,0.0,0.0,0.0,5.858336925506592,17.646202087402344,0.0,0.0,0.0,0.0,0.0,0.0,1.8982397317886353,0.0,7.815982818603516,0.0,0.0,0.0,0.0,0.0,0.0,0.0,8.533974647521973,10.174848556518555,0.0,0.0,0.0,14.698604583740234,0.0,0.0,0.0,0.0,0.0,0.0,0.0,0.0,0.0,0.0,0.0,0.0,0.0,0.0,0.0,0.0,0.0,16.33429527282715,0.0,0.0,0.0,0.0,7.325891017913818,0.0,0.0,0.0,0.0,0.0,0.0,0.0,0.0,0.0,0.0,0.0,0.0,8.64365005493164,0.0,0.0,0.0,0.0,0.0,7.604004383087158,0.0,0.0,0.0,0.0,0.0,0.0,0.0,12.028203964233398,0.0,0.0,0.0,0.0,0.0,14.750738143920898,0.0,0.0,0.0,0.0,0.0,0.0,0.0,0.0,18.41132164001465,0.0,0.0,0.0,0.0,0.0,0.0,0.0,0.0,0.0,0.0,0.0,0.0,0.0,0.0,0.0,0.0,0.0,0.0,0.0,0.0,0.0,0.0,0.0,0.0,0.0,0.0,0.0,0.0,0.0,0.0,0.0,0.0,0.0,0.0,0.0,0.0,0.0,0.0,0.0,0.0,0.0,0.0,0.0,0.0,0.0,0.0,0.0,0.0,16.66573715209961,7.576362133026123,0.0,0.0,0.0,0.0,0.0,0.0,0.0,0.0,0.0,0.0,0.0,0.0,0.0,0.0,0.0,0.0,0.0,0.0,0.0,0.0,0.0,0.0,0.0,0.0,0.0,0.0,0.0,0.0,0.0,0.0,0.0,0.0,0.0,0.0,0.0,0.0,0.0,0.0,13.306727409362793,0.0,0.0,0.0,0.0,0.0,0.0,0.0,0.0,0.0,0.0,0.0,0.0,0.0,0.0,0.0,0.0,0.0,0.0,0.0,0.0,0.0,0.0,0.0,0.0,0.0,0.0,0.0,0.0,0.0,0.0,7.284364223480225,0.0,0.0,0.0,0.0,0.0,0.0,0.0,0.0,0.0,0.0,0.0,16.84183120727539,0.0,0.0,0.0,0.0,0.0,0.0,0.0,0.0,0.0,0.0,0.0,0.0,0.0,0.0,0.0,0.0,0.0,0.0,0.0,0.0,0.0,0.0,0.0,0.0,0.0,0.0,0.0,0.0,0.0,0.0,0.0,0.0,0.0,0.0,0.0,0.0,0.0,0.0,0.0,0.0,0.0,0.0,10.33018970489502,3.965161085128784,0.0,0.0,3.4595649242401123,0.0,0.0,0.0,0.0,0.0,0.0,1.1238949298858643,0.0,0.0,3.4890451431274414,0.0,0.0,0.0,23.856548309326172,0.0,0.0,0.0,0.0,0.0,0.0,0.0,0.0,0.0,0.0,0.0,0.0,0.0,0.0,0.0,0.0,0.0,0.0,0.0,0.0,3.05812668800354,0.0,0.0,0.0,0.0,0.0,4.693928241729736,0.0,0.0,0.0,0.0,0.0,0.0,0.0,0.0,0.0,0.0,10.49339485168457,0.0,0.0,0.0,0.0,0.0,0.0,0.0,0.0,3.2716097831726074,0.0,0.0,0.0,0.0,0.0,0.0,4.922239780426025,0.0,0.0,0.0,0.0,0.0,0.0,0.0,0.0,6.97551965713501,0.0,0.0,0.0,0.0,0.0,0.0,0.0,6.38946533203125,0.0,0.0,0.0,0.0,0.0,0.0,0.0,0.0,0.0,18.31672477722168,0.0,0.0,0.0,0.0,0.0,0.0,0.0,0.0,0.0,6.526788234710693,0.0,0.0,0.0,0.0,0.0,0.0,0.0,9.526169776916504,0.0,0.0,0.0,7.179351806640625,0.0,0.0,0.0,0.0,0.0,0.0,0.0,0.0,0.0,0.0,0.0,0.0,0.0,0.0,0.0,0.0,0.0,0.0,0.0,0.0,0.0,10.446775436401367,0.0,0.0,0.0,0.0,0.0,0.0,0.0,0.0,0.0,0.0,0.0,0.0,0.0,0.0,0.0,0.0,0.0,0.0,0.0,0.0,0.0,0.0,42.81406021118164,0.0,13.71990966796875,12.88999080657959,0.0,0.0,0.0,8.942093849182129,0.0,0.0,0.0,0.0,0.0,0.0,0.0,0.0,0.0,0.0,0.0,0.0,0.0,0.0,0.0,0.0,0.0,0.0,0.0,0.0,0.0,0.0,0.0,0.0,0.0,0.0,0.0,0.0,0.0,0.0,0.0,0.0,0.0,0.0,0.0,0.0,0.0,0.0,0.0,0.0,0.0,13.427979469299316,12.04832935333252,0.0,0.0,0.0,0.0,0.0,18.98792266845703,0.0,0.0,0.0,0.0,0.0,0.0,0.0,0.0,0.0,0.0,0.0,0.0,0.0,0.0,0.0,0.0,0.0,0.0,0.0,0.0,0.0,0.0,0.0,0.0,0.0,0.0,0.0,0.0,2.3575305938720703,0.0,0.0,0.0,0.0,0.0,0.0,0.0,12.12916088104248,0.0,0.0,0.0,0.0,0.0,0.0,0.0,0.0,0.0,0.0,0.0,0.0,2.297558307647705,0.0,0.0,0.0,0.0,0.0,0.0,0.0,0.0,10.0492525100708,0.0,0.0,0.0,0.0,0.0,0.0,0.0,0.0,12.139410972595215,0.0,0.0,0.0,0.0,0.0,0.0,0.0,0.0,0.0,0.0,0.0,0.0,0.0,0.0,0.0,0.0,0.0,3.0751242637634277,5.479943752288818,0.0,0.0,0.0,0.0,0.0,0.0,0.0,0.0,0.0,0.0,0.0,0.0,1.671821117401123,0.0,0.0,0.0,0.0,0.0,0.0,0.0,0.0,0.0,0.0,0.0,0.0,5.297595977783203,0.0,38.25667190551758,0.0,0.0,0.0,0.0,0.0,0.0,0.0,0.0,0.0,0.0,0.0,0.0,0.0,0.0,0.0,0.0,0.0,0.0,0.0,0.0,0.0,0.0,0.0,0.0,0.0,0.0,0.0,0.0,0.0,0.0,0.0,0.0,0.0,0.0,0.0,0.0,0.0,0.0,0.0,0.0,0.0,0.0,0.0,0.0,0.0,0.0,0.0,0.0,16.661319732666016,8.342606544494629,0.0,0.0,0.0,0.0,0.0,0.0,0.0,0.0,0.0,0.0,0.0,0.0,0.0,0.0,0.0,0.0,0.0,2.407961130142212,0.0,0.0,0.0,0.0,0.0,0.0,0.0,0.0,0.0,0.0,0.0,0.0,0.0,0.0,0.0,0.0,0.0,0.0,0.0,0.0,0.0,0.0,0.0,0.0,0.0,0.0,0.0,5.831331253051758,0.0,0.0,0.0,0.0,0.0,0.0,0.0,0.0,0.0,0.0,0.0,0.0,0.0,0.0,0.0,0.0,0.0,0.0,0.0,0.0,0.0,0.0,0.0,0.0,0.0,0.0,0.0,0.0,0.0,0.0,0.0,0.0,0.0,0.0,0.0,11.80397891998291,0.0,0.0,0.0,0.0,0.0,0.0,0.0,0.0,0.0,0.0,0.0,0.0,0.0,0.0,0.0,0.0,0.0,0.0,0.0,0.0,0.0,0.0,0.0,0.0,0.0,0.0,0.0,0.0,0.0,0.0,0.0,0.0,0.0,0.0,5.277419090270996,0.0,0.0,0.0,0.0,5.987311840057373,0.0,0.0,5.0646891593933105,0.0,0.0,0.0,0.0,0.0,0.0,0.0,0.0,0.0,0.0,3.471390724182129,0.0,0.0,7.322115421295166,0.0,0.0,0.0,0.34953153133392334,0.0,0.0,0.0,0.0,0.0,0.0,0.0,0.0,0.0,5.195929527282715,0.0,0.0,0.0,0.0,0.0,0.0,0.0,0.0,0.0,0.0,3.5956854820251465,0.0,0.0,0.0,0.0,0.0,0.0,0.0,0.0,0.0,0.0,0.0,0.0,0.0,0.0,0.0,0.0,6.407473087310791,5.805035591125488,0.0,0.0,0.0,0.0,0.0,0.0,0.0,3.9482791423797607,0.0,0.0,0.0,0.0,0.0,0.0,23.899524688720703,0.0,0.0,0.0,0.0,0.0,0.0,0.0,0.0,25.468082427978516,0.0,0.0,0.0,0.0,0.0,0.0,0.0,0.0,7.992893218994141,0.0,0.0,0.0,0.0,0.0,0.0,0.0,0.0,9.238698959350586,0.0,0.0,0.0,0.0,1.2251850366592407,0.0,0.0,0.0,0.0,0.0,0.0,0.0,0.0,0.0,0.0,0.0,0.0,1.055528163909912,0.0,0.0,0.0,8.949066162109375,0.0,0.0,0.0,0.0,0.0,0.0,0.0,0.0,0.0,0.0,0.0,0.0,0.0,0.0,0.0,0.0,0.0,0.0,0.0,0.0,0.0,6.058775901794434,0.0,0.0,0.0,0.0,0.0,0.0,0.0,0.0,0.0,0.0,0.0,4.107211112976074,0.0,0.0,0.0,0.0,0.0,0.0,0.0,0.0,0.0,0.0,51.54437255859375,0.0,0.0,0.0,11.169828414916992,0.0,0.0,0.0,0.0,0.0,0.0,0.0,0.0,0.0,0.0,0.0,0.0,0.0,0.0,0.0,0.0,7.639427185058594,0.0,0.0,0.0,0.0,0.0,0.0,0.0,0.0,0.0,0.0,0.0,8.422849655151367,0.0,0.0,0.0,0.0,0.0,0.0,0.0,0.0,0.0,0.0,0.0,0.0,0.0,0.0,0.0,13.601069450378418,2.719943046569824,0.0,0.0,0.0,0.0,0.0,56.80390930175781,0.0,0.0,0.0,0.0,0.0,0.0,0.0,0.0,0.0,0.0,0.0,0.0,0.0,0.0,0.0,0.0,0.0,0.0,0.0,0.0,0.0,0.0,0.0,0.0,0.0,0.0,1.8050354719161987,0.0,0.0,0.0,0.0,0.0,0.0,0.0,8.294074058532715,0.0,2.866823434829712,0.0,0.0,0.0,0.0,0.0,0.0,10.733647346496582,0.0,0.0,0.0,0.0,0.0,24.702550888061523,0.0,0.0,0.0,0.0,0.0,0.0,0.0,0.0,26.925893783569336,0.0,0.0,0.0,0.0,0.0,0.0,0.0,0.0,0.0,19.198993682861328,0.0,0.0,0.0,0.0,0.0,0.0,0.0,0.0,0.0,0.0,0.0,0.0,0.0,0.0,0.0,0.0,19.40203094482422,5.183558464050293,0.0,0.0,0.0,0.0,0.0,0.0,0.0,0.0,0.0,0.0,0.0,0.0,0.0,0.0,0.0,0.0,0.0,0.0,0.0,0.0,0.0,0.0,0.0,0.0,0.0,0.0,0.0,38.208534240722656,0.0,0.0,0.0,0.0,0.0,0.0,0.0,0.0,0.0,0.0,0.0,0.0,0.0,0.0,0.0,0.0,0.0,0.0,0.0,0.0,0.0,0.0,0.0,0.0,0.0,0.0,0.0,0.0,0.0,0.0,0.0,0.0,0.0,0.0,0.0,0.0,0.0,0.0,0.0,0.0,0.0,0.0,0.0,0.0,0.0,1.5178664922714233,0.0,0.0,13.4248685836792,6.700798034667969,0.0,0.0,0.0,5.009641170501709,0.0,0.0,0.0,0.0,0.0,0.0,0.0,0.015113890171051025,0.0,0.0,0.0,0.0,0.0,0.0,0.0,0.0,0.0,0.0,0.0,0.0,0.0,0.0,0.0,0.0,0.0,0.0,0.10997697710990906,0.0,0.0,0.0,0.0,0.0,0.0,0.0,0.0,0.0,0.0,0.0,0.0,0.0,0.0,11.077524185180664,0.0,11.219926834106445,0.0,0.0,0.0,0.0,0.0,0.0,0.0,0.0,0.0,0.0,0.0,0.0,0.0,0.0,25.457412719726562,4.348941802978516,0.0,0.0,0.0,0.0,0.0,0.0,0.0,0.0,0.0,15.53348159790039,0.0,0.0,0.0,0.0,0.0,0.0,0.0,0.0,0.0,0.0,0.0,0.0,0.0,0.0,0.0,0.0,0.0,0.0,0.0,0.0,0.0,0.0,0.0,0.0,0.0,0.0,0.42813295125961304,0.0,0.0,0.0,0.0,0.0,0.0,0.0,0.0,0.0,0.0,0.0,0.0,0.0,0.0,0.0,0.0,0.0,1.390505075454712,0.0,0.0,0.0,0.0,0.0,0.0,0.0,0.0,0.0,0.0,0.0,18.69049835205078,0.0,0.0,0.0,0.0,12.387465476989746,0.0,0.0,4.2738566398620605,0.0,0.0,0.0,0.0,0.0,0.0,0.0,0.0,0.0,0.0,0.0,0.0,0.0,11.097021102905273,0.0,0.0,0.0,0.0,0.0,0.0,0.0,0.0,0.0,0.0,0.0,0.0,0.0,0.0,0.0,0.0,0.0,0.0,0.0,0.0,0.0,0.0,0.0,21.2236385345459,0.0,0.0,1.4595316648483276,10.20495319366455,0.0,0.0,0.0,0.0,0.0,4.107334136962891,0.0,0.0,0.0,0.0,0.0,0.0,0.0,0.0,0.0,11.769562721252441,0.0,0.0,0.0,0.0,0.0,0.0,0.0,0.0,38.168846130371094,0.0,0.0,0.0,4.261176109313965,0.42843061685562134,0.0,0.0,0.0,22.521060943603516,0.0,0.0,0.0,0.0,0.0,0.0,0.0,0.0,6.948476314544678,10.744033813476562,0.0,0.0,0.0,34.889564514160156,0.0,0.0,0.0,0.0,0.0,0.0,0.0,0.0,0.0,0.0,0.0,0.0,0.0,0.0,0.0,0.0,0.0,0.0,0.0,0.0,0.0,0.0,0.0,0.0,0.0,0.0,0.0,0.0,0.0,0.0,0.0,0.0,0.0,0.0,0.0,0.0,0.0,0.0,0.0,0.0,0.0,0.0,0.0,0.0,0.0,12.04227352142334,0.0,0.0,0.0,0.0,0.0,0.0,0.0,0.0,0.0,0.0,0.0,0.0,0.0,0.0,0.0,0.0,0.0,0.0,0.0,15.172141075134277,0.0,0.0,0.0,0.0,0.0,0.0,0.0,0.0,0.0,0.0,0.0,0.0,0.0,0.0,0.0,0.0,0.0,0.0,0.0,5.006998062133789,0.0,0.0,0.0,0.0,3.3179330825805664,0.0,0.0,5.991903305053711,13.065112113952637,23.62275505065918,0.0,0.0,0.0,0.0,0.0,0.0,0.0,0.0,0.0,0.0,0.0,0.0,0.0,14.35128402709961,0.0,8.632495880126953,0.0,0.0,13.449893951416016,0.0,0.0,31.404375076293945,0.0,0.0,0.0,0.0,0.0,0.0,0.0,0.0,0.0,0.0,0.0,0.0,0.0,0.0,15.287193298339844,0.0,0.0,0.0,0.0,0.0,0.0,0.0,0.0,0.0,0.0,0.0,13.87536907196045,0.0,0.0,0.0,0.0,0.0,0.0,0.0,0.0,0.0,0.0,0.0,0.0,0.0,0.0,0.0,26.6530818939209,9.886334419250488,0.0,0.0,0.0,0.0,0.0,35.36272048950195,0.0,0.0,11.423043251037598,0.0,0.0,0.0,0.0,0.0,21.316308975219727,0.0,0.0,0.0,0.0,0.0,0.0,0.0,0.0,0.0,20.134620666503906,0.0,0.0,0.0,0.0,7.228050708770752,0.0,0.0,0.0,0.0,0.0,7.73630428314209,0.0,0.0,0.0,0.0,0.0,12.143162727355957,0.0,15.685637474060059,0.0,0.0,0.0,0.0,0.0,0.0,0.0,0.0,0.0,0.0,0.0,0.0,0.0,0.0,0.0,0.0,0.0,0.0,0.0,0.0,0.0,0.0,0.0,0.0,0.0,0.0,0.0,0.0,0.0,0.0,0.0,0.0,0.0,0.0,0.0,0.0,0.0,0.0,9.135699272155762,0.0,0.0,0.0,0.0,0.0,0.0,0.0,0.6056703925132751,10.355853080749512,0.0,0.0,0.0,0.0,0.0,0.0,0.0,0.0,0.0,0.0,0.0,0.0,0.0,0.0,0.0,0.0,0.0,0.0,0.0,0.0,0.0,0.0,0.0,0.0,0.0,0.0,0.0,24.2879581451416,5.174304962158203,0.0,0.0,0.0,26.30095100402832,0.0,0.0,0.0,0.0,0.0,0.0,0.0,0.0,13.715861320495605,0.0,0.0,0.0,0.0,0.0,0.0,0.0,0.0,0.0,0.0,0.0,0.0,0.0,0.0,0.0,0.9128826260566711,0.0,0.0,0.0,7.897736072540283,3.4168906211853027,0.0,0.0,0.0,0.0,0.0,0.0,0.0,0.0,0.91312575340271,0.0,0.7426899075508118,0.0,0.0,7.635617733001709,0.0,0.0,0.0,0.0,0.0,0.0,0.0,0.0,0.0,0.0,22.6434383392334,0.0,0.0,0.0,0.0,0.0,0.0,0.0,0.0,0.0,0.0,0.0,0.0,0.0,0.0,0.0,0.0,0.0,0.0,0.0,0.0,0.0,9.466394424438477,0.0,0.0,0.0,0.0,0.0,0.0,0.0,0.0,0.0,0.0,5.979526996612549,0.0,0.0,0.0,0.0,0.0,0.0,0.0,0.0,0.0,0.0,0.0,0.0,0.0,0.0,0.0,5.169002532958984,0.0,0.0,0.0,0.0,0.0,0.0,0.0,0.0,0.0,0.0,0.0,0.0,0.0,3.439195156097412,0.0,0.0,0.0,4.409384727478027,0.0,0.0,0.0,0.0,0.0,0.0,0.0,0.0,0.0,0.0,0.0,0.0,6.552192687988281,0.0,0.0,0.0,2.9995532035827637,0.0,0.0,0.0,0.0,0.0,0.0,0.0,0.0,0.0,0.0,0.0,0.0,0.0,0.0,0.0,0.0,0.0,0.0,0.0,0.0,0.0,0.0,0.0,0.0,0.0,0.0,0.0,0.0,0.0,0.0,0.0,0.0,0.0,8.229297637939453,0.0,0.0,0.0,11.49000358581543,0.0,0.0,0.0,0.0,0.0,0.0,0.0,0.0,0.0,0.0,0.0,0.0,0.0,0.0,0.0,0.0,0.0,0.0,0.0,0.0,0.0,0.0,0.0,0.0,0.0,0.0,0.0,0.0,0.0,0.0,0.0,0.0,0.0,0.0,0.0,0.0,0.0,0.0,0.0,0.0,0.0,0.0,0.0,3.809931755065918,0.0,0.0,0.0,0.0,0.0,0.0,0.0,0.0,22.1401424407959,0.0,0.0,8.773496627807617,0.0,0.0,0.0,0.0,0.0,0.0,0.0,0.0,14.744473457336426,0.0,0.0,0.0,0.0,2.1777658462524414,0.0,0.0,0.0,0.0,0.0,0.0,0.0,0.0,0.0,0.0,0.0,0.0,0.0,0.0,0.0,0.0,14.845728874206543,0.0,0.0,0.0,0.0,0.0,0.0,0.0,0.0,0.0,3.3170580863952637,0.0,0.0,0.0,0.0,0.0,0.0,0.0,0.0,0.0,0.0,0.0,0.0,9.885794639587402,0.0,0.0,0.0,0.0,0.0,0.0,0.0,0.66124027967453,0.0,0.0,0.0,0.0,0.0,0.0,0.0,0.0,0.0,0.0,0.0,0.0,0.0,0.0,0.0,0.0,0.0,0.0,0.0,0.0,0.0,10.414798736572266,0.0,0.0,0.0,0.0,0.0,0.0,2.0669360160827637,0.0,0.0,0.0,0.0,0.0,0.0,0.0,0.0,0.0,0.0,0.0,0.0,24.39712905883789,0.0,0.0,0.0,0.0,0.0,47.65348815917969,0.0,0.0,0.0,0.0,0.0,0.0,0.0,0.0,0.0,0.0,0.0,1.5453870296478271,0.0,3.0446009635925293,0.0,0.0,0.0,0.0,0.0,0.0,0.0,0.0,0.0,0.0,0.0,0.0,0.0,0.0,0.0,0.0,1.8009474277496338,0.0,0.0,0.0,0.5272305011749268,0.0,0.0,0.0,0.0,0.0,1.9350589513778687,0.0,0.0,0.0,0.0,13.179810523986816,0.0,0.0,0.0,3.696420192718506,0.0,0.0,0.0,0.0,0.0,0.0,0.0,0.0,4.782359600067139,0.0,1.7775616645812988,0.0,0.0,0.0,0.0,0.0,0.0,18.60982894897461,0.0,0.0,0.0,0.0,0.0,0.0,3.8583028316497803,0.0,0.0,0.0,0.0,0.0,0.0,0.0,0.0,0.0,0.0,0.0,0.0,0.0,0.0,0.0,0.0,0.0,0.0,0.0,0.0,3.9618406295776367,0.0,0.0,0.0,0.0,0.0,0.0,0.0,0.0,0.0,0.0,0.0,0.0,0.0,0.0,0.0,0.0,0.0,0.0,26.365463256835938,0.0,0.0,0.0,0.0,0.0,0.0,0.0,0.0,0.0,0.0,0.0,0.0,0.0,0.0,0.0,6.157917499542236,4.643500328063965,0.0,0.0,0.0,0.0,0.0,0.0,0.0,8.820547103881836,0.0,0.0,0.0,0.0,0.0,0.0,0.0,0.0,0.0,0.0,0.0,0.0,0.0,0.0,0.0,0.0,0.0,0.0,0.0,0.0,0.0,1.3728878498077393,0.0,0.0,0.0,0.0,0.0,0.0,0.0,1.0502194166183472,0.0,0.0,0.0,0.0,0.0,0.0,0.0,0.0,0.6815842390060425,0.0,8.043078422546387,0.0,0.0,0.0,0.0,0.0,0.0,0.0,0.0,0.0,0.0,0.0,0.0,0.0,0.0,11.206803321838379,0.0,0.0,0.0,0.0,0.0,0.0,0.0,0.0,0.0,0.0,0.0,0.0,0.0,0.0,0.0,0.0,0.0,0.0,0.0,0.0,0.0,0.0,0.0,0.0,0.0,0.0,0.0,15.470973014831543,0.0,0.0,0.0,0.0,0.0,0.0,0.0,0.0,0.0,0.0,0.0,0.0,0.0,0.0,0.0,0.0,0.0,0.0,0.0,0.0,0.0,0.0,0.0,0.0,0.0,0.0,0.0,0.0,0.0,0.0,0.0,0.0,0.0,0.0,0.0,0.0,0.0,0.0,0.0,0.0,0.0,0.0,0.0,0.0,0.0,0.0,0.0,0.0,0.0,0.0,0.0,0.0,10.700942039489746,0.0,0.0,0.0,0.0,0.0,0.0,0.0,0.0,0.0,20.973651885986328,0.0,0.0,0.0,0.0,0.0,0.0,0.0,0.0,0.0,0.0,0.0,0.0,0.0,0.0,0.0,0.0,0.0,0.0,0.0,0.0,2.753596305847168,0.0,0.0,0.0,0.0,0.0,0.0,0.0,0.0,0.0,0.0,0.0,0.0,0.0,0.0,0.0,0.0,0.0,0.0,0.0,0.0,0.0,0.0,0.0,0.0,0.0,0.0,0.0,0.0,0.0,0.0,0.0,0.0,0.0,0.0,0.0,0.0,0.0,10.212263107299805,0.0,0.0,0.0,0.0,0.0,0.0,0.0,0.0,0.0,0.0,0.0,0.0,0.0,0.0,0.0,7.456754207611084,0.0,0.0,12.109305381774902,0.0,0.0,0.0,0.0,0.0,3.249220371246338,0.0,0.0,0.0,0.0,0.0,0.0,0.0,0.0,0.0,0.0,0.0,0.0,0.0,0.0,0.0,0.0,0.0,0.0,25.80217170715332,0.0,0.0,0.0,0.0,0.0,0.0,0.0,0.0,8.0934476852417,0.0,0.0,0.0,0.0,0.0,0.0,0.0,0.0,0.0,0.0,0.0,25.648897171020508,0.0,0.0,0.0,0.0,0.0,0.0,0.0,0.0,0.0,0.0,0.0,0.0,0.0,0.0,0.0,0.0,0.0,0.0,0.0,0.0,0.0,31.785919189453125,0.0,0.0,0.0,0.0,0.0,0.0,0.0,0.0,0.0,0.0,0.0,0.0,0.0,0.0,0.0,0.0,0.0,0.0,0.0,0.0,0.0,0.0,12.712027549743652,0.0,0.0,0.0,0.0,0.0,0.0,0.0,0.0,0.0,0.0,0.0,0.0,0.0,0.0,0.0,0.0,0.0,0.0,0.0,0.0,0.0,0.0,0.0,0.0,0.0,0.0,0.0,0.0,0.0,0.0,0.0,0.0,0.0,0.0,0.0,0.0,18.143295288085938,0.0,0.0,0.0,0.0,0.0,0.0,0.0,0.0,0.0,0.0,0.0,0.0,0.06749534606933594,0.0,0.0,0.0,0.0,0.0,36.73706817626953,0.0,0.0,0.0,0.0,0.0,0.0,0.0,0.0,0.0,0.0,0.0,0.0,0.0,0.8541203141212463,0.0,0.0,0.0,0.0,0.0,0.0,0.0,0.0,0.0,0.0,0.0,0.0,0.0,0.0,2.857654094696045,0.0,0.0,0.0,0.0,0.0,0.0,0.0,0.0,2.098059892654419,0.0,0.0,0.0,0.0,0.0,0.0,0.0,0.0,0.0,0.0,0.0,0.0,0.0,0.0,0.0,0.0,0.0,0.0,0.0,0.0,18.635845184326172,0.0,0.0,0.0,0.0,0.0,0.0,0.0,0.0,5.363230228424072,0.0,0.0,0.0,0.0,0.0,0.0,0.0,0.0,0.0,0.0,0.0,0.0,0.0,0.0,0.0,0.0,0.0,0.0,0.0,0.0,0.0,0.0,0.0,0.0,0.0,0.0,0.0,0.0,0.0,0.0,2.817535161972046,2.8197531700134277,7.840495586395264,0.0,0.0,0.0,0.0,0.0,0.0,0.0,0.0,0.0,0.0,0.0,0.0,0.0,33.51580047607422,0.0,0.0,0.0,0.0,0.0,0.0,0.0,0.0,0.0,0.0,0.0,0.0,0.0,0.0,0.0,3.3380095958709717,0.0,0.0,0.0,0.0,0.0,0.0,0.0,0.0,31.206602096557617,0.0,0.0,0.0,0.0,0.0,0.0,0.0,0.0,0.0,0.0,0.0,0.0,8.136634826660156,0.0,0.0,0.0,0.0,0.0,0.0,0.0,0.0,20.854658126831055,0.0,0.0,7.85768461227417,0.0,0.0,0.0,0.0,0.0,0.0,0.0,0.0,0.0,0.0,0.0,0.0,0.0,3.564551830291748,0.0,0.0,0.0,0.0,0.0,0.0,0.0,0.0,4.456936359405518,0.0,0.0,0.0,0.0,0.0,0.0,0.0,7.263692855834961,0.0,0.0,0.0,0.0,5.832426071166992,0.0,0.0,0.0,0.0,0.0,0.0,0.0,0.0,0.0,0.0,0.0,0.0,0.0,0.0,0.0,0.0,0.0,0.0,0.0,0.0,0.0,0.0,0.0,0.0,0.0,0.0,0.0,0.0,0.0,0.0,0.0,0.0,0.0,0.0,0.0,0.0,0.0,0.0,0.0,0.0,0.0,0.0,0.0,0.0,0.0,0.0,0.0,0.0,0.0,0.0,0.0,0.0,0.0,0.0,0.0,0.0,0.0,0.0,0.0,0.0,0.0,0.0,0.0,0.0,0.0,0.0,0.0,0.0,0.0,0.0,0.0,0.0,0.0,0.0,0.0,5.913816452026367,0.0,0.0,0.0,0.0,0.0,0.0,0.0,0.0,0.0,18.201648712158203,0.0,0.0,0.0,0.0,0.0,0.0,0.0,0.0,0.0,0.0,0.0,0.0,0.0,0.0,0.0,0.0,0.0,0.0,0.0,0.0,18.70153045654297,0.0,0.0,0.0,0.0,0.0,0.0,0.0,0.0,0.0,0.0,0.0,0.0,0.0,0.0,0.0,0.0,0.0,0.0,0.0,0.0,0.0,0.0,0.0,0.0,0.0,0.0,0.0,0.0,0.0,0.0,0.0,0.0,0.0,0.0,0.0,0.0,0.0,5.3713698387146,0.0,0.0,0.0,0.0,0.0,0.0,0.0,0.0,0.0,0.0,0.0,0.0,0.0,0.0,0.0,2.9060938358306885,0.0,0.0,0.0,0.0,0.0,0.0,0.0,0.0,1.5315643548965454,0.0,0.0,0.0,0.0,0.0,0.0,0.0,0.0,0.0,0.0,0.0,0.0,0.0,0.0,0.0,0.0,0.0,0.0,25.084850311279297,0.0,0.0,0.0,0.0,0.0,0.0,0.0,0.0,13.696084976196289,0.0,0.0,0.0,0.0,0.0,0.0,0.0,6.3639607429504395,0.0,0.0,0.0,16.75604820251465,0.0,0.0,0.0,0.0,0.0,0.0,0.0,0.0,0.0,0.0,0.0,0.0,0.0,0.0,0.0,0.0,0.0,0.0,0.0,0.0,0.0,6.996933460235596,0.0,0.0,0.0,0.0,0.0,0.0,0.0,0.0,0.0,0.0,0.0,0.0,0.0,0.0,0.0,0.0,0.0,0.0,0.0,0.0,0.0,0.0,18.821102142333984,0.0,0.0,0.0,0.0,0.0,0.0,0.0,0.0,0.0,0.0,1.1965035200119019,0.0,0.0,0.0,0.0,0.0,0.0,0.0,0.0,0.0,0.0,0.0,0.0,0.0,0.0,0.0,0.0,0.0,0.0,0.0,0.0,0.0,0.0,0.0,0.0,0.0,11.827520370483398,0.0,0.0,0.0,0.0,0.0,0.0,0.0,0.0,0.0,0.0,0.0,0.0,3.6917805671691895,0.0,0.0,0.0,0.0,0.0,52.502174377441406,0.0,0.0,0.0,0.0,0.0,0.0,0.0,0.0,0.0,0.0,0.0,0.0,0.0,0.0,0.0,0.0,0.0,0.0,0.0,0.0,0.0,0.0,0.0,0.0,0.0,0.0,0.0,0.0,0.0,0.0,0.0,0.0,0.0,0.0,0.0,0.0,0.0,0.0,0.0,0.0,0.0,0.0,0.0,0.0,0.0,0.0,0.0,0.0,0.0,0.0,0.0,0.0,0.0,0.0,0.0,0.0,0.0,0.0,11.179402351379395,0.0,0.0,0.0,0.0,0.0,0.0,0.0,0.0,0.0,0.0,0.0,0.0,0.0,0.0,0.0,0.0,0.0,0.0,0.0,0.0,0.0,0.0,0.0,0.0,0.0,0.0,9.830684661865234,0.0,0.0,0.0,0.0,1.8159592151641846,0.0,0.0,0.0,0.0,0.0,0.0,0.0,0.0,0.0,6.782161712646484,0.0,0.0,0.0,0.0,0.0,0.0,0.0,0.0,0.0,0.0,0.0,0.0,0.0,22.846912384033203,0.0,0.0,0.0,0.0,0.0,0.0,0.0,0.0,0.0,0.0,0.0,0.0,0.0,0.0,0.0,9.164644241333008,0.0,0.0,0.0,0.0,0.0,0.0,0.0,0.0,25.08099365234375,0.0,0.0,0.0,0.0,0.0,0.0,0.0,0.0,0.0,0.0,0.0,0.0,0.0,0.0,0.0,0.0,0.0,0.0,0.0,0.0,0.0,15.590791702270508,0.0,0.0,11.7894868850708,0.0,0.0,0.0,0.0,0.0,0.0,0.0,0.0,0.0,0.0,0.0,0.0,0.0,0.673205554485321,0.0,0.0,0.0,0.0,0.0,0.0,0.0,0.0,3.796797037124634,0.0,0.0,0.0,0.0,0.0,0.0,0.0,0.0,0.0,0.0,0.0,0.0,4.576718330383301,0.0,0.0,9.71435546875,0.0,0.0,0.0,0.0,0.0,0.0,0.0,0.0,0.0,0.0,0.0,0.0,0.0,0.0,0.0,0.0,0.0,0.0,0.0,0.0,0.0,0.0,0.0,0.0,0.0,0.0,0.0,0.0,0.0,0.0,33.29793930053711,0.0,0.0,0.0,0.0,0.0,0.0,0.0,0.0,0.0,0.0,0.0,0.0,0.0,0.0,0.0,0.0,0.0,0.0,0.0,0.0,0.0,0.0,0.0,0.0,0.0,0.0,0.0,0.0,0.0,0.0,0.0,0.0,0.0,0.0,0.0,0.0,0.0,0.0,0.0,0.0,0.0,0.0,0.0,0.0,0.0,0.0,0.0,0.0,0.0,0.0,0.0,0.0,0.0,0.0,0.0,18.611448287963867,0.0,0.0,4.392244338989258,0.0,0.0,0.0,0.0,0.0,0.0,0.0,0.0,0.0,0.0,0.0,0.0,0.0,24.408491134643555,0.0,0.0,0.0,0.0,0.0,0.0,0.0,0.0,0.0,0.0,0.0,0.0,0.0,0.0,0.0,0.0,0.0,0.0,0.0,0.0,0.0,0.0,0.0,0.0,0.0,0.0,0.0,0.0,0.0,0.0,0.0,0.0,0.0,0.0,0.0,0.0,0.0,3.183469295501709,0.0,0.0,0.0,0.0,0.0,0.0,0.0,0.0,0.0,0.0,0.0,0.0,0.0,0.0,0.0,0.0,0.0,0.0,0.0,0.0,0.0,0.0,0.0,0.0,0.0,0.0,0.0,0.0,0.0,0.0,0.0,0.0,0.0,0.0,0.0,0.0,0.0,0.0,0.0,0.0,0.0,0.0,12.161323547363281,0.0,0.0,0.0,0.0,0.0,0.0,0.0,0.0,0.0,36.19839096069336,0.0,0.0,0.0,0.0,0.0,0.0,0.0,28.778812408447266,0.0,0.0,0.0,14.226812362670898,0.0,0.0,0.0,0.0,0.0,0.0,0.0,0.0,0.0,1.728283166885376,0.0,0.0,0.0,0.0,0.0,0.0,0.0,0.44614148139953613,0.0,0.0,0.0,0.0,0.0,2.274517297744751,0.0,0.0,0.0,0.0,0.0,0.0,0.0,0.0,0.0,0.0,0.0,0.0,0.0,0.0,0.0,0.0,0.0,0.0,0.0,0.0,6.824525833129883,0.0,28.069467544555664,0.0,0.0,0.0,0.0,10.850639343261719,0.0,0.0,0.0,5.217799186706543,0.0,0.0,0.0,0.0,0.0,0.0,0.0,0.0,0.0,0.0,0.0,0.0,0.0,0.0,0.0,0.0,0.0,0.0,0.0,0.0,0.0,0.0,0.0,0.0,0.0,0.0,0.0,0.0,0.0,0.0,0.0,0.0,0.0,0.0,0.0,0.0,0.0,0.0,3.1136374473571777,0.0,0.0,0.0,0.0,0.0,37.09775161743164,0.0,0.0,0.0,0.0,0.0,0.0,0.0,0.0,0.0,0.0,0.0,0.0,0.0,0.0,0.0,0.0,0.0,0.0,0.0,0.0,0.0,0.0,0.0,0.0,0.0,0.0,0.0,13.943856239318848,0.0,0.0,0.0,0.0,0.0,0.0,0.0,0.0,0.0,0.0,7.5317583084106445,0.0,0.0,0.0,0.0,0.0,0.0,0.0,0.0,0.0,0.0,0.0,0.0,0.0,0.0,0.0,0.0,0.0,0.0,0.0,7.8341569900512695,0.0,0.0,0.0,0.0,0.0,0.0,0.0,0.0,0.0,0.0,0.0,0.0,0.0,0.0,0.0,0.0,0.0,0.0,0.0,0.0,0.0,0.0,0.0,0.0,0.0,0.0,5.049716472625732,0.0,0.0,0.0,0.0,0.0,5.318973541259766,0.0,0.0,0.0,3.136577606201172,0.0,0.0,0.0,0.0,0.0,0.0,0.0,0.0,0.0,0.0,0.0,0.0,0.0,0.0,0.0,0.0,12.850811004638672,0.0,27.860647201538086,0.0,0.0,0.0,0.0,0.0,0.0,0.0,0.0,0.0,0.0,0.0,0.0,0.0,0.0,0.0,0.0,0.0,0.0,0.0,0.0,0.0,0.0,0.0,0.0,0.0,0.0,0.0,0.0,0.0,0.0,0.0,0.0,0.0,0.0,3.3536593914031982,0.0,0.0,0.0,0.0,0.0,0.0,0.0,0.0,0.0,0.0,0.0,0.0,0.0,0.0,22.406644821166992,0.0,0.0,0.0,0.0,0.0,0.0,0.0,0.0,0.0,0.0,0.0,0.0,0.0,0.0,0.0,0.0,0.0,0.0,0.0,0.0,0.0,0.0,0.0,0.0,0.0,0.0,0.0,0.0,0.0,0.0,0.0,0.0,0.0,0.0,0.0,0.0,0.0,0.0,10.456551551818848,0.0,0.0,0.0,0.0,0.0,0.0,0.0,1.5457409620285034,0.0,0.0,0.0,0.0,0.0,0.0,0.0,0.0,0.0,0.0,0.0,0.0,0.0,0.0,0.0,0.0,0.0,0.0,0.0,0.0,0.0,0.0,19.1162109375,0.0,0.0,0.0,0.0,0.0,0.0,0.0,0.0,0.0,0.0,0.0,0.0,0.0,0.0,0.0,0.0,0.0,0.0,0.0,0.0,0.0,0.0,0.0,0.0,0.0,0.0,0.0,0.0,0.0,0.0,0.0,0.0,0.0,0.0,0.0,0.0,0.0,0.0,0.0,0.0,0.0,0.0,0.0,0.0,0.0,0.0,0.0,0.0,0.0,0.0,0.0,0.0,20.854782104492188,0.0,0.0,14.05720329284668,0.0,0.0,0.0,0.0,0.0,0.0,0.0,0.0,0.0,0.0,0.0,0.0,0.0,0.0,0.0,0.0,15.499934196472168,0.0,0.0,0.0,0.0,0.0,0.0,0.0,0.0,0.0,0.0,0.0,0.0,0.0,0.0,0.0,0.0,0.0,0.0,0.0,0.0,0.0,0.0,0.0,0.0,0.0,0.0,0.0,0.0,0.0,0.0,0.0,0.0,0.0,0.0,0.0,2.406285047531128,0.0,4.018502235412598,0.0,0.0,0.0,0.0,0.0,0.0,0.0,0.0,0.0,0.0,0.0,0.0,0.0,0.0,0.0,10.262748718261719,0.0,0.0,0.0,0.0,0.0,0.0,0.0,0.0,0.0,0.0,0.0,0.0,0.0,0.0,0.0,0.0,0.0,0.0,0.0,0.0,0.0,0.0,0.0,0.0,0.0,0.0,0.0,0.0,0.0,0.0,0.0,0.0,0.0,0.0,0.0,0.0,19.38542366027832,0.0,0.0,0.0,0.0,0.0,0.0,0.0,16.492725372314453,0.0,0.0,0.0,30.78074836730957,0.0,0.0,0.0,0.0,0.0,0.0,0.0,0.0,0.0,1.7405221462249756,0.0,0.0,0.0,0.0,0.0,0.0,0.0,3.449242115020752,0.0,0.0,0.0,0.0019029825925827026,0.0,0.0,0.0,0.0,0.0,0.0,0.0,0.0,0.0,0.0,0.0,0.0,0.0,0.0,0.0,0.0,0.0,0.0,0.0,0.0,0.0,0.0,29.583396911621094,0.0,0.0,0.0,0.0,0.0,0.0,1.4159934520721436,0.0,0.0,0.0,6.100313663482666,0.0,0.0,0.0,0.0,0.0,0.0,0.0,0.0,0.0,0.0,0.0,0.0,0.0,0.0,0.0,0.0,0.0,0.0,0.0,0.0,0.0,0.0,0.0,0.0,0.0,0.0,0.0,0.0,0.0,0.0,0.0,0.0,0.0,0.0,0.0,0.0,0.0,0.21654854714870453,14.866825103759766,0.0,0.0,0.0,0.0,0.0,27.968351364135742,0.0,0.0,0.0,0.0,0.0,0.0,0.0,0.0,0.0,0.0,0.0,0.0,0.0,0.0,0.0,0.0,0.0,0.0,0.0,0.0,0.0,0.0,0.0,0.0,0.0,0.0,0.0,0.0,0.0,0.0,0.0,0.0,0.0,0.0,0.0,0.0,0.0,0.0,0.0,0.0,0.0,0.0,0.0,0.0,0.0,0.0,0.0,0.0,0.0,0.0,0.0,0.0,0.0,0.0,0.0,0.0,0.0,0.0,34.30719757080078,0.0,0.0,0.0,0.0,0.0,0.0,0.0,0.0,0.0,0.0,0.0,0.0,0.0,0.0,0.0,0.0,0.0,0.0,0.0,0.0,0.0,0.0,0.0,0.0,0.0,0.0,3.042313814163208,0.0,0.0,0.0,0.0,0.0,0.0,0.0,0.0,0.0,1.666532039642334,0.0,0.0,0.0,0.0,0.0,0.0,0.0,0.0,0.0,0.0,0.0,0.0,0.0,0.0,0.0,0.0,16.907062530517578,0.0,46.1355094909668,0.0,0.0,0.0,0.0,0.0,0.0,0.0,0.0,0.0,0.0,0.0,0.0,0.0,0.0,0.0,0.0,0.0,0.0,0.0,0.0,0.0,0.0,0.0,0.0,0.0,0.0,0.0,0.0,0.0,0.0,0.0,0.0,0.0,0.0,0.0,0.0,0.0,0.0,0.0,0.0,0.0,0.0,0.0,0.0,0.0,0.0,0.0,0.0,0.0,21.15973663330078,0.0,0.0,0.0,0.0,0.0,0.0,0.0,0.0,0.0,0.0,0.0,0.0,0.0,6.922515392303467,0.0,0.0,0.0,7.476889610290527,0.0,0.0,0.0,0.0,0.0,0.0,0.0,0.0,0.0,0.0,0.0,0.0,0.0,0.0,0.0,0.0,0.0,0.0,0.0,0.0,0.0,0.0,0.0,0.0,0.0,0.0,0.0,0.0,0.0,0.0,0.0,0.0,0.0,0.0,0.0,0.0,0.0,0.0,0.0,0.0,0.0,0.0,0.0,0.0,0.0,0.0,0.0,0.0,0.0,0.0,0.0,0.0,0.0,0.0,0.0,0.0,0.0,0.0,0.0,0.0,0.0,0.0,0.0,0.0,0.0,0.0,0.0,0.0,0.0,0.0,0.0,0.0,0.0,0.0,0.0,0.0,0.0,0.0,0.0,0.0,0.0,0.0,0.0,0.0,0.0,0.0,0.0,0.0,0.0,0.0,0.0,0.0,0.0,2.009223461151123,0.0,0.0,0.0,0.0,0.0,0.0,0.0,0.0,0.0,13.00031566619873,0.0,0.0,0.0,0.0,0.0,0.0,0.0,0.0,0.0,0.0,0.0,0.0,0.0,0.0,0.0,0.0,4.044098377227783,0.0,0.0,0.0,10.4120512008667,0.0,0.0,0.0,0.0,0.0,0.0,0.0,0.0,0.0,0.0,0.0,0.0,0.0,0.0,0.0,0.0,0.0,0.0,0.0,0.0,0.0,0.0,0.0,0.0,0.0,0.0,0.0,0.0,0.0,0.0,0.0,0.0,0.0,0.0,0.0,0.0,0.0,3.5531492233276367,12.747220039367676,0.0,0.0,0.0,0.0,0.0,0.0,0.0,0.0,0.0,0.0,0.0,0.0,0.0,0.0,36.88601303100586,0.0,0.0,0.0,0.0,0.0,0.0,0.0,0.0,23.098846435546875,0.0,0.0,0.0,0.0,0.0,0.0,0.0,0.0,0.0,0.0,0.0,0.0,0.0,0.0,0.0,0.0,0.0,0.0,0.0,0.0,0.0,0.0,0.0,0.0,0.0,0.0,0.0,0.0,0.0,0.0,0.0,0.0,0.0,0.0,0.0,0.0,0.0,0.0,0.0,32.57805633544922,0.0,0.0,0.0,0.0,0.0,0.0,0.0,0.0,0.0,0.0,0.0,0.0,0.0,0.0,0.0,0.0,0.0,0.0,0.0,0.0,0.0,0.0,0.0,0.0,0.0,0.0,0.0,0.0,0.0,0.0,0.0,0.0,0.0,0.0,0.0,0.0,0.0,0.0,0.0,0.0,0.0,0.0,0.0,0.0,45.88035202026367,0.0,0.0,0.0,4.578554630279541,0.0,0.0,0.0,0.0,0.0,0.0,0.0,0.0,0.0,0.0,0.0,0.0,0.0,0.0,0.0,0.0,6.799651145935059,0.0,0.0,0.0,0.0,0.0,0.0,0.0,11.054533004760742,0.0,0.0,0.0,0.0,0.0,0.0,0.0,0.0,0.0,0.0,0.0,0.0,0.0,0.0,0.0,0.0,0.0,0.0,0.0,2.962430238723755,12.197822570800781,0.0,0.0,0.0,0.0,0.0,49.203712463378906,0.0,0.0,0.0,0.0,0.0,0.0,0.0,0.0,0.0,0.0,0.0,0.0,0.0,0.0,0.0,0.0,0.0,0.0,0.0,0.0,0.0,0.0,0.0,0.0,0.0,0.0,2.094789981842041,0.0,0.0,0.0,0.0,0.0,0.0,0.0,0.09125127643346786,0.0,0.0,0.0,0.0,0.0,0.0,0.0,0.0,7.2105631828308105,0.0,0.0,0.0,0.0,0.0,2.4809131622314453,0.0,0.0,0.0,0.0,0.0,0.0,0.0,0.0,35.25336456298828,0.0,0.0,0.0,0.0,0.0,0.0,0.0,0.0,0.0,0.0,0.0,0.0,0.0,0.0,0.0,0.0,0.0,0.0,0.0,0.0,0.0,0.0,0.0,0.0,0.0,0.0,14.406564712524414,0.0,0.0,0.0,0.0,0.0,0.0,0.0,0.0,0.0,0.0,0.0,0.0,0.0,0.0,0.0,0.0,0.0,0.0,0.0,0.0,0.0,0.0,0.0,0.0,0.0,0.0,0.0,0.0,50.74009323120117,0.0,0.0,0.0,0.0,0.0,0.0,0.0,0.0,0.0,0.0,0.0,0.0,0.0,0.0,0.0,0.0,0.0,0.0,0.0,0.0,0.0,0.0,0.0,0.0,10.729241371154785,0.0,0.0,0.0,0.0,0.0,0.0,0.0,0.0,0.0,0.0,0.0,0.0,0.0,0.0,0.0,0.0,0.0,0.0,0.0,0.0,0.0,5.153698921203613,0.0,0.0,17.274276733398438,0.0,0.0,0.0,0.6673771142959595,0.0,0.0,0.0,0.0,0.0,0.0,0.0,0.0,0.0,2.895399570465088,0.0,0.0,0.0,1.9187211990356445,0.0,0.0,0.0,0.0,0.0,0.0,0.0,0.0,0.0,2.025054931640625,0.0,0.0,0.0,0.0,0.0,0.8174484968185425,0.0,0.0,0.0,0.0,0.0,0.0,0.0,0.0,0.0,0.0,0.0,2.4106149673461914,0.0,11.278154373168945,0.0,0.0,0.0,0.0,0.0,0.0,0.0,0.0,0.0,0.0,7.885189533233643,0.0,0.0,5.146091461181641,18.404823303222656,11.651154518127441,0.0,0.0,0.0,0.0,0.0,0.0,0.0,0.0,0.0,0.0,0.0,0.0,0.0,0.0,0.0,0.0,0.0,0.0,0.0,0.0,0.0,3.779947280883789,0.0,0.0,0.0,0.0,0.0,0.0,0.0,0.0,0.0,0.0,0.0,0.0,0.0,0.0,0.0,0.0,0.0,0.0,0.0,0.0,0.0,0.0,0.0,0.0,0.0,0.0,0.0,0.0,0.0,0.0,0.0,0.0,0.0,0.0,0.0,11.126537322998047,0.0,0.0,0.0,6.45862340927124,0.0,0.0,0.0,0.0,0.0,0.0,0.0,0.0,0.0,12.850276947021484,0.0,0.0,0.0,0.0,17.038644790649414,0.0,1.010006070137024,0.0,0.0,0.0,0.0,0.0,3.1468632221221924,0.0,0.7768819332122803,0.0,9.359674453735352,0.0,0.0,0.0,0.0,4.174529552459717,0.0,0.0,0.0,2.9724247455596924,0.0,0.0,0.0,0.0,0.0,0.783011794090271,0.0,0.0,0.0,0.0,13.327326774597168,0.0,0.0,0.0,18.86072540283203,0.0,0.0,0.0,15.624883651733398,1.2600895166397095,0.0,0.0,0.0,0.0,6.913646697998047,0.0,0.0,0.0,0.0,0.0,5.911683082580566,0.0,0.0,0.0,9.545174598693848,0.0,0.0,0.0,0.0,0.0,0.0,0.0,7.539749622344971,43.37811279296875,0.0,0.0,0.0,4.656441688537598,0.0,0.0,0.0,0.0,4.261606216430664,0.0,0.0,0.0,0.0,0.0,0.0,0.0,0.0,16.037012100219727,0.0,0.0,0.0,4.685729026794434,8.820086479187012,0.0,0.0,0.0,0.0,0.0,0.0,0.0,16.0566349029541,0.0,0.0,0.0,0.0,0.0,0.0,0.0,0.0,7.665419578552246,0.0,0.0,0.0,0.0,0.0,0.0,0.0,0.0,0.0,0.0,6.5648579597473145,0.0,0.0,0.0,0.0,0.0,0.0,0.0,0.0,0.0,0.0,0.0,0.0,0.0,1.5610790252685547,0.0,0.0,0.0,0.0,0.0,0.0,14.697629928588867,0.0,0.0,0.0,0.0,0.0,0.0,0.0,0.0,0.0,0.0,0.0,0.0,11.058497428894043,0.0,0.0,0.0,0.0,0.0,0.0,0.0,0.0,1.4710205793380737,0.0,0.0,0.0,0.0,0.0,0.0,16.156105041503906,0.0,0.0,0.0,0.0,0.0,0.0,0.0,0.0,0.0,0.0,0.0,0.0,14.734846115112305,0.0,0.0,0.0,0.0,8.289504051208496,0.0,0.0,0.0,0.0,0.0,0.0,0.0,0.0,0.0,0.0,0.0,0.0,0.0,0.0,2.813524007797241,18.517976760864258,0.0,0.0,0.0,0.0,0.0,37.13193130493164,0.0,0.0,0.0,0.0,0.0,0.0,0.5568569302558899,0.0,0.0,0.0,0.0,12.782295227050781,0.0,10.15195083618164,8.373559951782227,0.0,0.058394819498062134,0.0,0.0,0.0,0.0,0.0,0.0,0.0,0.0,0.0,33.0925178527832,2.2278454303741455,0.0,4.490108966827393,0.0,0.0,0.0,0.0,9.50917911529541,0.0,0.0,5.315276622772217,0.0,0.0,0.0,0.29319432377815247,0.0,15.15427017211914,0.0,2.7191338539123535,0.0,0.0,0.0,21.34267807006836,0.0,0.0,0.0,1.9838517904281616,0.0,0.0,0.0,2.644883632659912,23.753387451171875,0.0,0.0,0.0,0.0,0.0,0.0,0.0,0.0,12.08813190460205,6.999438285827637,0.0,0.0,0.0,3.035068988800049,9.595444679260254,0.0,0.0,0.0,0.0,0.0,0.0,0.0,0.0,0.0,0.0,0.0,15.064940452575684,0.0,0.0,0.0,0.0,3.4825220108032227,0.0,0.0,0.0,0.0,0.0,0.0,0.0,0.0,14.358229637145996,0.0,0.0,0.0,0.0,0.0,15.96729850769043,0.0,0.0,0.0,0.0,0.0,0.0,0.0,0.0,26.10871696472168,0.0,0.0,0.0,0.0,0.0,0.0,0.0,0.0,0.23676320910453796,2.3326616287231445,0.0,14.071353912353516,0.0,0.0,0.0,3.1301681995391846,0.0,0.0,0.0,0.0,10.320708274841309,0.0,0.0,0.0,8.429418563842773,0.0,0.0,0.0,0.0,0.0,0.0,0.0,0.0,0.0,0.0,0.0,5.178383827209473,0.0,0.0,0.0,0.0,0.0,0.0,0.0,0.0,6.204996109008789,3.7459967136383057,3.193495750427246,15.769253730773926,12.387621879577637,0.0,0.0,0.0,15.390790939331055,0.0,0.0,0.0,0.0,0.0,0.0,0.0,0.0,0.0,4.552362442016602,0.0,0.0,0.0,0.0,0.0,0.0,1.3069617748260498,0.0,1.5417206287384033,0.0,0.0,0.0,0.0,0.0,0.0,0.0,0.0,0.0,0.0,0.617178201675415,0.0,0.0,0.0,0.0,0.0,0.0,0.0,0.0,0.0,0.0,1.0331571102142334,0.0,0.0,0.0,0.0,0.0,0.0,0.0,0.0,0.0,0.0,0.0,0.0,0.0,29.60483169555664,0.0,0.0,0.0,0.0,0.0,0.0,0.0,0.0,0.0,0.0,0.0,0.0,0.0,0.0,0.0,0.0,0.0,0.0,0.0,0.0,0.0,1.690011739730835,0.0,0.0,0.0,0.0,0.0,0.0,0.0,0.0,0.0,0.0,0.0,0.0,0.0,0.0,0.0,0.0,0.0,0.19722776114940643,0.0,0.0,0.0,0.0,0.0,0.0,0.0,0.0,0.0,0.0,0.0,0.0,0.0,0.0,0.0,0.0,0.0,0.0,0.0,0.0,0.0,0.0,0.0,7.396682262420654,0.0,0.0,0.0,0.0,0.0,0.0,0.0,0.0,0.0,0.0,0.0,0.0,0.0,0.0,0.0,0.0,0.0,0.0,0.0,0.0,0.0,0.0,0.0,0.0,0.0,0.0,0.0,0.0,0.0,0.0,0.0,0.0,0.0,0.0,0.0,0.0,0.0,0.0,0.0,0.0,0.0,0.0,0.0,0.0,0.0,0.0,0.0,0.0,0.0,0.0,0.0,0.0,0.0,0.0,0.0,3.176943063735962,0.0,9.205060958862305,0.0,0.0,0.0,0.0,0.0,0.0,0.0,0.0,0.0,0.0,0.0,0.0,0.0,0.0,0.0,0.0,0.0,0.0,0.0,0.0,0.0,0.0,0.0,0.0,0.0,0.0,0.0,0.0,0.0,0.0,0.0,0.0,0.0,0.0,0.0,0.0,0.0,0.0,0.0,0.0,0.0,0.0,0.0,0.0,0.0,0.0,0.0,0.0,0.0,0.0,0.0,0.0,17.58944320678711,0.0,0.0,0.0,0.0,0.0,0.0,0.0,0.0,0.0,0.0,0.0,22.6207275390625,0.0,0.0,0.0,0.0,0.0,0.0,0.0,0.0,0.0,0.0,0.0,0.0,0.0,0.0,0.0,0.0,0.0,0.0,0.0,0.0,0.0,0.0,0.0,0.0,0.0,0.0,0.0,0.0,0.0,0.0,0.0,2.140418291091919,0.0,0.0,0.0,0.0,0.0,0.0,0.0,0.0,0.0,0.0,0.0,0.0,8.761362075805664,0.0,0.0,0.0,0.0,0.0,0.0,0.4444665312767029,0.0,0.0,3.9075264930725098,0.0,0.0,0.0,0.0,0.0,0.0,0.0,0.0,0.0,0.0,0.0,0.0,0.0,0.0,0.0,0.0,0.0,0.0,0.0,0.0,0.0,0.0,0.0,0.0,0.0,0.0,0.0,0.0,0.0,0.0,0.0,0.0,0.0,0.0,0.0,0.0,0.0,0.0,0.0,3.3139700889587402,0.0,0.0,0.0,0.0,0.0,16.34846305847168,0.0,0.0,0.0,0.0,0.0,0.0,0.0,0.0,0.0,0.0,0.0,2.675135374069214,0.0,0.0,0.0,0.0,0.0,0.0,0.0,0.0,0.0,0.0,0.0,0.0,0.0,0.0,0.0,0.0,0.0,0.0,0.0,0.0,0.0,0.0,0.0,0.0,0.0,0.0,0.0,0.0,0.0,0.0,0.0,0.0,0.0,0.0,0.0,0.0,0.0,0.0,0.0,0.0,0.0,0.0,0.0,0.0,0.0,0.0,0.016197171062231064,0.0,0.0,0.0,0.0,0.0,0.0,0.0,0.0,0.0,0.0,0.0,0.0,0.0,0.0,0.0,3.556638240814209,0.0,0.0,0.0,0.0,0.0,0.0,0.0,0.0,0.0,0.0,0.0,0.0,0.0,0.0,0.0,0.0,0.0,0.0,0.0,0.0,5.0283308029174805,0.0,0.0,0.0,0.0,0.0,0.0,0.0,0.0,0.0,0.0,0.0,0.0,0.0,0.0,0.0,0.0,0.0,0.0,36.201629638671875,0.0,0.0,0.0,0.0,0.0,0.0,0.0,0.0,0.0,0.0,0.0,0.0,0.0,0.0,0.0,0.0,0.0,0.0,0.0,0.0,0.0,0.0,0.0,0.0,0.0,0.0,0.0,0.0,0.0,0.0,0.0,0.0,0.0,0.0,0.0,0.0,0.0,0.0,0.0,0.0,0.0,0.0,0.0,0.0,0.0,0.0,0.0,0.0,0.0,8.488505363464355,0.0,0.0,0.0,0.0,0.0,0.0,0.0,0.0,0.0,0.0,0.0,0.0,0.0,0.0,0.0,0.0,0.0,0.0,0.0,0.0,0.0,0.0,0.0,0.0,0.0,0.0,0.0,0.0,0.0,0.0,0.0,0.0,0.0,0.0,0.0,0.0,0.0,0.0,0.0,0.0,0.0,0.0,0.0,0.0,0.0,0.0,0.0,0.0,0.0,0.0,0.0,0.0,0.0,0.0,0.0,0.0,0.0,0.0,26.384443283081055,0.0,0.0,0.0,0.0,0.0,0.0,0.0,0.0,0.0,0.0,0.0,0.0,0.0,0.0,0.0,0.0,0.0,0.0,0.0,0.0,0.0,0.0,0.0,0.0,0.0,0.0,0.0,0.0,0.0,0.0,0.0,0.0,0.0,0.0,0.0,0.0,0.0,0.0,0.0,0.0,0.0,0.0,0.0,0.0,0.0,0.0,0.0,0.0,0.0,0.0,0.0,0.0,0.0,0.0,0.0,0.0,0.0,0.0,0.0,0.0,0.0,0.0,0.0,0.0,0.0,0.0,0.0,0.0,0.0,0.0,0.0,0.0,0.0,0.0,0.0,0.0,0.0,0.0,0.0,0.0,0.0,0.0,0.0,0.0,0.0,0.0,0.0,0.0,0.0,0.0,0.0,0.0,0.0,0.0,0.0,0.0,0.0,0.0,0.0,0.0,0.0,0.0,0.0,0.0,0.0,0.0,0.0,0.0,0.0,0.0,0.0,0.0,0.0,0.0,0.0,0.0,0.0,0.0,0.0,8.22247314453125,0.0,0.0,0.0,0.0,0.0,0.0,0.0,0.0,0.0,0.0,0.0,0.0,0.0,0.0,0.0,0.0,0.0,0.0,0.0,0.0,0.0,0.0,0.0,0.0,0.0,0.0,0.0,0.0,0.0,0.0,0.0,0.0,0.0,0.0,0.0,0.0,0.0,0.0,0.0,0.0,0.0,0.0,0.0,0.0,0.0,0.0,0.0,0.0,0.0,0.0,0.0,0.0,0.0,0.0,0.0,0.0,0.0,0.0,0.0,0.0,0.0,0.0,0.0,0.0,0.0,0.0,28.775028228759766,0.0,0.0,0.0,0.0,0.0,0.0,0.0,0.0,0.0,0.0,0.0,0.0,0.0,0.0,0.0,0.0,0.0,0.0,0.0,0.0,0.0,0.0,0.0,0.0,0.0,0.0,0.0,0.0,0.0,0.0,0.0,0.0,0.0,0.0,0.0,0.0,0.0,0.0,0.0,0.0,0.0,0.0,0.0,0.0,0.0,0.0,0.0,0.0,0.0,0.0,0.0,0.0,0.0,0.0,0.0,0.0,0.0,0.0,0.0,0.0,0.0,0.0,0.0,0.0,0.0,0.0,0.0,0.0,0.0,0.0,0.0,0.0,0.0,0.0,0.0,0.0,0.0,0.0,0.0,0.0,0.0,0.0,0.0,0.0,0.0,0.0,0.0,0.0,0.0,0.0,0.0,0.0,0.0,0.0,0.0,0.0,0.0,0.0,0.0,0.0,0.0,0.0,0.0,0.0,0.0,0.0,0.0,0.0,0.0,0.0,0.0,0.0,0.0,0.0,0.0,0.0,0.0,0.0,0.0,0.0,0.0,0.0,0.0,0.0,0.0,0.0,0.0,0.0,0.0,0.0,0.0,0.0,0.0,0.0,0.0,0.0,0.0,0.0,0.0,0.0,0.0,0.0,0.0,0.0,0.0,0.0,0.0,0.0,0.0,0.0,0.0,0.0,0.0,0.0,0.0,0.0,0.0,0.0,0.0,7.984683513641357,0.0,0.0,0.0,0.0,0.0,0.0,0.0,0.0,0.0,0.0,0.0,0.0,0.0,0.0,0.0,0.0,0.0,0.0,0.0,0.0,0.0,0.0,0.0,0.0,0.0,0.0,0.0,0.0,0.0,0.0,0.0,0.0,0.0,0.0,0.0,0.0,0.0,0.0,0.0,0.0,0.0,0.0,0.0,0.0,0.0,0.0,0.0,0.0,0.0,0.0,0.0,0.0,0.0,0.0,0.0,38.88445281982422,0.0,0.0,0.0,0.0,4.534120082855225,0.0,0.0,0.0,0.0,0.0,0.0,0.0,0.0,0.0,0.0,0.0,0.0,0.0,0.0,0.0,0.0,0.0,0.0,0.0,0.0,0.0,0.0,0.0,0.0,0.0,0.0,0.0,0.0,0.0,0.0,0.0,0.0,0.0,0.0,0.0,0.0,0.0,0.0,0.0,0.0,0.0,0.0,0.0,0.0,14.52392292022705,0.0,0.0,0.0,0.0,0.0,0.0,0.0,0.0,0.0,0.0,0.0,0.0,0.0,0.0,0.0,0.0,0.0,0.0,0.0,0.0,0.0,0.0,0.0,0.0,0.0,0.0,0.0,0.0,0.0,0.0,0.0,0.0,0.0,0.0,0.0,1.9819127321243286,0.0,0.0,0.0,0.0,0.0,0.0,0.0,0.0,0.0,0.0,0.0,0.0,0.0,0.0,0.0,0.0,0.0,0.0,0.0,0.0,0.0,0.0,0.0,0.0,0.0,0.0,0.0,0.0,0.0,0.0,0.0,0.0,0.0,0.0,0.0,0.0,0.0,0.0,0.0,0.0,0.0,0.0,0.0,0.0,0.0,0.0,0.0,0.0,0.0,0.0,0.0,0.0,0.0,0.0,0.0,0.0,0.0,0.0,0.0,0.0,0.0,0.0,0.0,0.0,0.0,0.0,0.0,0.0,0.0,0.0,0.0,0.0,0.0,0.0,0.0,0.0,0.0,0.0,0.0,0.0,0.0,0.0,0.0,0.0,0.0,0.0,23.93968963623047,0.0,0.0,0.0,0.0,0.0,0.0,0.0,0.0,0.0,0.0,0.0,0.0,0.0,0.0,0.0,0.0,0.0,0.0,0.0,10.286396026611328,0.0,0.0,0.0,0.0,0.0,0.0,0.0,0.0,0.0,0.0,0.0,0.0,0.0,0.0,0.0,0.0,0.0,0.0,0.0,0.0,0.0,0.0,0.0,0.0,0.0,0.0,0.0,0.0,0.0,0.0,0.0,0.0,0.0,0.0,0.0,0.0,0.0,3.85288667678833,0.0,0.0,0.0,0.0,0.0,0.0,0.0,0.0,0.0,0.0,0.0,0.0,0.0,0.0,0.0,0.0,0.0,0.0,0.0,0.0,0.0,0.0,0.0,0.0,0.0,0.0,0.0,0.0,0.0,0.0,0.0,0.0,0.0,0.0,0.0,0.0,0.0,0.0,0.0,0.0,0.0,0.0,0.0,0.0,0.0,0.0,0.0,0.0,0.0,0.0,0.0,0.0,0.0,8.385330200195312,0.0,0.0,0.0,0.0,0.0,0.0,0.0,0.0,0.0,0.0,22.50080680847168,0.0,0.0,0.0,0.0,0.0,0.0,0.0,0.0,0.0,0.0,0.0,0.0,0.0,0.0,0.0,0.0,0.0,0.0,0.0,0.0,0.0,0.0,19.642662048339844,0.0,0.0,0.0,0.0,0.0,0.0,0.0,0.0,0.0,0.0,0.0,0.0,0.0,0.0,0.0,0.0,0.0,0.0,0.0,0.0,0.0,4.309210300445557,0.0,0.0,0.0,0.0,0.0,0.0,0.0,0.0,0.0,0.0,0.0,0.0,0.0,0.0,0.0,0.0,0.0,0.0,0.0,0.0,0.0,0.0,0.0,0.0,0.0,0.0,0.0,0.0,0.0,0.0,0.0,0.0,0.0,0.0,0.0,0.0,0.0,0.0,0.0,0.0,0.0,0.0,0.0,0.0,0.0,0.0,0.0,0.0,0.0,0.0,0.0,0.0,0.0,0.0,0.0,12.053572654724121,0.0,0.0,0.0,0.0,0.0,0.0,0.0,0.0,0.0,0.0,0.0,0.0,0.0,0.0,0.0,0.0,0.0,0.0,0.0,0.0,0.0,0.0,0.0,0.0,0.0,0.0,0.0,0.0,0.0,0.0,0.0,0.0,0.0,0.0,0.0,0.0,0.0,0.0,0.0,0.0,0.0,0.0,0.0,0.0,0.0,0.0,0.0,0.0,0.0,0.0,0.0,0.0,0.0,0.0,0.0,0.0,0.0,0.0,29.67045021057129,0.0,0.0,0.0,0.0,0.0,0.0,0.0,0.0,0.0,0.0,0.0,0.0,0.0,0.0,0.0,0.0,0.0,0.0,0.0,0.0,0.0,0.0,0.0,0.0,0.0,0.0,0.0,0.0,0.0,0.0,0.0,0.0,13.988779067993164,0.0,0.0,0.0,0.0,0.0,0.0,0.0,0.0,0.0,0.0,0.0,0.0,0.0,0.0,0.0,0.0,0.0,0.0,0.0,0.0,0.0,0.0,28.18213653564453,0.0,0.0,0.0,0.0,7.7411789894104,0.0,0.0,0.0,0.0,0.0,0.0,0.0,0.0,0.0,0.0,11.978900909423828,0.0,0.0,0.0,0.0,0.0,0.0,0.0,0.0,0.0,0.0,0.0,0.0,0.0,0.0,0.0,0.0,0.0,0.0,0.0,0.0,0.0,0.0,0.0,0.0,0.0,0.0,0.0,0.0,0.0,0.0,0.0,0.0,0.0,10.324315071105957,0.0,0.0,0.0,0.0,0.0,11.834752082824707,0.0,0.0,0.0,0.0,0.0,0.0,0.0,4.864935874938965,0.0,0.0,0.0,0.0,0.0,0.0,0.0,0.0,0.0,0.0,0.0,0.0,0.0,0.0,0.0,0.0,0.0,0.0,0.0,0.0,0.0,1.1117366552352905,3.9983901977539062,0.0,0.0,0.0,0.0,0.0,0.0,0.0,0.0,0.0,0.0,0.0,0.0,0.0,0.0,0.0,0.0,0.0,0.0,0.0,0.0,0.0,0.0,0.0,0.0,0.0,0.0,0.0,0.0,0.0,0.0,0.0,0.0,24.61574363708496,0.0,0.0,0.0,0.0,0.0,0.0,0.0,0.0,0.0,12.09974193572998,0.0,0.0,0.0,0.0,0.0,0.0,0.0,0.0,0.0,0.0,0.0,0.0,0.0,0.0,0.0,0.0,0.0,0.0,0.0,0.0,0.0,0.0,0.0,0.0,0.0,0.0,0.0,0.0,0.0,0.0,0.0,0.0,0.0,0.0,0.0,0.0,0.0,0.0,0.0,0.0,0.0,0.0,55.7559928894043,12.616100311279297,0.0,0.0,0.0,0.0,0.0,0.0,0.0,0.0,0.0,0.0,0.0,0.0,0.0,0.0,0.0,0.0,0.0,0.0,23.410493850708008,0.0,0.0,10.205286026000977,0.0,0.0,0.0,0.0,0.0,0.0,0.0,0.0,0.0,0.0,0.0,0.0,0.0,0.0,0.0,0.0,0.0,0.0,0.0,0.0,0.0,0.0,0.0,0.0,0.0,0.0,0.0,0.0,0.0,0.0,0.0,0.0,0.0,0.0,12.402006149291992,0.0,0.0,1.785799264907837,0.0,0.0,0.0,0.0,0.0,0.0,0.0,0.0,0.0,0.0,0.0,0.0,0.0,0.0,0.0,0.0,0.0,0.0,0.0,0.0,0.0,0.0,0.0,0.0,0.0,0.0,0.0,0.0,0.0,0.0,0.0,0.0,0.0,0.0,0.0,0.0,0.0,0.0,0.0,0.0,1.520127296447754,0.0,0.0,0.0,0.0,0.0,0.0,0.0,0.0,5.9031500816345215,10.436787605285645,0.0,0.0,0.0,14.338519096374512,0.0,0.0,19.953964233398438,0.0,0.0,0.0,13.71219539642334,0.0,0.0,0.0,0.0,0.0,0.0,0.0,0.0,0.0,0.0,0.0,0.0,0.0,0.0,0.0,0.0,0.0,0.0,0.0,0.0,1.3304401636123657,0.0,31.989696502685547,0.0,0.0,0.0,0.0,0.0,0.0,0.0,0.0,0.0,0.0,3.8009085655212402,0.0,0.0,0.0,0.0,0.0,0.0,0.0,0.0,0.0,0.0,6.395544528961182,0.0,0.0,0.0,0.0,0.0,1.5746973752975464,0.0,0.0,0.0,0.0,0.0,0.0,0.0,0.0,0.0,0.0,0.0,0.0,0.0,0.0,0.0,0.0,0.0,0.0,0.0,0.0,0.0,0.0,0.0,0.0,0.0,0.0,0.0,0.0,0.0,0.0,0.0,0.0,0.0,0.0,0.0,0.0,0.0,0.0,0.0,0.0,0.0,0.0,0.0,11.5131196975708,0.0,0.0,0.0,0.0,0.0,27.95500373840332,0.0,10.113933563232422,0.0,0.0,0.0,0.0,0.0,0.0,0.0,0.0,0.0,5.570837497711182,0.0,0.0,0.0,0.0,0.0,0.0,0.0,0.0,0.0,0.0,0.0,0.0,0.0,0.0,0.0,0.0,0.0,0.0,0.0,0.0,0.0,0.0,0.0,0.0,0.0,0.0,0.0,0.0,0.0,0.0,0.0,0.0,0.0,0.0,0.0,0.0,0.0,0.0,0.0,0.0,1.5848413705825806,0.0,0.0,3.267368793487549,0.0,0.0,35.82329559326172,0.0,0.0,0.0,0.0,0.0,0.0,0.0,0.0,0.0,0.0,0.0,0.0,0.0,0.0,0.0,0.0,0.0,0.0,0.0,0.0,0.0,0.0,0.0,0.0,0.0,0.0,0.0,0.0,0.0,0.0,0.0,0.0,24.52958869934082,0.0,0.0,0.0,0.0,0.0,0.0,0.8134244680404663,0.0,0.0,0.0,0.0,0.0,0.0,0.0,0.10196216404438019,0.0,0.0,0.0,0.0,0.0,6.240323543548584,0.0,24.05647850036621,0.0,0.0,0.0,0.0,3.6841068267822266,0.0,0.0,0.0,0.0,0.0,0.0,0.0,0.0,0.0,0.0,25.175058364868164,0.0,0.0,0.0,0.0,0.0,0.0,0.0,0.0,0.0,0.0,0.0,0.0,0.0,0.0,0.0,0.0,0.0,0.0,0.0,0.0,0.0,0.0,0.0,0.0,0.0,3.4753870964050293,0.0,0.0,0.0,0.0,0.0,0.0,0.0,20.819398880004883,0.0,0.0,0.0,0.0,0.0,0.0,0.0,0.0,0.0,0.0,0.0,0.0,0.0,0.0,0.0,0.0,0.0,0.0,0.0,0.0,0.0,0.0,0.0,0.0,0.0,0.0,0.0,0.0,0.0,0.0,0.0,0.0,0.0,0.0,0.0,0.0,0.0,0.0,0.0,0.0,0.0,0.0,0.0,0.0,0.0,0.0,0.0,0.0,0.0,0.0,0.0,0.0,0.0,0.0,0.0,0.0,0.0,0.0,0.0,0.0,0.0,0.0,0.0,0.0,0.0,0.0,0.0,0.0,0.0,18.31180763244629,0.0,0.0,0.0,0.0,0.0,0.0,0.0,0.0,0.0,0.0,0.0,0.0,0.0,0.0,0.0,0.0,0.0,0.0,0.0,0.0,0.0,0.0,0.0,0.0,0.0,0.0,0.0,0.0,0.0,0.0,0.0,0.0,0.0,0.0,0.0,0.0,0.0,0.0,0.0,0.0,0.0,4.761332035064697,0.0,0.0,0.0,0.0,0.0,0.0,0.0,0.0,0.0,0.0,66.8729248046875,2.246582269668579,0.0,0.0,0.0,0.0,0.0,0.0,0.0,0.0,0.0,0.0,0.0,0.0,0.0,0.0,0.0,0.0,0.0,0.0,18.162845611572266,0.0,0.0,8.88517951965332,0.0,0.0,0.0,0.0,0.0,0.0,0.0,0.0,0.0,0.0,0.0,0.0,0.0,0.0,0.0,0.0,0.0,0.0,0.0,0.0,0.0,0.0,0.0,0.0,0.0,0.0,0.0,0.0,0.0,0.0,0.0,0.0,7.876930236816406,0.0,3.878844738006592,6.888115406036377,0.0,0.0,0.0,0.0,0.0,0.0,0.0,0.0,0.0,0.0,0.0,0.0,0.0,0.0,0.0,0.0,0.0,0.0,0.0,0.0,0.0,0.0,0.0,0.0,0.0,0.0,0.0,0.0,0.0,0.0,0.0,0.0,0.0,0.0,0.0,0.0,0.0,0.0,0.0,0.0,0.0,0.0,0.0,0.0,0.0,0.0,0.0,0.0,0.0,0.0,0.0,13.885727882385254,0.0,0.0,0.0,0.0,0.0,0.0,0.0,11.71807861328125,0.0,0.0,0.0,27.27552032470703,0.0,0.0,0.0,4.966808795928955,0.0,0.0,0.0,0.0,0.0,0.0,0.0,0.0,0.0,0.0,0.0,0.0,0.0,0.0,0.0,0.0,5.8022780418396,0.0,14.042411804199219,0.0,0.0,0.0,0.0,0.0,0.0,0.0,0.0,0.0,0.0,0.0,0.0,0.0,0.0,0.0,0.0,0.0,0.0,0.0,0.0,0.0,24.427629470825195,0.0,0.0,0.0,0.0,0.0,0.0,0.0,0.0,0.0,0.0,0.0,0.0,0.0,0.0,0.0,0.0,0.0,0.0,0.0,0.0,0.0,0.0,0.0,0.0,0.0,0.0,0.0,0.0,0.0,0.0,0.0,0.0,0.0,0.0,0.0,0.0,0.0,0.0,0.0,0.0,0.0,0.0,0.0,0.0,0.0,0.0,0.0,0.0,0.0,15.773826599121094,0.0,0.0,0.0,0.0,0.0,29.065908432006836,0.0,1.6090006828308105,0.0,0.0,0.0,0.0,0.0,0.0,0.0,0.0,0.0,17.080259323120117,0.0,0.0,0.0,0.0,0.0,0.0,0.0,0.0,0.0,0.0,0.0,0.0,0.0,0.0,0.0,0.0,0.0,0.0,0.0,0.0,0.0,0.0,0.0,0.0,0.0,0.0,0.0,0.0,0.0,0.0,0.0,0.0,0.0,0.0,0.0,0.0,0.0,0.0,0.0,0.0,0.0,0.0,0.0,11.28370475769043,0.0,0.0,45.90260314941406,0.0,0.0,0.0,0.0,0.0,0.0,0.0,0.0,0.0,0.0,0.0,0.0,0.0,0.0,0.0,0.0,0.0,0.0,0.0,0.0,0.0,0.0,0.0,0.0,0.0,0.0,0.0,0.0,0.0,0.0,0.0,0.0,24.116989135742188,0.0,0.0,0.0,0.0,0.0,0.0,4.899570465087891,0.0,0.0,0.0,0.0,0.0,0.0,0.0,6.093082904815674,0.0,0.0,0.0,0.0,0.0,9.129955291748047,0.0,24.471088409423828,0.0,0.0,0.0,0.0,0.0,0.0,0.0,0.0,0.0,0.0,0.0,0.0,0.0,0.0,0.0,16.616043090820312,0.0,0.0,0.0,0.0,0.0,0.0,0.0,0.0,0.0,0.0,0.0,0.0,0.0,0.0,0.0,0.0,0.0,0.0,0.0,0.0,0.0,0.0,0.0,0.0,0.0,0.0,0.0,0.0,0.0,0.0,0.0,0.0,0.0,22.873430252075195,0.0,0.0,0.0,0.0,0.0,0.0,0.0,0.0,0.0,0.0,0.0,0.0,0.0,11.02736759185791,0.0,0.0,0.0,0.0,0.0,0.0,0.0,0.0,2.612896203994751,0.0,0.0,0.0,0.0,0.0,0.0,0.0,0.0,0.0,0.0,0.0,0.0,7.252650260925293,0.0,0.0,0.0,0.0,0.0,0.0,0.0,0.0,0.0,0.0,0.0,0.0,0.0,0.0,0.0,0.0,0.0,0.0,0.0,0.0,0.0,0.0,22.33426284790039,0.0,0.0,0.0,0.0,0.0,0.0,0.0,0.0,0.0,0.0,0.0,0.0,0.0,0.0,0.0,0.0,0.0,0.0,0.0,0.0,0.0,0.0,0.0,0.0,0.0,0.0,0.0,0.0,0.0,0.0,0.0,0.0,0.0,0.0,0.0,0.0,0.0,0.0,0.0,0.0,0.0,0.0,0.0,0.0,0.0,0.0,0.0,0.0,0.0,0.0,0.0,0.0,7.562427520751953,0.0,0.0,0.0,0.0,0.0,0.0,0.0,0.0,0.0,0.0,41.240142822265625,0.0,0.0,0.0,0.0,0.0,0.0,0.0,0.0,0.0,0.0,0.0,0.0,0.0,0.0,0.0,0.0,0.0,0.0,0.0,0.0,0.0,0.0,0.0,0.0,0.0,0.0,0.0,0.0,0.0,0.0,0.0,0.0,0.0,0.0,0.0,0.0,0.0,0.0,0.0,0.0,0.0,0.0,0.0,0.0,0.0,0.0,0.0,0.0,0.0,0.0,0.0,0.0,0.0,0.0,0.0,21.45407485961914,0.0,3.0418877601623535,0.0,0.0,0.0,0.0,0.0,0.0,0.0,0.0,0.0,0.0,0.0,1.5853480100631714,0.0,0.0,0.0,0.0,0.0,0.0,0.0,0.0,0.0,0.0,0.0,0.0,0.0,0.0,0.0,0.0,0.0,0.0,0.0,0.0,0.0,0.0,0.0,0.0,0.0,0.0,0.0,0.0,0.0,0.0,0.0,0.0,0.0,0.0,0.0,0.0,0.0,0.0,0.0,0.0,4.939743995666504,0.0,0.0,0.0,0.0,0.0,0.0,0.0,0.0,0.0,0.0,0.0,33.22771072387695,0.0,0.0,0.0,0.0,0.0,0.0,0.0,0.0,0.0,0.0,0.0,0.0,0.0,0.0,0.0,0.0,0.0,0.0,0.0,0.0,0.0,0.0,0.0,0.0,0.0,0.0,0.0,0.0,0.0,0.0,0.0,4.744144439697266,0.0,0.0,0.0,0.0,0.0,0.0,0.0,0.0,0.0,0.0,0.0,0.0,25.593650817871094,0.0,0.0,0.0,8.415218353271484,0.0,0.0,0.0,0.0,0.0,0.0,0.0,0.0,0.0,0.0,0.0,0.0,0.0,0.0,0.0,0.0,0.0,0.0,0.0,0.0,0.0,0.0,0.0,0.0,0.0,0.0,0.0,0.0,0.0,0.0,0.0,0.0,0.0,0.0,0.0,0.0,0.0,0.0,0.0,0.0,0.0,0.0,0.0,0.0,0.0,9.35200309753418,0.0,0.0,0.0,0.0,0.0,6.688666820526123,0.0,0.0,0.0,0.0,0.0,0.0,0.0,0.0,0.0,0.0,0.0,0.0,0.0,0.0,0.0,0.0,0.0,0.0,0.0,0.0,0.0,0.0,0.0,0.0,0.0,0.0,0.0,0.0,0.0,0.0,0.0,0.0,0.0,0.0,0.0,0.0,0.0,0.0,0.0,0.0,0.0,0.0,0.0,0.0,0.0,0.0,0.0,0.0,0.0,0.0,0.0,0.0,0.0,0.0,0.0,0.0,0.0,0.0,37.34531021118164,0.0,0.0,4.7391276359558105,0.0,0.0,0.0,0.0,0.0,0.0,0.0,0.0,0.0,0.0,0.0,0.0,0.0,0.0,0.0,0.0,0.0,0.0,0.0,0.0,0.0,0.0,0.0,0.0,0.0,0.0,0.0,0.0,0.0,1.690751314163208,0.0,0.0,0.0,0.0,0.0,0.0,0.0,0.0,0.0,0.0,0.0,0.0,0.0,0.0,0.0,0.0,0.0,0.0,0.0,0.7984842658042908,0.0,0.0,31.58134651184082,0.0,0.0,0.0,0.0,0.0,0.0,0.0,0.0,0.0,0.0,0.0,0.0,0.0,0.0,0.0,0.0,0.0,0.0,0.0,0.0,0.0,0.0,0.0,0.0,0.0,0.0,0.0,0.0,0.0,0.0,0.0,0.0,0.0,0.0,0.0,0.0,0.0,0.0,0.0,0.0,0.0,0.0,0.0,0.0,0.0,0.0,0.0,0.0,0.0,13.599834442138672,0.0,0.0,0.0,0.0,0.0,0.0,0.0,0.0,0.0,0.0,0.0,0.0,0.0,17.54911231994629,0.0,0.0,0.0,0.0,0.0,0.0,0.0,0.0,0.0,0.0,0.0,0.0,0.0,0.0,0.0,0.0,0.0,0.0,0.0,0.7049565315246582,0.0,21.415939331054688,4.872913837432861,0.0,0.0,0.0,0.0,0.0,0.0,0.0,1.1127443313598633,0.0,0.0,0.0,2.3597910404205322,0.0,0.0,0.0,0.0,0.0,0.0,0.0,0.0,0.0,26.15216064453125,0.0,0.0,2.3367528915405273,0.0,3.8381857872009277,0.0,0.0,0.0,0.0,0.0,3.042405128479004,0.0,0.0,0.0,0.0,0.0,0.0,0.0,0.0,0.0,0.0,0.0,0.0,0.0,0.0,0.0,0.2746269404888153,0.0,0.0,0.0,0.0,0.0,1.634008526802063,0.0,0.0,0.0,0.0,0.0,0.0,0.0,0.0,0.0,0.0,0.0,0.0,3.514993906021118,0.0,1.0835986137390137,0.0,0.0,0.0,0.0,0.0,0.0,0.0,0.0,0.0,0.0,0.0,0.0,0.0,0.0,0.0,23.76010513305664,0.0,0.0,15.707281112670898,0.0,0.0,0.0,0.0,0.0,0.0,0.0,0.0,0.0,7.805013179779053,0.0,0.0,0.0,0.0,22.72401237487793,0.0,6.613030910491943,0.0,0.0,0.0,0.0,0.0,0.0,0.0,0.0,0.0,1.6522854566574097,0.0,0.0,0.0,0.0,0.0,0.0,0.0,0.0,0.0,0.0,0.0,0.0,0.0,0.0,2.41589093208313,0.0,0.0,0.0,0.0,0.0,0.0,0.0,0.0,0.0,0.0,22.76268768310547,0.0,11.695457458496094,0.0,0.0,0.0,0.0,0.0,0.5471272468566895,0.0,0.0,0.0,0.0,0.0,57.1932258605957,0.0,0.0,0.0,0.0,0.0,0.0,0.0,0.0,0.0,0.0,0.0,4.020769119262695,0.0,0.0,0.0,0.0,0.0,0.0,0.0,0.0,0.0,0.0,0.0,0.0,0.0,1.5888200998306274,0.0,0.0,0.0,0.0,18.388463973999023,0.0,0.0,0.0,1.2606024742126465,0.0,0.0,0.0,0.0,0.0,5.519322872161865,0.0,0.0,17.374359130859375,0.0,0.0,0.0,0.0,0.0,0.0,0.0,0.0,21.387374877929688,0.0,1.6163692474365234,0.0,0.0,0.0,0.0,0.0,0.0,0.0,0.0,0.0,0.0,0.0,0.0,0.0,0.0,0.0,0.0,0.0,0.0,0.0,0.0,0.0,0.0,0.0,0.0,0.0,0.0,0.0,0.0,0.0,27.695405960083008,0.0,16.192699432373047,0.0,0.0,0.0,0.0,0.0,0.0,0.0,0.0,0.0,0.0,25.745330810546875,0.0,0.0,0.0,0.0,0.0,14.971282958984375,0.0,0.0,0.0,0.0,0.0,0.0,0.0,0.0,0.0,8.165663719177246,0.0,0.0,0.0,0.0,0.0,0.0,0.0,9.27794361114502,0.0,0.0,0.0,0.0,4.293504238128662,0.0,0.0,0.0,0.0,0.0,0.0,0.0,0.0,0.0,0.0,0.0,0.0,0.0,0.0,0.0,0.0,0.0,0.0,0.0,0.0,15.903643608093262,0.0,0.0,9.979131698608398,0.0,0.0,18.262826919555664,0.0,0.0,0.0,0.0,0.0,0.0,5.013418197631836,0.0,0.0,0.0,0.0,7.3280744552612305,0.0,10.417231559753418,0.0,0.0,0.0,0.0,0.0,0.0,0.0,0.0,0.0,0.0,0.0,0.0,3.1109046936035156,0.0,0.0,0.0,0.0,0.0,0.0,0.0,2.194824457168579,0.0,0.0,0.0,0.0,0.0,0.0,0.0,0.0,5.615767955780029,0.0,0.6630030274391174,0.0,0.0,0.0,9.016899108886719,0.0,0.0,0.0,0.0,0.0,0.0,0.0,0.0,20.427900314331055,0.0,0.0,25.802995681762695,0.0,0.0,0.0,0.0,0.0,4.5695085525512695,17.044492721557617,0.0,0.0,0.0,0.0,0.0,0.0,0.0,0.0,0.0,0.0,0.0,0.0,0.0,2.401477098464966,2.8329272270202637,0.0,0.0,0.0,0.0,0.0,0.0,0.0,0.0,3.0226151943206787,0.0,0.0,0.0,0.0,0.0,0.0,20.233230590820312,0.0,0.0,0.0,0.0,0.0,5.449741840362549,0.0,0.0,0.0,0.0,0.0,0.0,0.0,0.0,26.0905704498291,0.0,0.0,0.0,0.0,0.0,0.0,0.0,0.0,0.0,3.1051673889160156,0.0,0.0,0.0,0.0,0.0,0.0,0.0,0.0,0.0,0.0,5.594563961029053,0.0,0.0,0.0,0.0,0.0,0.0,0.0,0.0,0.0,0.0,0.0,0.0,0.0,0.0,0.0,0.0,0.0,0.0,0.0,0.0,0.0,0.0,0.0,0.0,0.0,0.0,0.0,7.181216239929199,5.407134056091309,0.0,0.0,0.0,0.0,0.0,0.0,0.0,0.0,0.0,0.0,0.0,0.0,0.0,20.171894073486328,0.0,0.0,0.0,0.0,0.0,0.0,5.231481075286865,0.0,5.666140556335449,6.937952041625977,0.0,0.0,0.0,0.0,0.0,0.0,0.0,0.0,0.0,0.0,0.0,8.143842697143555,0.0,0.0,0.0,0.0,0.0,0.0,0.0,0.0,0.0,0.0,0.0,0.0,0.0,0.0,0.0,0.0,0.0,0.0,0.0,0.0,0.0,0.0,0.0,0.0,0.0,0.0,0.0,0.0,0.0,0.0,0.0,0.0,0.0,0.0,0.0,0.0,0.0,0.0,0.0,0.0,0.0,0.0,0.0,0.0,0.0,0.0,0.0,0.0,0.0,0.0,0.0,0.0,0.0,0.0,0.0,0.0,0.0,0.0,0.0,0.0,0.0,0.0,0.0,0.0,0.0,0.0,0.0,0.0,0.0,0.0,0.0,0.0,0.0,0.0,0.0,0.0,0.0,0.0,0.0,0.0,0.0,0.0,0.0,0.0,0.0,0.0,0.0,0.0,0.0,0.0,0.0,0.0,0.0,0.0,0.0,0.0,0.0,0.0,0.0,0.0,0.0,0.0,0.0,0.0,0.0,0.0,0.0,0.0,0.0,0.0,0.0,0.0,0.0,0.0,0.0,0.0,0.0,0.0,0.0,0.0,0.0,0.0,0.0,0.0,0.0,0.0,0.0,0.0,0.0,0.0,0.0,0.0,0.0,0.0,0.0,0.0,0.0,0.0,0.0,0.0,0.0,0.0,2.0541739463806152,0.0,1.3777360916137695,0.0,0.0,0.0,0.0,0.0,0.0,0.0,0.0,0.0,0.0,0.0,0.0,0.0,0.0,0.0,0.0,0.0,0.0,0.0,0.0,0.0,0.0,0.0,0.0,0.0,0.0,0.0,0.0,0.005231618881225586,0.0,0.0,0.0,0.0,0.0,0.0,0.0,0.0,0.0,0.0,0.0,0.0,0.0,0.0,0.0,0.0,0.0,0.0,0.0,0.0,0.0,0.0,0.0,0.0,0.0,0.0,0.0,0.0,0.0,0.0,0.0,0.0,0.0,0.0,0.0,19.72570037841797,0.0,0.0,0.0,0.0,0.0,0.0,0.0,0.0,0.0,0.0,0.0,0.0,0.0,0.0,0.0,0.0,0.0,0.0,0.0,0.0,0.0,0.0,0.0,0.0,0.0,0.0,0.0,0.0,0.0,0.0,0.0,0.0,0.0,0.0,0.0,0.0,0.0,0.0,0.0,0.0,0.0,0.0,0.0,0.0,16.459497451782227,0.0,5.043426513671875,0.0,0.0,0.0,0.0,0.0,0.0,0.0,0.0,0.0,0.0,0.0,0.0,0.0,0.0,0.0,0.0,0.0,0.0,0.0,0.0,0.0,0.0,0.0,0.0,0.0,0.0,0.0,0.0,0.0,0.0,0.0,0.0,0.0,0.0,0.0,0.0,0.0,0.0,0.0,0.0,0.0,0.0,0.0,0.0,0.0,0.0,0.0,0.0,0.0,0.0,0.0,0.0,0.0,16.20442008972168,0.0,0.0,0.0,0.0,0.0,0.0,0.0,0.0,0.0,0.0,0.0,0.0,0.0,0.0,0.0,0.0,0.0,0.0,0.0,0.0,0.0,0.0,0.0,0.0,0.0,0.0,0.0,0.0,0.0,0.0,0.0,0.0,0.0,0.0,0.0,0.0,0.0,0.0,0.0,0.0,0.0,0.0,0.0,0.0,0.0,0.0,0.0,0.0,0.0,0.0,0.0,0.0,0.0,0.0,0.0,0.0,0.0,0.0,0.0,0.0,0.0,0.0,0.0,0.0,0.0,0.0,0.0,0.0,1.9190096855163574,0.0,0.0,0.0,0.0,0.0,0.0,0.0,0.0,0.0,0.0,0.0,0.0,0.0,0.0,0.0,0.0,0.0,0.0,0.0,0.0,0.0,0.0,0.0,0.0,0.0,0.0,3.649791955947876,0.0,0.0,0.0,0.0,0.0,0.0,0.0,0.0,0.0,0.0,0.0,0.0,0.0,0.0,0.0,0.0,0.0,0.0,20.688270568847656,0.0,0.0,0.0,0.0,0.0,0.0,0.0,0.0,0.0,0.0,0.0,0.0,0.0,0.0,0.0,0.0,0.0,0.0,0.0,0.0,0.0,0.0,0.0,0.0,0.0,0.0,0.0,5.0648369789123535,0.0,0.0,0.0,0.0,0.0,0.0,0.0,0.0,1.1430562734603882,0.0,0.0,0.0,0.0,0.0,0.0,0.0,0.0,0.0,0.0,0.0,0.0,8.634820938110352,0.0,0.0,0.0,0.0,0.0,0.0,0.0,0.0,0.0,0.0,0.0,0.0,0.0,0.0,0.0,0.0,0.0,0.0,0.0,0.0,0.0,0.0,0.0,0.0,0.0,0.0,0.0,0.0,0.0,0.0,0.0,0.0,0.0,0.0,0.0,2.5700626373291016,0.0,0.0,0.0,0.0,0.0,0.0,0.0,0.0,0.0,0.0,0.0,0.0,0.0,0.0,0.0,0.0,0.0,0.0,0.0,0.0,0.0,0.0,0.0,0.0,0.0,0.0,0.0,0.0,0.0,0.0,0.0,0.0,0.0,0.0,0.0,0.0,0.0,0.0,0.0,0.0,0.0,0.0,0.0,0.0,0.0,0.0,0.0,0.0,0.0,0.0,0.0,0.0,0.0,0.0,0.0,0.0,0.0,0.0,0.0,0.0,0.0,0.0,0.0,0.0,0.0,0.0,0.0,0.0,0.0,0.0,0.0,0.0,0.0,0.0,0.0,0.0,0.0,0.0,0.0,0.0,0.0,0.0,0.0,0.0,0.0,0.0,0.0,0.0,0.0,0.0,0.0,0.0,0.0,0.0,0.0,0.0,0.0,0.0,0.0,0.0,0.0,0.0,0.0,0.0,0.0,0.0,0.0,0.0,0.0,0.0,0.0,0.0,0.0,0.0,0.0,0.0,0.0,0.0,0.0,0.0,0.0,0.0,0.0,0.0,0.0,0.0,0.0,0.0,0.0,0.0,0.0,0.0,0.0,0.0,0.0,0.0,0.0,0.0,0.0,0.0,0.0,0.0,4.593560695648193,0.0,0.0,0.0,0.0,0.0,0.0,0.0,0.0,0.0,0.0,0.0,0.0,0.0,0.0,0.0,0.0,0.0,0.0,0.0,0.0,0.0,0.0,0.0,0.0,0.0,0.0,0.0,0.0,0.0,0.0,0.0,0.0,0.0,0.0,0.0,0.0,0.0,0.0,0.0,0.0,0.0,0.0,0.0,0.0,0.0,0.0,0.0,0.0,0.0,0.0,0.0,0.0,0.0,0.0,0.0,0.0,0.0,0.0,0.0,0.0,0.0,0.0,0.0,0.0,0.0,0.0,24.920116424560547,0.0,0.0,0.0,0.0,0.0,0.0,0.0,0.0,0.0,0.0,0.0,0.0,0.0,0.0,0.0,0.0,0.0,1.7509902715682983,0.0,0.0,0.0,0.0,0.0,3.5854547023773193,0.0,0.0,0.0,0.0,0.0,0.0,0.0,0.0,0.0,0.0,0.0,0.0,0.0,0.0,0.0,0.0,0.0,0.0,0.0,0.0,28.467063903808594,0.0,0.0,0.0,0.0,0.0,0.0,0.0,0.0,0.0,0.0,0.0,0.0,0.0,0.0,0.0,0.0,0.0,0.0,0.0,0.0,0.0,0.0,0.0,0.0,0.0,0.0,0.0,0.0,4.113804340362549,0.0,0.0,0.0,0.0,0.0,0.0,0.0,0.0,0.0,0.0,0.0,0.0,0.0,0.0,0.0,0.0,0.0,0.0,0.0,0.0,0.0,0.0,0.0,0.0,0.0,0.0,19.097383499145508,0.0,0.0,0.0,0.0,0.0,0.0,0.0,0.0,0.0,0.0,0.0,0.0,0.0,0.0,0.0,0.0,0.0,0.0,0.0,0.0,0.0,0.0,0.0,0.0,0.0,0.0,0.0,0.0,0.0,0.0,0.0,0.0,0.0,0.0,0.0,0.0,0.0,0.0,0.0,0.0,0.0,0.0,0.0,0.0,0.0,0.0,0.0,0.0,0.0,0.0,0.0,0.0,0.0,0.0,0.0,0.0,0.0,0.0,9.826336860656738,0.0,0.0,0.0,0.0,0.0,0.0,0.0,0.0,0.0,0.0,0.0,0.0,0.0,0.0,0.0,0.0,0.0,0.0,0.0,0.0,0.0,0.0,0.0,0.0,0.0,0.0,0.0,0.0,0.0,0.0,0.0,0.0,0.0,0.0,0.0,0.0,0.0,0.0,0.0,0.0,0.0,0.0,0.0,0.0,0.0,0.0,0.0,0.0,0.0,0.0,0.0,0.0,0.0,0.0,0.0,34.503787994384766,0.0,0.0,0.0,0.0,0.0,0.0,0.0,0.0,0.0,0.0,0.0,0.0,0.0,0.0,0.0,0.0,0.0,0.0,0.0,0.0,0.0,0.0,0.0,0.0,0.0,0.0,0.0,0.0,0.0,0.0,0.0,0.0,0.0,0.0,0.0,0.0,0.0,0.0,0.0,0.0,0.0,0.0,0.0,0.0,0.0,0.0,0.0,0.0,0.0,0.5728853940963745,0.0,0.0,0.0,0.0,0.0,0.0,0.0,0.0,0.0,0.0,0.0,0.0,0.0,0.0,0.0,0.0,0.0,0.0,0.0,0.0,0.0,0.0,0.0,0.0,0.0,0.0,0.0,0.0,0.0,0.0,0.0,0.0,0.0,0.0,0.0,0.0,0.0,0.0,0.0,0.0,0.0,0.0,0.0,0.0,0.0,0.0,0.0,0.0,0.0,0.0,0.0,0.0,0.0,0.0,0.0,0.0,0.0,0.0,0.0,0.0,0.0,0.0,0.0,0.0,0.0,0.0,24.571659088134766,0.0,0.0,0.0,0.0,0.0,0.0,0.0,0.0,0.0,0.0,0.0,0.0,0.0,0.0,0.0,0.0,0.0,0.0,0.0,0.0,0.0,0.0,0.0,0.0,0.0,1.8802428245544434,0.0,0.0,0.0,0.0,0.0,0.0,0.0,0.0,0.0,0.0,0.0,0.0,0.0,0.0,0.0,0.0,0.0,0.0,0.0,0.0,0.0,0.0,0.0,0.0,0.0,0.0,0.0,0.0,10.781755447387695,4.143710136413574,8.154601097106934,0.0,0.0,0.0,0.0,0.0,0.0,0.0,0.0,0.0,0.0,0.0,0.0,0.0,0.0,5.603541374206543,0.0,0.0,0.0,0.0,0.0,0.0,0.0,0.0,0.0,0.0,0.0,0.0,0.0,0.0,0.0,0.0,0.0,0.0,6.911304473876953,0.0,0.0,0.0,0.0,31.734722137451172,0.0,0.0,0.0,0.0,0.0,0.0,0.0,0.0,0.0,0.0,0.0,0.0,0.0,0.0,2.550557851791382,0.0,0.0,9.51504898071289,12.907888412475586,0.0,0.0,0.0,0.0,0.0,0.0,0.0,0.0,0.0,0.0,0.0,0.0,0.0,0.0,17.197479248046875,0.0,0.0,0.0,0.0,0.0,0.0,0.0,0.0,0.0,0.0,0.0,0.0,0.0,0.0,0.0,0.0,0.0,0.0,0.0,0.0,0.0,0.0,0.0,0.0,0.0,0.0,0.0,21.068767547607422,0.0,0.0,0.0,0.0,0.0,0.0,0.0,0.0,0.0,17.424734115600586,0.0,0.0,0.0,0.0,0.0,0.0,0.0,0.0,0.0,0.0,32.21198654174805,0.0,0.0,0.0,0.0,0.0,17.261850357055664,0.0,0.0,0.0,0.0,0.0,0.0,0.0,0.0,0.0,0.0,0.0,5.262019634246826,0.0,0.0,0.0,0.0,74.7508773803711,25.9151611328125,0.0,0.0,0.0,0.0,0.0,0.0,0.0,0.0,0.0,0.0,0.0,0.0,0.0,0.0,0.0,0.0,0.0,0.0,0.0,0.0,58.27158737182617,0.0,0.0,0.0,0.0,0.0,0.0,0.0,0.0,0.0,0.0,0.0,0.0,0.0,0.0,0.0,0.0,0.0,0.0,0.0,0.0,27.855792999267578,0.0,0.0,0.0,0.0,0.0,0.0,0.0,53.29475402832031,0.0,0.0,0.0,0.0,0.0,0.0,0.0,0.0,0.0,0.0,0.0,0.0,0.0,0.0,0.0,0.0,0.0,0.0,0.0,0.0,8.8277587890625,0.0,0.0,0.0,0.0,0.0,52.55080032348633,0.0,0.0,0.0,0.0,0.0,0.0,0.0,0.0,0.0,0.0,0.0,0.0,0.0,0.0,0.0,0.0,0.0,0.0,0.0,0.0,0.0,0.0,0.0,0.0,0.0,0.0,0.0,0.0,0.0,0.0,0.0,0.0,0.0,5.894217014312744,0.0,14.51130199432373,0.0,0.0,0.0,0.0,0.0,0.0,0.0,0.0,0.0,0.0,0.0,0.0,0.0,0.0,0.0,0.0,0.0,0.0,0.0,1.1180076599121094,0.0,0.0,27.90671730041504,0.0,0.0,0.0,0.0,0.0,0.0,0.0,0.0,0.0,0.0,0.0,0.0,0.0,0.0,0.0,0.0,0.0,0.0,0.0,0.0,0.0,0.0,0.0,0.0,0.0,0.0,0.0,0.0,0.0,0.0,0.0,0.0,10.897405624389648,0.0,0.0,0.0,0.0,0.0,0.0,5.601831912994385,0.0,0.0,0.0,0.0,0.0,0.0,0.0,0.0,0.0,0.0,0.0,0.0,0.0,0.0,0.0,55.27325439453125,0.0,0.0,0.0,0.0,0.0,0.0,0.0,0.0,0.0,0.0,0.0,0.0,0.0,0.0,0.0,22.45993423461914,0.0,33.28858184814453,0.0,0.0,0.0,0.0,0.0,0.0,0.0,0.0,0.0,0.0,0.0,0.0,0.0,0.0,0.0,7.052292346954346,0.0,0.0,0.0,0.0,0.0,0.0,0.0,0.0,0.0,0.0,0.0,0.0,0.0,0.0,0.0,0.0,0.0,0.0,0.0,0.0,0.0,0.0,0.0,0.0,0.0,0.0,0.0,0.0,0.0,0.0,0.0,0.0,0.0,0.0,0.0,0.0,0.0,0.0,9.647649765014648,0.0,0.0,0.0,0.0,0.0,0.0,0.0,0.0,0.0,0.0,0.0,0.0,0.0,1.9084548950195312,0.0,0.0,0.0,0.0,0.0,0.0,0.0,0.0,0.0,0.0,6.383303165435791,0.0,0.0,0.0,0.0,0.0,0.0,0.0,0.0,0.0,0.0,0.0,0.0,0.0,0.0,0.0,0.0,0.0,0.0,12.398319244384766,0.0,0.0,0.0,0.0,0.0,0.5961657762527466,0.0,0.0,0.0,0.0,0.0,0.0,1.131975531578064,0.0,0.0,0.0,0.0,0.0,0.0,0.0,0.0,0.0,0.0,0.0,0.0,0.0,0.0,0.0,0.0,0.0,0.0,0.0,0.0,0.0,0.0,0.0,0.0,1.5632896423339844,0.0,0.0,0.0,0.0,0.0,0.0,0.0,0.0,0.0,0.0,0.0,0.0,0.0,0.0,0.0,0.9823712706565857,12.738321304321289,30.123271942138672,25.605260848999023,0.0,0.0,0.0,0.0,0.0,0.0,0.0,0.0,2.598426103591919,0.0,0.0,0.0,0.0,0.0,1.7996273040771484,0.0,0.0,11.88375473022461,0.0,0.0,0.0,1.078927993774414,0.0,0.0,0.0,13.33015251159668,0.0,0.0,0.0,0.0,0.0,0.0,0.0,18.108125686645508,0.0,0.0,0.0,0.0,41.755619049072266,0.0,0.0,0.0,0.0,0.0,0.0,0.0,11.559596061706543,0.0,0.0,0.0,0.0,0.0,0.0,8.145008087158203,0.0,0.0,11.913724899291992,27.966815948486328,0.0,9.730828285217285,0.0,0.0,4.335299491882324,0.0,0.0,0.0,0.0,0.0,0.0,0.0,0.0,0.0,0.9617505669593811,0.0,0.0,0.0,0.0,0.0,0.0,0.0,0.0,0.0,0.0,0.0,0.0,0.0,0.0,0.0,0.0,0.0,0.0,0.0,0.0,0.0,0.0,0.0,0.0,0.0,0.0,0.0,26.240863800048828,0.0,0.0,0.0,0.0,0.0,0.0,0.0,0.0,6.35727596282959,20.058897018432617,0.0,0.0,0.0,6.193290710449219,0.0,0.0,41.13434982299805,0.0,0.0,15.036596298217773,27.994953155517578,0.0,0.0,0.0,0.0,0.0,17.293560028076172,0.0,0.0,0.0,0.0,9.731130599975586,0.0,0.0,0.0,0.0,0.0,0.0,0.0,0.0,0.0,0.7965624332427979,0.0,78.17068481445312,32.217124938964844,0.0,0.0,0.0,0.0,1.3538719415664673,0.0,0.0,0.0,0.0,0.0,0.0,0.0,0.0,0.0,1.013472080230713,0.0,0.0,0.0,0.0,0.0,56.516937255859375,0.0,0.0,0.0,0.0,0.0,0.0,0.0,0.0,0.0,0.0,9.415102005004883,0.0,0.0,0.0,0.0,0.0,0.0,0.0,0.0,0.0,35.619476318359375,0.0,0.0,0.0,0.0,0.0,0.0,0.0,51.64299774169922,0.0,0.0,0.0,0.0,0.0,0.0,0.0,0.0,0.0,0.0,0.0,0.0,0.0,0.0,0.0,0.0,0.0,0.0,0.0,0.0,5.454246997833252,0.0,0.0,0.0,0.0,0.0,47.5523567199707,0.0,23.72382164001465,0.0,0.0,0.0,0.0,15.271937370300293,0.0,0.0,0.0,0.0,5.254513263702393,0.0,0.0,0.0,0.46069636940956116,0.0,0.0,0.0,0.0,0.0,0.0,0.0,3.1602706909179688,0.0,0.0,0.0,0.0,0.0,0.0,0.0,0.0,0.0,13.362531661987305,0.0,28.5318660736084,0.0,6.751046657562256,0.0,0.0,0.0,10.494454383850098,0.0,0.0,0.0,0.0,0.0,0.0,0.0,0.0,0.0,0.0,0.0,6.701861381530762,0.0,17.977596282958984,0.0,0.0,32.39989471435547,0.0,0.0,0.0,0.0,0.0,0.0,0.0,3.3549509048461914,0.0,0.0,0.0,0.0,15.50519847869873,0.0,0.0,0.0,0.0,0.0,0.0,0.0,0.0,0.0,0.0,0.0,0.0,0.0,0.0,0.0,0.0,0.0,0.0,0.0,32.42870330810547,0.0,0.0,0.0,0.0,0.0,0.0,7.316885471343994,0.0,0.0,0.0,0.0,0.0,0.0,0.0,14.385968208312988,0.0,0.0,0.0,0.0,0.0,0.20830506086349487,0.0,56.43061447143555,0.0,0.0,0.49188151955604553,0.0,0.0,0.0,0.0,0.0,0.0,0.0,0.0,0.0,0.0,6.0938520431518555,0.0,26.706457138061523,0.0,49.64588928222656,0.0,0.0,0.0,0.0,0.0,0.0,0.0,0.0,0.0,0.0,0.0,0.0,0.0,0.0,0.0,18.53839683532715,0.0,0.0,0.0,9.889684677124023,0.0,0.0,0.0,0.0,0.0,0.0,0.0,0.0,0.0,0.0,0.0,0.0,0.0,0.0,0.0,0.0,0.0,0.0,0.0,0.0,0.0,0.0,0.0,0.0,0.0,0.0,0.0,0.0,0.0,0.0,0.0,0.0,0.0,0.0,17.01952362060547,0.0,0.0,0.0,0.0,0.0,0.0,0.0,0.0,0.0,0.0,0.0,1.200924038887024,5.147592544555664,0.0,0.0,0.0,0.0,0.0,0.0,0.0,0.0,0.0,0.0,0.0,0.0,0.0,0.0,0.0,0.0,0.0,0.0,0.0,0.0,0.0,0.0,0.0,0.0,0.0,0.0,0.0,0.0,0.0,0.0,9.39720630645752,0.0,0.0,0.0,0.0,0.0,0.0,0.0,0.0,0.0,0.0,0.0,0.0,0.0,0.0,0.0,0.0,0.0,0.0,0.0,0.0,0.0,0.0,0.0,0.0,0.0,0.0,0.0,0.0,0.0,0.0,0.0,0.0,0.0,0.0,0.0,0.0,0.0,0.0,0.0,0.0,0.0,0.0,0.0,0.0,0.0,0.0,0.0,0.0,0.0,0.0,0.0,0.0,0.0,0.0,0.0,10.361143112182617,8.352829933166504,0.0,0.0,0.0,0.0,0.0,0.0,0.0,0.0,0.0,0.0,0.0,0.0,0.0,0.0,0.0,0.0,0.0,0.0,0.0,0.0,0.0,0.4323625862598419,0.0,0.0,0.0,9.200170516967773,0.0,0.0,0.0,0.0,0.0,0.0,0.0,0.0,0.0,0.0,0.0,0.0,31.67867660522461,0.0,0.0,0.0,0.0,0.0,0.0,0.0,1.3470293283462524,0.0,0.0,0.0,0.0,0.0,0.0,11.708707809448242,0.0,0.0,4.044072151184082,32.626251220703125,0.0,0.0,0.0,0.0,0.0,0.0,0.0,0.0,0.0,0.0,0.0,0.0,0.0,0.0,0.0,0.0,0.0,0.0,0.0,0.0,0.0,0.0,0.0,0.0,0.0,0.0,0.0,0.0,0.0,0.0,0.0,0.0,0.0,0.0,0.0,0.0,0.0,0.0,0.0,0.0,0.0,0.0,16.978052139282227,0.0,0.0,0.0,0.0,0.0,0.0,0.0,0.0,19.82219696044922,0.0,0.0,0.0,0.0,0.0,0.0,0.0,41.63025665283203,0.0,0.0,8.625730514526367,37.52566146850586,0.0,0.0,0.0,4.393359184265137,0.0,2.628682851791382,0.0,0.0,0.0,0.0,0.0,0.0,0.0,0.0,0.0,0.0,0.0,0.0,0.0,0.0,0.0,0.0,57.91752624511719,30.90869903564453,0.0,0.0,0.0,0.0,0.0,0.0,0.0,0.0,0.0,0.0,0.0,0.0,0.0,0.0,0.0,0.0,0.0,0.0,0.0,0.0,58.16688919067383,0.0,0.0,0.0,0.0,0.0,0.0,0.0,0.0,0.0,0.0,17.172168731689453,0.0,0.0,0.0,0.0,0.0,0.0,0.0,0.0,0.0,20.917428970336914,0.0,0.0,0.0,0.0,0.0,0.0,0.0,54.01409912109375,0.0,0.0,0.0,0.0,0.0,0.0,0.0,0.0,0.0,0.0,0.0,0.0,0.0,0.0,0.0,0.0,0.0,0.0,0.0,0.0,0.0,0.0,0.0,0.0,0.0,0.0,60.569740295410156,0.0,16.37578582763672,0.0,0.0,0.0,0.0,0.0,0.0,0.0,0.0,0.0,15.432273864746094,0.0,0.0,0.0,0.0,0.0,0.0,0.0,0.0,0.0,0.0,0.0,0.0,0.0,0.0,0.0,0.0,0.0,0.0,0.0,0.0,0.0,2.2002501487731934,0.0,12.725322723388672,0.0,0.9027679562568665,0.0,0.0,0.0,7.784539222717285,0.0,0.0,0.0,0.0,0.0,0.0,0.0,0.0,0.0,0.0,0.0,6.457479000091553,0.0,17.06549072265625,0.0,0.0,34.12178421020508,0.0,0.0,0.0,0.0,0.0,0.0,0.0,0.0,0.0,0.0,0.0,0.0,2.81369948387146,0.0,0.0,0.0,0.0,0.0,0.0,0.0,0.0,0.0,0.0,0.0,0.0,0.0,0.0,0.0,0.0,0.0,0.0,0.0,40.72584533691406,0.0,0.0,0.0,0.0,0.0,0.0,3.772566080093384,0.0,0.0,0.0,0.0,0.0,0.0,0.0,17.033554077148438,0.0,0.0,0.0,0.0,0.0,0.0,0.0,88.37370300292969,0.0,0.0,0.0,0.0,0.0,0.0,0.0,0.0,0.0,0.0,0.0,0.0,0.0,0.0,0.0,6.7809529304504395,0.0,25.725261688232422,0.0,0.0,0.0,0.0,0.0,0.0,0.0,0.0,0.0,0.0,0.0,0.0,0.0,0.0,0.0,0.0,0.0,0.0,0.0,2.97294020652771,0.0,0.0,0.0,0.0,0.0,0.0,0.0,0.0,0.0,0.0,0.0,2.7165961265563965,0.0,0.0,0.0,0.0,0.0,0.0,0.0,0.0,0.0,0.0,0.0,0.0,0.0,0.0,0.0,0.0,0.0,0.0,0.0,0.0,0.0,0.0,25.56171226501465,0.0,0.0,0.0,0.0,0.0,0.0,0.0,0.0,0.0,0.0,0.0,0.0,15.38313102722168,0.0,0.0,0.0,0.0,0.0,0.0,0.0,0.0,0.0,0.0,0.0,0.0,0.0,0.0,0.0,0.0,0.0,0.0,0.0,0.0,0.0,0.0,9.184864044189453,0.0,0.0,0.0,0.0,0.0,0.0,0.0,0.0,0.0,0.0,0.0,0.0,0.0,0.0,0.0,0.0,0.0,0.0,0.0,0.0,0.0,0.0,0.0,0.0,0.0,0.0,0.0,0.0,0.0,0.0,0.0,0.0,0.0,0.0,0.0,0.0,0.0,0.0,0.0,0.0,0.0,0.0,0.0,0.0,0.0,0.0,0.0,0.0,0.0,0.0,0.0,0.0,0.0,0.0,0.0,0.0,0.0,0.0,0.0,0.0,0.0,0.0,0.0,0.0,0.0,0.0,0.0,0.0,0.0,0.0,0.0,0.0,0.0,0.0,0.0,0.0,0.0,0.0,0.0,0.0,0.0,0.0,0.0,0.0,0.0,0.0,0.0,0.0,0.0,0.0,0.0,0.0,0.0,0.0,0.0,0.0,0.0,0.0,0.0,0.0,0.0,0.0,0.0,0.0,0.0,0.0,0.0,0.0,0.0,0.0,0.0,0.0,0.0,0.0,0.0,0.0,0.0,0.0,0.0,14.705831527709961,0.0,2.3429250717163086,1.6657614707946777,0.0,0.0,0.0,0.0,0.0,0.0,0.0,0.0,0.0,0.0,0.0,0.0,0.0,0.0,0.0,0.0,0.0,0.0,0.0,0.0,0.0,0.0,0.0,0.0,0.0,0.0,0.0,0.0,0.0,0.0,0.0,0.0,0.0,0.0,0.0,0.0,6.007655620574951,0.0,0.0,0.0,0.0,0.0,0.0,0.0,0.0,0.0,0.0,0.0,0.0,0.0,0.0,17.64630699157715,0.0,0.0,0.0,0.0,0.0,0.0,0.0,5.277477264404297,0.0,0.0,0.0,38.51579666137695,0.0,0.0,0.0,0.0,0.0,0.0,0.0,0.0,0.0,0.0,0.0,0.0,0.0,0.0,0.0,0.0,0.0,0.0,0.0,0.0,0.0,0.0,22.561054229736328,12.915582656860352,0.0,0.0,0.0,0.0,0.0,0.0,0.0,0.0,0.0,0.0,0.0,0.0,0.0,0.0,0.0,0.0,0.0,0.0,0.0,0.0,58.329200744628906,0.0,0.0,0.0,0.0,0.0,0.0,0.0,0.0,0.0,0.0,0.6947199106216431,0.0,0.0,0.0,0.0,0.0,0.0,0.0,0.0,0.0,14.353615760803223,0.0,0.0,0.0,0.0,0.0,0.0,0.0,20.062108993530273,0.0,0.0,0.0,0.0,0.0,0.0,0.0,0.0,0.0,0.0,0.0,0.0,0.0,0.0,0.0,0.0,0.0,0.0,0.0,0.0,1.293546199798584,0.0,0.0,0.0,0.0,0.0,16.408130645751953,0.0,0.0,0.0,0.0,0.0,0.0,0.0,0.0,0.0,0.0,0.0,0.0,0.0,0.0,0.0,0.0,0.0,0.0,0.0,0.0,0.0,0.0,0.0,0.0,0.0,0.0,0.0,0.0,0.0,0.0,0.0,0.0,0.0,0.0,0.0,0.0,0.0,0.0,0.0,0.0,0.0,0.0,0.0,0.0,0.0,0.0,0.0,0.0,0.0,0.0,0.0,0.0,0.0,0.0,0.0,0.0,0.0,0.0,24.173564910888672,0.0,0.0,4.372991561889648,0.0,0.0,0.0,0.0,0.0,4.420978546142578,2.2934107780456543,0.0,0.0,0.0,0.0,0.0,0.0,0.0,0.0,0.0,0.0,0.0,0.0,0.0,0.0,0.0,0.0,0.0,0.0,0.0,0.0,0.0,0.0,33.709251403808594,0.0,0.0,0.0,0.0,0.0,0.0,0.0,0.0,0.0,0.0,0.0,0.0,0.0,0.0,0.137181356549263,0.0,0.0,0.0,0.0,7.187556266784668,0.0,0.0,88.41014862060547,0.0,0.0,0.0,0.0,0.0,0.0,0.0,0.0,0.0,0.0,0.0,0.0,0.0,0.0,0.0,0.0,0.0,0.0,0.0,0.0,0.0,0.0,0.0,0.0,0.0,0.0,0.0,0.0,0.0,0.0,0.0,0.0,0.0,0.0,0.0,0.0,0.0,0.0,0.0,0.0,0.0,0.0,0.0,0.0,0.0,0.0,0.0,0.0,0.0,1.6794143915176392,0.0,0.0,0.0,0.0,0.0,0.0,0.0,0.0,0.0,0.0,0.0,0.0,0.0,0.0,0.0,0.0,0.0,0.0,0.0,0.0,0.0,0.0,15.279722213745117,0.0,0.0,0.0,0.0,0.0,0.0,0.0,0.0,0.0,0.0,0.0,0.0,12.858841896057129,0.0,0.0,0.0,0.0,0.0,0.0,0.0,0.0,0.0,3.537214517593384,0.0,0.0,0.0,0.0,0.0,0.0,0.0,0.0,0.0,0.0,0.0,0.0,18.49140739440918,0.0,0.0,0.0,0.0,0.0,0.0,0.0,0.0,0.0,0.0,0.0,0.0,0.0,0.0,0.0,0.0,0.0,0.0,0.0,0.0,0.0,5.3725104331970215,0.0,0.0,0.0,0.0,0.0,0.0,8.700864791870117,0.0,0.0,0.0,0.0,3.5671041011810303,0.0,0.0,0.0,0.0,0.0,0.0,0.0,0.0,0.0,0.0,0.0,6.473285675048828,0.0,0.0,0.0,0.0,0.0,0.0,0.0,0.0,0.0,0.0,0.0,0.0,0.0,0.0,0.0,0.0,0.0,0.0,0.0,0.0,4.474486351013184,0.0,0.0,0.0,2.457801580429077,0.0,0.0,0.0,0.0,0.0,8.63650131225586,0.0,0.0,11.376429557800293,0.0,0.0,0.0,0.0,0.0,0.0,0.0,0.0,0.0,0.0,0.0,0.41309574246406555,0.0,0.0,0.0,0.0,3.6052517890930176,0.0,0.0,0.0,0.0,0.0,0.0,0.0,0.0,0.0,0.0,0.0,0.0,0.0,0.0,0.0,0.0,0.0,0.0,0.0,0.0,0.0,0.0,10.94919204711914,0.0,9.90120792388916,0.0,0.0,0.0,0.0,17.263336181640625,0.0,0.0,0.0,0.0,0.0,0.0,48.355812072753906,0.0,0.0,0.0,0.0,0.0,0.0,0.0,0.0,0.0,0.0,0.0,0.0,0.0,0.0,0.0,0.0,0.0,0.0,0.0,0.0,0.0,0.0,0.0,0.0,0.0,1.1005772352218628,0.0,0.0,0.0,0.0,20.555931091308594,0.0,0.0,0.0,0.0,0.0,0.0,0.0,0.0,0.0,0.0,0.0,0.0,0.0,0.0,0.0,0.0,0.0,2.741767406463623,0.0,0.0,0.0,18.787038803100586,0.0,20.235523223876953,0.0,0.0,0.0,0.0,0.0,0.0,0.0,0.0,0.0,0.0,0.0,0.0,0.0,0.0,0.0,0.0,0.0,0.0,0.0,0.0,0.0,0.0,0.0,0.0,0.0,0.0,3.2104475498199463,8.16757583618164,0.0,11.32602310180664,0.0,10.26906681060791,0.0,0.0,0.0,0.0,0.0,0.0,0.0,0.0,0.0,0.0,24.000322341918945,0.0,0.0,0.0,0.0,0.0,19.876924514770508,0.0,0.0,0.0,0.0,0.0,0.0,9.663890838623047,0.0,0.0,0.0,0.0,0.0,0.0,0.0,0.0,0.0,0.0,7.446918964385986,0.0,0.0,0.0,0.0,0.0,0.0,0.0,0.0,0.0,12.633228302001953,0.0,0.0,0.0,0.0,0.0,0.0,0.0,0.0,0.0,0.0,0.0,0.0,0.0,0.0,0.0,9.833847045898438,0.0,0.0,0.06789824366569519,0.0,7.963381767272949,31.24216651916504,0.0,0.0,0.0,5.3230743408203125,0.0,0.0,0.0,0.0,0.0,0.0,0.0,0.0,0.0,0.0,0.0,0.0,0.0,0.0,0.0,0.0,0.0,0.0,0.0,0.0,0.0,0.0,0.0,0.0,0.0,0.0,0.0,0.0,0.0,0.0,0.0,0.0,0.0,0.0,0.0,0.0,0.0,0.0,0.0,0.0,0.0,1.0447561740875244,0.0,0.0,0.0,10.61012077331543,0.0,0.0,1.556478500366211,0.0,0.0,0.0,0.0,0.0,8.484763145446777,0.0,2.330850601196289,29.7081298828125,0.0,0.0,0.0,0.0,0.0,3.381110191345215,6.519215106964111,0.0,3.836520195007324,0.0,0.0,0.0,0.0,0.0,0.0,0.0,0.0,0.0,0.0,0.0,0.0,0.0,0.0,0.0,0.0,0.0,0.0,4.312949180603027,0.0,0.0,0.0,0.0,0.3363041281700134,0.0,0.0,0.0,0.0,1.7987525463104248,0.0,0.0,0.0,0.0,0.0,0.0,1.4253472089767456,0.0,0.0,0.0,0.0,0.0,0.0,0.0,20.373703002929688,0.0,0.0,4.150075435638428,0.0,0.0,0.0,0.0,0.0,0.0,0.0,0.0,0.0,0.0,0.0,0.0,0.0,0.0,0.0,0.0,0.0,0.0,0.0,0.0,0.0,0.0,0.0,0.0,0.0,0.0,0.0,0.0,0.0,0.0,0.0,0.0,0.0,0.0,0.0,0.0,0.0,0.0,4.632200717926025,0.0,0.0,0.0,0.0,0.0,0.0,0.5830883979797363,0.0,0.0,2.4132444858551025,0.0,0.0,0.0,0.0,0.0,0.0,0.0,0.0,0.0,0.0,0.0,0.0,0.0,0.0,0.0,0.0,0.0,0.0,0.0,0.0,3.364607810974121,7.397556781768799,0.0,0.0,0.0,0.0,17.334693908691406,0.0,0.0,0.0,3.8070507049560547,12.117499351501465,0.0,12.377253532409668,0.0,0.0,0.0,0.0,0.0,0.0,0.0,0.0,0.0,0.0,0.0,0.0,0.0,0.0,0.0,0.0,0.0,0.0,0.0,0.0,0.0,0.0,0.0,0.0,0.0,0.0,0.0,0.0,0.0,0.0,0.0,0.0,0.0,0.0,0.0,0.0,0.0,0.0,0.0,0.0,0.0,0.0,0.0,0.0,0.0,9.727141380310059,0.0,0.0,0.0,0.0,0.0,1.956207036972046,0.0,0.0,0.0,0.0,0.0,0.0,0.0,0.0,0.0,0.0,0.0,0.0,0.0,0.0,0.0,0.0,0.0,0.0,0.0,0.0,0.0,0.0,0.18057867884635925,0.0,0.0,0.0,0.0,0.0,0.0,0.0,0.0,0.0,0.0,0.0,0.0,0.0,0.0,7.979700088500977,0.0,0.0,0.0,0.0,2.137054204940796,0.0,0.0,0.0,0.0,0.0,0.0,0.0,3.393357753753662,0.0,0.0,0.0,0.0,0.0,0.0,0.0,0.0,0.0,0.0,0.0,1.211188793182373,0.0,0.0,0.0,0.0,0.0,0.0,0.0,0.0,0.0,0.0,0.0,0.0,0.0,0.0,0.0,0.0,0.0,0.0,0.0,0.0,0.0,0.0,0.0,0.0,0.0,0.0,0.0,0.0,0.0,3.271695137023926,0.0,0.0,0.0,0.0,12.582293510437012,0.0,0.0,0.0,0.0,0.0,0.0,0.0,0.0,0.21481111645698547,0.0,0.0,0.0,0.0,0.0,0.0,0.0,0.0,0.0,0.0,0.0,0.0,0.0,0.0,0.0,0.0,0.0,0.0,0.0,0.0,0.0,0.0,0.0,0.0,0.0,0.0,0.0,0.0,0.0,0.0,0.0,0.0,0.0,0.0,0.0,0.0,0.0,0.0,0.0,0.0,0.0,0.0,0.0,0.0,0.0,8.889115333557129,0.0,0.0,0.0,0.0,23.270877838134766,0.0,0.0,0.0,0.0,0.0,0.0,0.0,0.0,0.0,0.3456120193004608,0.0,0.0,0.0,0.0,0.0,0.0,0.0,0.0,0.0,0.0,0.0,0.0,0.0,0.0,0.0,0.0,0.0,0.0,0.0,11.136955261230469,0.0,0.0,0.0,0.0,0.0,0.0,0.0,0.0,0.0,0.0,0.0,0.0,0.0,0.0,30.55767059326172,0.0,19.13200569152832,0.0,0.0,0.0,0.11699438095092773,0.0,0.0,0.0,0.0,0.0,0.0,0.7966746091842651,0.0,0.0,0.0,0.0,0.0,0.0,0.0,0.0,0.0,0.0,0.0,0.0,0.0,0.0,0.0,0.0,0.0,0.0,0.0,3.0451221466064453,0.0,0.0,0.0,0.0,0.0,0.0,0.0,0.0,0.0,0.0,0.0,0.0,0.0,0.0,0.0,0.0,9.89212703704834,0.0,0.0,0.0,0.0,0.0,37.63307571411133,0.0,0.0,0.0,0.0,0.0,0.0,0.0,0.0,0.0,0.0,0.0,0.0,0.0,0.0,0.0,0.0,0.0,0.0,0.0,0.0,2.564708709716797,0.0,0.0,0.0,0.0,0.0,0.0,0.0,0.0,1.9989959001541138,0.0,0.0,0.0,0.0,0.0,0.0,0.0,0.0,0.0,0.0,13.295905113220215,0.0,0.0,0.0,0.0,0.0,0.0,0.0,0.0,21.76405906677246,0.0,0.0,0.0,0.0,0.0,0.0,0.0,0.0,6.352309226989746,0.0,1.3314294815063477,0.0,0.0,0.0,0.0,0.0,0.0,0.0,0.0,0.0,0.0,0.0,0.0,0.0,0.0,0.0,0.0,0.0,0.0,0.0,0.0,0.0,0.6327053904533386,1.1201610565185547,0.0,0.0,0.0,0.0,0.0,0.0,0.0,0.0,0.0,1.4558007717132568,0.0,9.115262031555176,0.0,0.0,0.0,0.0,0.0,0.0,0.0,0.0,0.0,0.0,1.3693352937698364,0.0,0.0,0.0,0.0,0.0,0.9783011674880981,0.0,11.25256633758545,0.0,0.0,0.0,0.0,6.7398529052734375,0.0,0.0,0.0,0.0,0.0,0.0,0.0,0.0,2.3086578845977783,0.0,0.0,0.0,0.0,0.0,6.379052639007568,5.520340919494629,0.0,0.0,0.0,0.0,0.0,0.0,17.87199592590332,0.0,0.0,0.0,0.0,0.0,0.0,0.0,0.0,0.5161238312721252,0.0,0.0,0.0,0.0,0.0,0.0,0.2931729257106781,0.0,0.0,0.0,0.0,26.721206665039062,3.3062496185302734,0.0,0.0,0.0,0.0,0.0,0.0,0.0,0.0,0.0,0.0,0.0,0.0,0.0,0.0,0.0,1.0454676151275635,0.0,0.0,0.0,0.0,0.0,0.0,0.0,0.0,0.0,0.0,0.0,0.0,16.127262115478516,0.0,0.0,0.0,0.0,0.0,0.0,21.320018768310547,0.0,0.0,0.0,0.0,0.0,0.0,0.0,0.0,0.0,0.0,0.0,0.0,0.0,0.0,0.0,0.0,0.0,0.0,0.0,0.0,0.0,0.0,0.0,0.0,0.0,0.0,0.0,0.0,0.0,0.0,0.0,0.0,0.0,0.0,0.0,0.0,0.0,0.0,0.0,0.0,0.0,0.0,0.0,0.0,0.0,0.0,0.0,0.0,0.0,0.0,0.0,0.0,0.0,0.0,0.0,0.0,0.0,0.0,0.0,0.0,0.0,0.0,0.0,0.0,0.0,0.0,0.0,0.0,0.0,0.0,0.0,0.0,0.0,0.0,0.0,0.0,5.274893283843994,0.0,0.0,0.0,0.0,0.0,0.0,0.0,0.0,0.0,10.59791374206543,0.0,0.0,22.053789138793945,0.0,0.0,0.0,0.0,0.0,0.0,0.0,0.0,0.0,0.0,0.0,0.0,0.0,0.0,0.0,0.0,0.0,0.0,0.0,0.0,0.0,0.0,0.0,0.0,0.0,0.0,0.0,0.0,0.0,0.0,0.0,0.0,0.0,0.0,0.0,0.0,0.0,0.0,0.0,0.0,0.0,0.0,0.0,0.0,0.0,0.0,0.0,0.0,0.0,0.0,0.0,0.0,0.0,0.0,0.0,0.0,0.0,0.0,0.0,0.0,0.0,0.0,0.0,0.0,0.0,0.0,0.0,0.0,0.0,0.0,0.0,0.0,0.0,0.0,0.0,0.0,0.0,0.0,0.0,0.0,0.0,0.0,0.0,0.0,0.0,0.0,0.0,0.0,0.0,0.0,0.0,0.0,0.0,0.0,0.0,0.0,0.0,0.0,0.0,0.0,0.0,0.0,0.0,0.0,0.0,0.0,0.0,0.0,0.0,0.0,0.0,0.0,0.0,0.0,0.0,0.0,0.0,0.0,0.0,48.89069366455078,0.0,0.0,0.0,0.0,0.0,0.0,0.0,0.0,0.0,0.0,0.0,0.0,0.0,0.0,0.0,0.0,0.0,0.0,0.0,0.0,0.0,0.0,16.43486785888672,7.589300155639648,0.0,0.0,0.0,0.0,2.894202470779419,0.0,0.0,0.0,0.0,0.0,0.0,0.0,0.0,0.0,0.0,0.0,0.0,0.0,0.0,0.0,80.60529327392578,0.0,0.0,0.0,0.0,0.0,0.0,0.0,0.0,0.0,0.0,0.0,0.0,0.0,0.0,0.0,0.0,0.0,0.0,0.0,0.0,0.0,0.0,0.0,0.0,0.0,0.0,0.0,0.0,0.0,0.0,0.0,0.0,0.0,0.0,0.0,0.0,0.0,0.0,0.0,0.0,0.0,0.0,0.0,0.0,0.0,0.0,0.0,0.0,0.0,0.0,0.0,0.0,0.0,0.0,0.0,1.6965546607971191,0.0,0.0,0.0,0.0,0.0,0.0,0.0,0.0,0.0,0.0,0.0,0.0,0.0,0.0,0.0,0.0,0.0,0.0,0.0,0.0,0.0,0.0,0.0,0.0,0.0,0.0,0.0,0.0,0.0,0.0,0.0,0.0,0.0,0.0,0.0,0.0,0.0,0.0,0.0,0.0,23.343975067138672,0.0,0.0,0.0,0.0,0.0,0.0,0.0,0.0,0.0,0.0,0.0,0.0,0.0,0.0,0.0,0.0,0.0,6.577749729156494,0.0,0.0,0.0,0.0,0.0,0.0,0.0,0.0,0.0,0.0,0.0,0.0,0.0,0.0,0.0,0.0,0.0,0.0,0.0,0.0,0.0,4.181647300720215,0.0,0.0,0.0,0.0,0.0,0.0,0.0,0.0,0.0,0.0,0.0,0.0,0.0,0.0,0.0,0.0,0.0,0.0,0.0,0.0,0.0,0.0,0.0,0.0,0.0,0.0,0.0,0.0,0.0,0.0,0.0,0.0,0.0,44.695533752441406,0.0,0.0,0.0,0.0,0.0,0.0,0.0,0.0,0.0,0.0,0.0,0.0,0.0,0.0,0.0,0.0,0.0,0.0,0.0,0.0,0.0,0.0,0.0,0.0,0.0,0.0,0.0,0.0,0.0,0.0,0.0,0.0,0.0,0.0,0.0,0.0,0.0,0.0,0.0,0.0,0.0,0.0,0.0,0.0,0.0,0.0,0.0,0.0,3.308609962463379,0.0,0.0,0.0,0.0,0.0,0.0,0.0,0.0,0.0,0.0,0.0,0.0,0.0,0.0,0.0,0.0,0.0,0.0,0.0,0.0,0.0,0.0,0.0,0.0,0.0,0.0,0.0,0.0,0.0,0.0,0.0,0.0,0.0,0.0,0.0,0.0,10.58122444152832,0.0,0.0,0.0,0.0,0.0,0.0,0.0,0.0,0.0,0.0,0.0,0.0,0.0,0.0,0.0,0.0,0.0,0.0,0.0,0.0,0.0,0.0,0.0,0.0,0.0,0.0,0.0,0.0,0.0,0.0,0.0,0.0,0.0,0.0,0.0,0.0,0.0,0.0,0.0,0.0,0.0,0.0,0.0,0.0,0.0,0.0,0.0,0.0,0.0,0.0,0.0,0.0,0.0,0.0,0.0,0.0,0.0,0.0,0.0,0.0,0.0,0.0,0.0,0.0,0.0,0.0,0.0,0.0,0.0,0.0,0.0,0.0,0.0,0.0,0.0,0.0,0.0,0.0,0.0,0.0,0.0,0.0,0.0,0.0,0.0,0.0,4.191623687744141,0.0,0.0,0.0,0.0,0.0,0.0,0.0,0.0,0.0,0.0,0.0,0.0,0.0,0.0,0.0,0.0,0.0,0.0,0.0,0.0,0.0,0.0,0.0,0.0,0.0,0.0,0.0,0.0,0.0,0.0,0.0,0.0,0.0,0.0,0.0,0.0,0.0,0.0,0.0,2.7048916816711426,0.0,0.0,0.0,0.0,0.0,0.0,0.0,0.0,0.0,0.0,0.0,0.0,0.0,0.0,1.0566754341125488,0.0,0.0,3.1787705421447754,0.0,0.0,0.0,0.0,0.0,0.0,0.0,0.0,0.0,0.0,0.0,0.0,0.0,0.0,0.0,22.94263458251953,0.0,0.0,0.0,0.0,0.0,0.0,0.0,0.0,0.0,0.0,0.0,0.0,0.0,0.0,0.0,0.0,0.0,0.0,0.0,0.0,0.0,0.0,0.0,0.0,0.0,0.0,0.0,10.325983047485352,0.0,0.0,0.0,0.0,0.0,0.0,0.0,0.0,0.0,0.0,0.0,0.0,0.0,0.0,0.0,0.0,0.0,0.0,0.0,0.0,55.4208869934082,0.0,0.0,0.0,0.0,0.0,0.0,12.260931968688965,0.0,0.0,0.0,0.0,10.691489219665527,0.0,0.0,0.0,0.0,0.0,0.0,0.0,0.0,0.0,0.0,70.57461547851562,24.552297592163086,0.0,0.0,0.0,0.0,0.0,0.0,0.0,0.0,0.0,0.0,0.0,0.0,0.0,0.0,0.0,0.0,0.0,0.0,0.0,0.0,83.61345672607422,0.0,0.0,0.0,0.0,0.0,0.0,0.0,0.0,0.0,0.0,0.0,0.0,0.0,0.0,0.0,0.0,0.0,0.0,0.0,0.0,4.722728252410889,0.0,0.0,0.0,0.0,0.0,0.0,0.0,18.557493209838867,0.0,0.0,0.0,0.0,0.0,0.0,0.0,0.0,0.0,0.0,0.0,0.0,0.0,0.0,0.0,0.0,0.0,0.0,0.0,0.0,0.0,0.0,0.0,0.0,0.0,0.0,28.123239517211914,0.0,0.0,0.0,0.0,0.0,0.0,0.0,0.0,0.0,0.0,0.0,0.0,0.0,0.0,0.0,0.0,0.0,0.0,0.0,0.0,0.0,0.0,0.0,0.0,0.0,0.0,0.0,0.0,0.0,0.0,0.0,0.0,0.0,0.0,0.0,0.0,0.0,0.0,0.0,0.0,0.0,0.0,0.0,0.0,0.0,0.0,0.0,0.0,0.0,0.0,0.0,0.0,0.0,0.0,0.0,0.0,0.0,0.0,19.85948371887207,0.0,0.0,0.0,0.0,0.0,0.0,0.0,0.0,0.0,0.0,0.0,0.0,0.0,0.0,0.0,0.0,0.0,0.0,0.0,0.0,0.0,0.0,0.0,0.0,0.0,0.0,0.0,0.0,0.0,0.0,0.0,0.0,0.0,0.0,0.0,0.0,0.0,0.0,0.0,0.0,0.0,0.0,0.0,0.0,0.0,0.0,0.0,0.0,0.0,0.0,0.0,0.0,0.0,0.0,0.0,51.72658920288086,0.0,0.0,0.0,0.0,0.0,0.0,0.0,0.0,0.0,0.0,0.0,0.0,0.0,0.0,0.0,0.7648919820785522,0.0,24.747833251953125,0.0,0.0,0.0,0.0,0.0,0.0,0.0,0.0,0.0,0.0,0.0,0.0,0.0,0.0,0.0,0.0,0.0,0.0,0.0,0.0,0.0,0.0,0.0,0.0,0.0,0.0,0.0,0.0,0.0,0.0,0.0,7.960693836212158,0.0,0.0,0.0,0.0,0.0,0.0,0.0,0.0,0.0,0.0,0.0,0.0,0.0,0.0,0.0,0.0,0.0,0.0,0.0,0.0,0.0,0.0,0.558720052242279,0.0,0.0,0.0,0.0,0.0,0.0,0.0,0.0,0.0,0.0,0.0,0.0,0.0,0.0,0.0,0.0,0.0,0.0,0.0,0.0,0.0,0.0,0.0,0.0,0.0,0.0,0.0,0.0,0.0,0.0,0.0,0.0,0.0,0.0,0.0,0.0,0.0,0.0,0.0,0.0,0.0,0.0,0.0,0.0,0.0,0.0,0.0,0.0,0.0,0.0,0.0,0.0,0.0,0.0,0.0,0.0,0.0,0.0,0.0,0.0,0.0,0.0,0.0,0.0,0.0,0.0,0.0,0.0,0.0,7.801204204559326,0.0,0.0,0.0,0.0,0.0,0.0,0.0,0.0,0.0,0.0,0.0,0.0,0.0,0.0,0.0,0.0,0.0,0.0,0.0,0.0,0.0,0.0,0.0,0.0,0.0,0.0,0.0,0.0,0.0,0.0,0.0,0.0,0.0,0.0,0.0,0.0,0.0,0.0,0.0,0.0,0.0,0.0,0.0,0.0,0.0,0.0,0.0,0.0,0.0,0.0,0.0,0.0,0.0,0.0,0.0,0.0,17.869171142578125,0.0,0.0,0.0,0.0,0.0,0.0,0.0,0.0,0.0,0.0,0.0,0.0,11.677824974060059,0.0,0.0,0.0,0.0,0.0,0.0,0.0,0.0,0.0,0.0,0.0,0.0,0.0,0.0,6.270291805267334,0.0,0.0,12.221805572509766,1.815926432609558,0.0,0.0,0.0,0.0,0.0,0.0,0.0,0.0,0.0,0.0,0.0,0.0,0.0,0.0,7.051421642303467,0.0,0.0,0.0,0.0,0.0,0.0,0.0,0.0,0.0,0.0,0.0,0.0,0.0,0.0,0.0,0.0,0.0,0.0,0.0,0.0,0.0,0.0,0.0,0.0,0.0,0.0,0.0,11.8800048828125,0.0,0.0,0.0,0.0,0.0,0.0,0.0,0.0,6.76002311706543,0.0,0.0,0.0,0.0,0.0,0.0,0.0,14.418659210205078,0.0,0.0,0.0,50.9578857421875,0.0,0.0,0.0,0.0,0.0,0.9003348350524902,15.39175796508789,4.840579032897949,0.0,0.0,0.0,8.74036979675293,0.0,0.0,0.0,0.0,0.0,0.0,0.0,0.0,0.0,0.0,84.03787994384766,25.812299728393555,0.0,0.0,0.0,0.0,0.0,0.0,0.0,0.0,0.0,0.0,0.0,0.0,0.0,0.0,0.0,0.0,0.0,0.0,0.0,0.0,90.65361785888672,0.0,0.0,0.0,0.0,0.0,0.0,0.0,0.0,0.0,0.0,0.0,0.0,0.0,0.0,0.0,0.0,0.0,0.0,0.0,0.0,20.516010284423828,0.0,0.0,0.0,0.0,0.0,0.0,0.0,22.887874603271484,0.0,0.0,0.0,0.0,0.0,0.0,0.0,0.0,0.0,0.0,0.0,0.0,0.0,0.0,0.0,0.0,0.0,0.0,0.0,0.0,2.310678482055664,0.0,0.0,0.0,0.0,0.0,20.899805068969727,0.0,0.0,0.0,0.0,0.0,0.0,0.0,0.0,0.0,0.0,0.0,0.0,0.0,2.720891237258911,0.0,0.0,0.0,0.0,0.0,0.0,0.0,0.0,0.0,0.0,0.0,0.0,0.0,0.0,0.0,0.0,0.0,0.0,0.0,0.0,0.0,16.891847610473633,0.0,0.0,0.0,0.0,0.0,6.451496601104736,0.0,0.0,0.0,0.0,0.0,0.0,0.0,0.0,0.0,0.0,0.0,0.0,0.0,0.0,0.0,0.0,26.036558151245117,0.0,0.0,0.0,0.0,0.0,0.0,0.0,0.0,0.0,0.0,0.0,0.0,1.7629504203796387,0.0,0.0,0.0,0.0,0.0,0.0,0.0,0.0,0.0,0.0,0.0,0.0,0.0,0.0,0.0,0.0,0.0,0.0,0.0,27.591028213500977,0.0,0.0,0.0,0.0,0.0,0.0,0.0,0.0,0.0,0.0,0.0,0.0,0.0,0.0,0.0,0.0,0.0,0.0,0.0,0.0,0.0,0.0,67.1826171875,0.0,0.0,0.0,0.0,0.0,0.0,0.0,0.0,0.0,0.0,0.0,0.0,0.0,0.0,0.0,0.0,0.0,41.566349029541016,0.0,0.0,0.0,0.0,0.0,0.0,0.0,0.0,0.0,0.0,0.0,0.0,0.0,0.0,0.0,0.0,0.0,0.0,0.0,0.0,0.0,0.0,0.0,0.0,0.0,0.0,0.0,0.0,0.0,0.0,0.0,15.578356742858887,0.0,0.0,0.0,0.0,0.0,0.0,0.0,0.0,0.0,0.0,0.0,0.0,0.0,0.0,0.0,0.0,0.0,0.0,0.0,0.0,0.0,0.0,15.84909439086914,0.0,0.0,0.0,0.0,0.0,0.0,0.0,0.0,0.0,0.0,0.0,0.0,17.6179256439209,0.0,0.0,0.0,0.0,0.0,0.0,0.0,0.0,0.0,0.0,0.0,0.0,0.0,0.0,0.0,0.0,0.0,0.0,0.0,0.0,0.0,0.0,0.0,0.0,0.0,0.0,0.0,0.0,0.0,0.0,0.0,0.0,0.0,0.0,0.0,0.0,0.0,0.0,0.0,0.0,0.0,0.0,0.0,0.0,0.0,0.0,0.0,0.0,0.0,0.0,0.0,0.0,0.0,0.0,0.0,0.0,0.0,0.0,0.0,0.0,0.0,0.0,0.0,0.0,0.0,0.0,0.0,0.0,0.0,0.0,0.0,0.0,0.0,0.0,0.0,0.0,0.0,0.0,0.0,0.0,0.0,0.0,0.0,0.0,0.0,0.0,5.313526153564453,0.0,0.0,0.0,0.0,0.0,0.0,0.0,0.0,0.0,0.0,0.0,0.0,0.0,0.0,0.0,0.0,0.0,0.0,0.0,0.0,0.0,0.0,0.0,0.0,0.0,0.0,0.0,0.0,0.0,0.0,0.0,0.0,0.0,0.0,0.0,0.0,0.0,0.0,0.0,0.0,0.0,0.0,0.0,0.0,0.0,0.0,0.0,0.0,0.0,0.0,0.0,0.0,0.0,0.0,10.287806510925293,0.0,0.0,0.0,0.0,0.0,0.0,0.0,0.0,0.0,0.0,0.0,0.0,0.0,0.0,0.0,0.0,0.0,0.0,0.0,0.0,0.0,0.0,0.0,0.0,0.0,0.0,0.0,0.0,0.0,0.0,0.0,0.0,0.0,0.0,0.0,0.0,0.0,0.0,0.0,0.0,0.0,0.0,0.0,0.0,0.0,0.0,0.0,0.0,0.0,0.0,0.0,0.0,0.0,0.0,0.0,0.0,0.0,0.0,0.0,0.0,0.0,0.0,0.0,14.569286346435547,0.0,0.0,0.0,55.6059455871582,0.0,0.0,0.0,0.0,0.0,0.0,0.0,20.828773498535156,0.0,0.0,0.0,0.0,0.0,0.0,0.0,0.0,0.0,0.0,0.0,0.0,0.0,0.0,76.15798950195312,20.240758895874023,0.0,0.0,0.0,0.0,6.040680408477783,0.0,0.0,0.0,0.0,0.0,0.0,0.0,0.0,0.0,0.0,0.0,0.0,0.0,0.0,0.0,104.43634033203125,0.0,0.0,0.0,0.0,0.0,0.0,0.0,0.0,0.0,0.0,12.945699691772461,0.0,0.0,0.0,0.0,0.0,0.0,0.0,0.0,0.0,0.0,0.0,0.0,0.0,0.0,0.0,0.0,0.0,22.643157958984375,0.0,0.0,0.0,0.0,0.0,0.0,0.0,0.0,0.0,0.0,0.0,0.0,0.0,0.0,0.0,0.0,0.0,0.0,0.0,0.0,0.0,0.0,0.0,0.0,0.0,0.0,23.826017379760742,0.0,0.0,0.0,0.0,0.0,0.0,0.0,0.0,0.0,0.0,0.0,0.0,0.0,0.0,0.0,0.0,0.0,0.0,0.0,0.0,0.0,0.0,0.0,0.0,0.0,0.0,0.0,0.0,0.0,0.0,0.0,0.0,0.0,0.0,0.0,0.0,0.0,0.0,0.0,0.0,0.0,0.0,0.0,0.0,0.0,0.0,0.0,0.0,0.0,0.0,0.0,0.0,0.0,0.0,0.0,0.0,0.0,0.0,0.0,0.0,0.0,0.0,0.0,0.0,0.0,0.0,0.0,0.0,0.0,0.0,0.0,0.0,0.0,0.0,0.0,0.0,0.0,0.0,0.0,0.0,0.0,0.0,0.0,0.0,0.0,0.0,0.0,0.0,0.0,0.0,0.0,28.785425186157227,0.0,0.0,0.0,0.0,0.0,0.0,0.0,0.0,0.0,0.0,0.0,0.0,0.0,0.0,0.0,0.0,0.0,0.0,0.0,0.0,0.0,0.0,101.83248901367188,0.0,0.0,0.0,0.0,0.0,0.0,0.0,0.0,0.0,0.0,0.0,0.0,0.0,0.0,0.0,0.0,0.0,3.1800317764282227,0.0,0.0,0.0,0.0,0.0,0.0,0.0,0.0,0.0,0.0,0.0,0.0,0.0,0.0,0.0,0.0,0.0,0.0,0.0,0.0,0.0,0.0,0.0,0.0,0.0,0.0,0.0,0.0,0.0,0.0,0.0,8.288799285888672,0.0,0.0,0.0,0.0,0.0,0.0,0.0,0.0,0.0,0.0,0.0,0.0,0.0,0.0,0.0,0.0,0.0,0.0,0.0,0.0,0.0,0.0,9.536595344543457,0.0,0.0,0.0,0.0,0.0,2.6888179779052734,0.0,0.0,0.0,0.0,0.0,0.0,28.369388580322266,0.0,0.0,0.0,0.0,0.0,0.0,0.0,0.0,0.0,0.0,0.0,0.0,0.0,0.0,0.0,0.0,0.0,0.0,0.0,0.0,0.0,0.0,0.0,0.0,0.0,0.0,0.0,0.0,0.0,0.0,0.0,0.0,0.0,0.0,0.0,0.0,0.0,0.0,0.0,0.0,0.0,0.0,0.0,0.0,0.0,0.0,0.0,0.0,0.0,0.0,0.0,23.53564453125,0.0,0.0,0.0,2.5326483249664307,0.0,0.0,0.0,0.0,0.0,0.0,0.0,0.0,0.0,0.0,0.0,0.0,0.0,0.0,0.0,0.0,0.0,0.0,0.0,0.0,0.0,0.0,0.0,0.0,0.0,0.0,0.0,0.0,0.0,0.0,0.0,0.0,0.0,2.587758779525757,0.0,0.0,0.0,0.0,0.0,0.0,0.0,0.0,0.0,0.0,0.0,0.0,0.0,0.0,0.0,0.0,0.0,0.0,0.0,0.0,4.465329170227051,0.0,0.0,0.0,0.0,0.0,0.0,0.0,0.0,0.0,0.0,0.0,0.0,0.0,0.0,0.0,0.0,0.0,0.0,0.0,0.0,0.0,0.0,0.0,0.0,0.0,0.0,0.0,0.0,0.0,0.0,0.0,0.0,0.0,6.956114768981934,0.0,0.7786382436752319,0.0,0.0,0.0,0.0,0.0,0.0,0.0,0.0,0.0,0.0,0.0,0.0,0.0,0.0,0.0,0.0,0.0,0.0,0.0,0.0,0.0,0.0,0.0,0.0,0.0,0.0,0.0,0.0,0.0,0.0,0.0,0.0,0.0,0.0,0.0,1.0012507438659668,0.0,0.0,0.0,0.0,0.0,0.0,0.0,0.0,0.0,0.0,0.0,0.0,0.0,0.0,0.0,0.0,0.0,0.0,0.0,0.0,0.0,0.0,0.0,0.0,0.0,0.0,51.01214599609375,0.0,0.0,0.0,0.0,0.0,0.0,0.0,32.21564865112305,0.0,0.0,0.0,0.0,0.0,0.0,0.0,0.0,0.0,0.0,0.0,0.0,0.0,0.0,50.93770217895508,2.175175189971924,0.0,0.0,0.0,0.0,17.205896377563477,0.0,0.0,0.0,0.0,0.0,0.0,0.0,0.0,0.0,0.0,0.0,0.0,0.0,0.0,0.0,101.43936920166016,0.0,0.0,0.0,0.0,0.0,0.0,0.0,0.0,0.0,0.0,7.540806293487549,0.0,0.0,0.0,0.0,0.0,0.0,0.0,0.0,0.0,0.0,0.0,0.0,0.0,0.0,0.0,0.0,0.0,12.161514282226562,0.0,0.0,0.0,0.0,0.0,0.0,0.0,0.0,0.0,0.0,0.0,0.0,0.0,0.0,0.0,0.0,0.0,0.0,0.0,0.0,0.0,0.0,0.0,0.0,0.0,0.0,16.449501037597656,0.0,0.0,0.0,0.0,0.0,0.0,0.0,0.0,0.0,0.0,0.0,0.0,0.0,0.0,0.0,0.0,0.0,0.0,0.0,0.0,0.0,0.0,0.0,0.0,0.0,0.0,0.0,0.0,0.0,0.0,0.0,0.0,0.0,0.0,0.0,0.0,0.0,0.0,0.0,0.0,20.876726150512695,0.0,0.0,0.0,0.0,0.0,0.0,0.0,0.0,0.0,0.0,0.0,0.0,0.0,0.0,0.0,0.0,0.0,6.304909706115723,0.0,0.0,0.0,0.0,0.0,0.0,0.0,0.0,0.0,0.0,0.0,0.0,0.0,0.0,0.0,0.0,0.0,0.0,0.0,0.0,0.0,0.0,0.0,0.0,0.0,0.0,0.0,0.0,0.0,0.0,0.0,0.0,14.962743759155273,0.0,0.0,0.0,0.0,0.0,0.0,0.0,0.0,0.0,0.0,0.0,0.0,0.0,0.0,0.0,0.0,0.0,0.0,0.0,3.799880027770996,0.0,0.0,107.93833923339844,0.0,0.0,0.0,0.0,0.0,0.0,0.0,0.0,0.0,0.0,0.0,0.0,0.0,0.0,0.0,0.0,0.0,0.0,0.0,0.0,0.0,0.0,0.0,0.0,0.0,0.0,0.0,0.0,0.0,0.0,0.0,0.0,0.0,0.0,0.0,0.0,0.0,0.0,0.0,0.0,0.0,0.0,0.0,0.0,0.0,0.0,0.0,0.0,0.0,0.7291269302368164,0.0,0.0,0.0,0.0,0.0,0.0,0.0,0.0,0.0,0.0,0.0,0.0,0.0,0.0,0.0,0.0,0.0,0.0,0.0,0.0,0.0,0.0,0.0,0.0,0.0,0.0,0.0,0.0,11.834476470947266,0.0,15.60291862487793,0.0,0.0,0.0,0.0,0.3458295166492462,0.0,0.0,0.0,0.0,0.0,3.0408434867858887,14.689249992370605,0.0,0.0,16.836767196655273,0.0,0.0,0.0,0.0,0.0,0.0,0.0,0.0,0.0,0.0,0.0,0.0,3.98356032371521,0.0,0.0,0.0,0.0,0.0,0.0,0.0,0.0,0.0,0.0,0.0,0.0,0.0,0.0,0.0,4.572789669036865,0.0,0.0,0.0,0.0,0.0,11.851560592651367,7.115789413452148,0.0,0.0,0.0,0.0,0.0,12.040337562561035,0.0,0.0,0.0,0.0,5.663858413696289,0.0,0.0,0.0,0.0,0.0,0.0,0.0,0.0,0.0,0.0,0.0,0.0,0.0,0.0,0.0,0.0,0.0,15.055551528930664,0.0,0.0,0.0,0.0,0.0,0.0,0.0,0.0,0.0,0.0,0.0,0.0,0.0,3.4591870307922363,0.0,0.0,0.0,0.0,6.1385111808776855,0.0,0.0,0.0,0.0,0.0,17.126562118530273,0.0,0.0,2.4250712394714355,0.0,0.0,0.0,0.0,0.0,0.0,0.0,2.513995409011841,0.0,1.037433385848999,0.0,0.3094152808189392,0.0,7.036168575286865,0.0,0.0,0.0,36.170654296875,0.0,0.0,0.0,0.0,0.0,0.0,0.0,0.0,0.0,0.0,0.0,0.0,0.0,0.0,0.0,0.0,0.0,0.0,0.0,26.710777282714844,0.0,0.0,0.0,12.928010940551758,0.0,0.0,0.0,0.0,6.744891166687012,0.0,0.0,2.691817045211792,0.0,0.0,0.0,0.0,0.0,3.355100154876709,0.0,0.0,0.0,0.0,0.0,0.0,0.0,0.0,0.0,0.0,2.8647942543029785,0.0,0.0,0.0,0.0,5.991551876068115,0.0,0.0,0.0,0.0,0.0,0.0,0.0,11.550912857055664,0.0,0.0,0.0,0.0,25.904422760009766,0.0,0.0,0.0,0.0,0.0,1.4493684768676758,0.0,0.0,0.0,0.0,0.0,0.0,0.0,1.6495325565338135,0.0,0.0,5.634657859802246,0.0,0.0,0.0,0.0,20.033296585083008,0.0,13.211346626281738,3.4148247241973877,0.0,0.0,0.0,0.0,4.67287015914917,0.0,0.0,0.0,0.0,0.0,0.0,0.0,0.0,0.0,1.6566413640975952,0.0,0.0,0.0,0.0,10.581940650939941,0.0,0.0,0.0,0.0,0.0,17.841047286987305,9.534671783447266,0.0,0.0,0.0,0.6542568206787109,0.0,0.0,0.0,0.0,0.0,0.0,0.0,0.0,0.0,0.0,18.413888931274414,0.0,11.483372688293457,0.0,11.91274356842041,0.0,25.95921516418457,0.0,0.0,0.0,0.0,0.0,0.0,4.836935043334961,0.0,0.0,0.0,0.0,0.0,0.0,0.0,0.0,0.0,0.0,6.381231784820557,0.0,0.3252203166484833,0.0,2.201795816421509,5.897766590118408,23.10889434814453,0.0,0.0,0.0,14.964600563049316,0.0,0.0,0.0,0.0,0.0,0.0,0.0,0.0,0.0,0.0,0.0,0.0,0.0,0.0,0.0,15.495756149291992,0.0,0.0,0.0,0.0,7.026398181915283,44.24812316894531,0.0,0.0,0.0,10.151166915893555,0.0,0.0,0.0,0.0,0.0,0.0,0.0,0.0,0.0,0.0,0.0,0.0,0.0,0.0,0.0,0.0,0.0,0.0,0.0,0.0,0.0,0.0,0.0,0.0,0.0,0.0,0.0,0.0,0.0,0.0,18.996191024780273,0.0,0.0,0.0,0.0,0.0,13.825764656066895,0.0,0.0,0.0,0.0,0.0,0.0,0.0,0.0,37.29580307006836,0.0,0.0,14.831870079040527,0.0,0.0,0.0,0.0,0.0,0.0,0.6592230796813965,18.40526008605957,5.381964683532715,0.0,0.0,0.0,0.0,0.0,0.0,10.985976219177246,0.0,1.2793478965759277,0.0,0.0,0.0,0.0,0.0,0.0,0.0,0.0,0.0,10.414183616638184,0.0,0.0,0.0,0.0,0.0,0.0,0.0,0.0,0.0,0.0,0.0,0.0,2.340620517730713,0.0,2.882058620452881,0.0,0.0,0.0,0.0,0.0,0.0,0.0,0.0,0.0,0.0,0.0,0.0,0.0,0.0,0.0,0.0,0.0,0.0,15.26624870300293,0.0,0.0,0.0,0.0,0.0,0.0,0.0,0.0,0.0,0.0,0.0,0.0,0.0,0.0,0.0,0.0,0.0,0.0,0.0,7.72032356262207,0.22125403583049774,0.0,0.0,0.0,0.0,0.0,0.0,0.0,0.0,0.0,0.0,0.0,0.0,0.0,0.0,0.0,0.0,0.0,0.0,0.0,0.0,0.0,0.0,0.0,0.0,0.0,0.0,0.0,0.0,0.0,0.0,0.0,0.0,0.0,0.0,0.0,0.0,0.0,0.0,0.0,0.0,0.0,0.0,0.0,0.0,0.0,0.0,0.0,0.0,0.0,0.0,0.0,0.0,4.498263359069824,0.0,0.0,0.0,8.56634521484375,10.762846946716309,0.0,0.0,0.0,4.179882049560547,32.35436248779297,0.0,0.0,0.0,14.035445213317871,0.0,0.0,0.0,0.0,0.0,0.0,0.0,0.0,0.0,0.0,0.0,0.0,0.0,0.0,0.0,0.0,0.0,0.0,0.0,0.0,0.0,0.0,0.0,0.0,10.27618408203125,0.0,0.0,0.0,0.0,0.0,0.0,0.0,0.0,0.0,0.0,0.0,0.0,0.0,0.0,0.0,0.0,0.0,0.0,23.283628463745117,0.0,0.0,0.0,0.0,0.0,0.0,0.0,0.0,0.0,0.0,0.0,0.0,8.880327224731445,0.0,0.0,0.0,0.0,0.0,0.0,7.1187262535095215,0.0,0.0,0.0,0.0,0.0,0.0,0.0,0.0,0.0,0.0,0.0,18.14781379699707,0.0,0.0,0.0,0.0,0.0,0.0,0.0,0.0,0.0,0.0,0.0,0.0,0.0,0.0,0.0,0.0,13.125003814697266,0.0,0.0,0.0,0.0,0.0,0.0,0.0,22.30546760559082,0.0,0.0,0.0,0.0,0.0,0.0,0.0,0.0,0.0,0.0,0.0,1.3715440034866333,0.0,14.874776840209961,0.0,0.0,0.0,6.082970142364502,0.0,0.0,0.0,0.0,9.255878448486328,0.0,16.31943130493164,0.0,0.0,0.0,0.0,0.0,0.0,0.0,0.0,0.0,0.0,0.0,0.0,25.910694122314453,0.0,8.774441719055176,0.0,5.296105861663818,0.0,0.0,0.0,0.0,28.470035552978516,0.0,0.0,15.3189697265625,11.489359855651855,0.0,0.0,0.0,0.0,22.43332862854004,0.0,0.0,0.0,0.0,0.0,0.0,0.0,0.0,0.0,0.8671302795410156,14.068639755249023,0.0,0.0,0.0,0.0,0.0,0.0,0.0,0.0,0.0,0.0,0.0,0.0,25.521564483642578,0.0,0.0,0.0,0.0,0.0,0.0,0.0,0.0,0.0,0.0,0.0,0.0,0.0,0.0,0.0,0.0,0.0,19.336620330810547,0.0,0.0,0.0,16.65721893310547,0.0,0.0,0.0,0.0,0.427835077047348,6.958139896392822,0.0,0.0,1.240878701210022,0.0,0.0,7.294826984405518,0.0,0.0,0.0,0.0,0.0,0.0,0.0,0.0,0.0,0.0,0.0,0.0,0.0,0.0,0.0,0.0,0.0,0.0,0.0,0.0,0.0,9.780224800109863,9.267826080322266,0.0,0.0,0.0,2.7900471687316895,0.0,23.630002975463867,0.0,0.0,0.0,0.0,0.0,0.0,0.0,0.0,21.74828338623047,0.0,19.124427795410156,0.0,2.342644691467285,0.0,24.117340087890625,5.703095436096191,0.0,0.0,0.0,0.0,0.0,0.0,0.0,0.0,0.0,0.0,0.0,0.0,0.14415207505226135,0.0,0.0,0.0,0.0,0.0,0.0,0.0,6.206386566162109,3.2248423099517822,0.0,0.0,0.0,47.64793014526367,0.0,0.0,0.0,11.076933860778809,0.0,0.0,0.0,0.0,0.0,5.9478559494018555,0.0,0.0,0.0,0.0,0.0,6.810947418212891,30.728662490844727,0.0,0.0,16.137121200561523,0.0,0.0,44.89421844482422,0.0,0.0,0.0,0.0,0.0,0.0,0.0,0.0,0.0,0.0,0.0,0.48198559880256653,0.0,0.0,24.468936920166016,0.0,0.0,0.0,0.0,0.0,0.0,4.2242960929870605,0.0,0.0,0.0,0.0,0.0,0.0,1.810102105140686,5.718559265136719,0.0,0.0,0.0,0.0,0.5057533979415894,0.0,0.0,0.0,0.0,0.0,0.0,0.0,0.0,13.377969741821289,0.0,0.0,0.0,0.0,0.0,48.9974250793457,0.0,0.0,0.0,2.4341161251068115,0.0,0.0,1.8142167329788208,0.0,14.343645095825195,0.0,6.2389068603515625,1.9861692190170288,0.0,0.0,0.0,0.0,0.0,0.0,0.6360597014427185,0.0,0.0,0.0,0.0,0.06579086184501648,0.0,0.0,0.0,0.0,0.0,0.0,24.712072372436523,0.0,0.0,0.0,0.0,4.187580108642578,0.0,0.0,0.0,0.0,0.0,0.0,0.0,2.0255002975463867,0.0,28.085922241210938,0.0,0.0,0.0,14.037576675415039,0.0,0.0,0.0,0.0,0.0,4.64672327041626,9.247579574584961,0.0,0.0,0.0,0.0,0.0,0.0,0.0,12.328922271728516,0.0,0.0,0.0,0.0,4.703848838806152,0.0,0.0,0.0,0.0,0.0,0.0,0.0,0.0,0.0,0.0,0.0,0.0,0.0,0.0,0.0,13.414755821228027,0.0,0.0,0.0,0.0,0.0,0.0,22.05756378173828,0.0,0.0,0.0,0.0,0.0,0.0,0.0,0.0,0.0,0.0,0.0,0.0,0.0,0.0,0.0,8.028215408325195,0.0,0.0,0.0,0.0,30.447317123413086,8.62210464477539,0.0,0.0,0.0,0.0,0.0,0.0,0.0,0.0,0.0,0.0,0.0,0.0,15.006341934204102,0.0,0.0,0.0,0.0,0.0,0.0,0.0,0.0,0.0,0.0,0.0,5.6745924949646,0.0,0.0,0.0,13.634105682373047,0.0,0.0,0.0,0.0038374774158000946,0.0,0.0,25.9130916595459,0.0,16.921655654907227,0.0,0.0,0.0,0.0,0.0,0.0,0.0,0.0,0.0,0.0,0.0,0.0,0.0,0.0,0.0,0.0,0.0,0.0,0.0,11.763147354125977,0.0,0.0,0.0,0.0,0.0,0.0,0.0,0.0,0.0,0.0,0.0,0.0,0.0,0.0,0.0,0.0,0.0,0.0,0.0,0.0,0.0,0.0,0.43075424432754517,8.50556755065918,0.0,0.0,0.0,0.0,0.0,0.0,0.0,0.0,0.0,0.0,0.0,0.0,0.3225491940975189,0.0,0.0,0.0,0.0,0.0,0.0,0.0,0.0,0.0,0.0,0.0,0.0,0.0,0.0,0.0,0.0,0.0,6.82403564453125,3.887268304824829,0.0,0.0,0.0,0.0,0.0,0.0,0.0,0.0,40.15618896484375,0.0,0.0,0.0,0.0,0.0,0.0,0.0,0.0,0.0,0.0,0.0,0.0,0.0,0.0,0.0,2.6391162872314453,0.0,0.0,0.5521748661994934,0.0,0.0,0.0,0.0,0.0,0.0,0.0,0.0,0.0,0.0,0.0,0.0,0.0,0.0,0.0,0.0,0.0,0.0,0.0,0.0,0.0,4.034154891967773,0.0,0.0,0.0,0.0,0.0,0.0,0.0,0.0,0.0,0.0,0.0,0.0,0.0,0.0,9.76682186126709,0.0,1.0346508026123047,0.0,8.293584823608398,0.0,0.0,0.0,0.0,0.0,0.0,17.10279655456543,0.0,0.0,0.0,0.0,7.342997074127197,0.0,0.0,0.0,0.0,0.0,0.0,0.0,0.0,0.0,0.0,0.0,0.0,0.0,0.0,0.0,0.0,0.0,0.0,0.0,0.0,0.0,0.0,0.0,33.05646896362305,0.0,0.0,0.0,0.0,0.0,0.0,0.0,0.0,0.0,0.0,0.0,0.0,0.0,0.0,0.0,0.0,0.0,4.712621212005615,0.0,0.0,0.0,0.0,0.0,0.0,0.0,0.0,38.66865158081055,0.0,0.0,0.0,4.129202842712402,0.0,0.0,6.241146087646484,0.0,0.0,0.0,0.0,0.0,0.0,0.0,0.0,0.0,0.0,0.0,0.0,0.0,0.0,0.0,0.0,0.0,0.0,0.0,0.0,0.0,12.236543655395508,0.0,0.0,0.0,0.0,11.193538665771484,0.0,19.02802848815918,0.0,0.0,0.0,0.0,0.0,0.0,0.0,0.0,76.1405029296875,0.0,0.0,0.0,0.0,0.0,19.5029354095459,13.373437881469727,0.0,0.0,0.0,0.0,0.0,0.0,0.0,0.0,0.0,0.0,0.0,0.0,0.0,0.0,0.0,0.0,0.0,0.0,0.0,0.0,0.0,0.0,0.0,0.0,0.0,41.481040954589844,0.0,0.0,0.0,0.0,0.0,0.0,0.0,0.0,0.0,0.0,0.0,0.0,0.0,0.0,0.0,0.0,15.226961135864258,0.0,0.0,0.0,0.0,0.0,15.654316902160645,0.0,0.0,0.0,0.0,0.0,0.0,0.0,0.0,0.0,0.0,0.0,0.0,0.0,0.0,0.0,0.0,0.0,0.0,0.0,0.0,0.0,0.0,0.0,0.0,0.0,0.0,0.0,0.0,0.0,0.0,0.0,0.0,0.0,0.0,0.0,0.0,0.0,0.0,0.0,0.0,16.930234909057617,0.0,0.0,0.0,0.0,0.0,0.0,0.0,0.0,0.9681931138038635,0.0,0.0,0.0,0.0,0.0,0.0,0.0,0.0,10.754307746887207,0.0,0.0,15.888199806213379,0.0,0.0,0.0,0.0,0.0,0.0,0.0,0.0,0.0,0.0,0.0,0.0,0.0,0.0,0.0,0.0,0.0,0.0,23.14406967163086,0.0,0.0,0.0,0.0,0.0,0.0,0.0,0.0,5.494976997375488,0.0,0.0,0.0,0.0,0.0,0.0,0.0,0.0,0.0,17.224613189697266,0.0,0.0,0.0,0.0,0.0,2.2384884357452393,1.471048355102539,0.0,0.0,0.0,0.0,0.0,0.0,0.0,40.73200988769531,0.0,0.0,0.0,0.0,19.288698196411133,0.0,0.0,0.0,0.0,0.0,0.0,0.0,0.0,0.0,0.0,7.8807291984558105,0.0,0.0,0.0,0.0,0.0,0.0,0.0,0.0,0.0,0.0,0.0,0.0,0.0,0.0,0.0,0.0,15.17774486541748,0.0,0.0,0.0,0.0,0.0,0.0,0.0,0.0,0.0,0.0,0.0,0.0,0.0,0.0,0.0,4.009080410003662,20.16237449645996,0.0,0.0,0.0,0.0,0.0,0.0,0.0,0.0,0.0,0.0,0.0,0.0,5.919083595275879,0.0,0.0,0.0,0.0,0.0,0.0,0.0,0.0,0.0,0.0,0.0,0.0,0.0,0.0,0.0,0.0,0.0,0.0,0.0,0.0,0.0,0.0,33.945648193359375,4.216468811035156,7.120049953460693,0.0,0.0,0.0,0.0,0.0,0.0,0.0,0.0,0.0,0.0,14.010066032409668,0.0,0.0,0.0,0.0,0.0,0.0,0.0,0.0,0.0,0.0,0.0,0.0,0.0,0.0,0.0,0.0,0.0,0.0,0.0,0.0,0.0,0.0,0.0,0.0,0.0,0.0,0.0,0.0,0.0,0.0,0.0,0.0,0.0,0.0,0.0,0.0,0.0,0.0,0.0,0.0,0.0,0.0,0.0,0.0,0.0,0.0,0.0,0.0,0.0,0.0,0.0,0.0,0.0,0.0,0.0,0.0,0.0,0.0,0.0,0.0,0.0,0.0,0.0,0.0,0.0,0.0,0.0,0.0,0.0,0.0,0.0,0.0,0.0,43.31898880004883,0.0,0.0,0.0,0.0,0.0,0.0,0.0,0.0,0.0,0.0,0.0,0.0,0.0,0.0,0.0,0.0,0.0,0.0,12.261640548706055,0.0,0.0,0.0,0.0,0.0,0.0,0.0,0.0,0.0,0.0,0.0,0.0,0.0,0.0,0.0,0.0,0.0,0.0,0.0,0.0,0.0,0.0,0.0,0.0,0.0,0.0,0.0,0.0,0.0,0.0,0.0,0.0,0.0,0.0,0.0,0.0,3.810767412185669,0.0,4.976289749145508,0.0,14.738385200500488,0.0,0.0,0.0,0.0,0.0,0.0,0.0,0.0,0.0,0.0,0.0,0.0,0.0,0.0,0.0,0.0,0.0,0.0,0.0,0.0,0.0,0.0,0.0,0.0,0.0,0.0,0.0,0.0,0.0,0.0,0.0,0.0,0.0,0.0,0.0,7.089809894561768,0.0,0.0,0.0,0.0,0.0,0.0,0.0,0.0,0.0,0.0,0.0,0.0,0.0,0.0,0.0,0.0,0.0,0.0,0.0,0.0,0.0,0.0,0.0,0.0,0.0,0.0,44.156494140625,0.0,0.0,0.0,9.168474197387695,0.0,0.0,18.690933227539062,4.227008819580078,0.0,0.0,0.0,0.0,0.0,0.0,0.0,0.0,0.0,0.0,0.0,0.0,0.0,0.0,12.81225299835205,0.0,0.0,0.0,0.0,0.0,3.791719436645508,0.0,0.0,0.0,0.0,0.0,0.0,0.0,0.0,0.0,0.0,0.0,0.0,0.0,0.0,0.0,67.43067932128906,0.0,0.0,0.0,0.0,0.0,0.0,0.0,0.0,0.0,0.0,0.0,0.0,0.0,0.0,0.0,0.0,0.0,0.0,0.0,0.0,0.0,0.0,0.0,0.0,0.0,0.0,0.0,0.0,0.0,0.0,0.0,0.0,2.268111228942871,0.0,0.0,0.0,0.0,0.0,0.0,0.0,0.0,0.0,0.0,0.0,0.0,0.0,0.0,0.0,1.254777431488037,11.464944839477539,0.0,0.0,0.0,0.0,0.0,8.75373363494873,0.0,0.0,0.0,0.0,0.0,0.0,0.0,0.0,0.0,0.0,0.0,0.0,0.0,0.0,0.0,0.0,0.0,0.0,0.0,0.0,0.0,0.0,0.0,0.0,0.0,0.0,0.0,0.0,0.0,0.0,0.0,0.0,0.41192883253097534,0.0,0.0,0.0,0.0,0.9242505431175232,0.0,0.0,21.62105369567871,4.879061698913574,0.0,0.0,0.0,0.0,0.0,0.0,0.0,0.0,0.0,0.0,6.610392093658447,0.0,0.0,0.0,0.0,0.0,18.8196964263916,0.0,0.0,11.56842041015625,0.0,0.0,0.0,0.0,0.0,0.0,0.0,0.0,0.0,0.0,0.0,0.0,0.0,0.0,0.0,0.0,0.0,0.0,5.175426483154297,0.0,0.0,0.0,0.0,0.0,3.668182849884033,0.0,0.0,11.170873641967773,0.0,0.0,0.0,0.0,0.0,0.0,0.0,0.0,0.0,0.0,0.0,0.0,0.0,0.0,0.0,0.0,0.0,0.0,0.0,0.0,0.0,0.0,0.0,0.0,26.55963134765625,0.0,0.0,0.0,0.0,14.470989227294922,0.0,0.0,11.161664009094238,0.0,0.0,0.0,0.0,0.0,0.0,0.0,10.31157398223877,0.0,0.0,0.0,0.0,0.0,0.0,0.0,0.0,0.0,0.0,0.0,0.0,0.0,0.0,0.0,0.0,13.920087814331055,0.0,0.0,0.0,0.0,0.0,0.0,0.0,0.0,0.0,0.0,0.0,0.0,0.0,0.0,0.0,0.0,28.143245697021484,0.0,0.0,0.0,0.0,0.0,0.0,0.0,0.0,0.0,0.0,0.0,0.0,0.0,0.0,0.0,0.0,0.0,0.0,0.0,0.11771976947784424,0.0,0.0,0.0,0.0,0.0,0.0,0.0,0.0,0.0,0.0,0.0,0.0,0.0,0.0,0.0,24.315576553344727,0.0,3.0400502681732178,0.0,0.0,0.0,0.0,0.0,0.0,0.0,0.0,0.0,0.0,15.265673637390137,0.0,0.0,0.0,0.0,0.0,0.0,0.0,0.0,0.0,0.0,0.0,0.0,0.0,0.0,0.0,0.0,0.0,0.0,0.0,0.0,0.0,0.0,0.0,0.0,0.0,0.0,0.0,0.0,0.0,0.0,0.0,0.0,0.0,0.0,0.0,0.0,0.0,0.0,0.0,0.0,0.0,0.0,0.0,0.0,0.0,0.0,0.0,0.0,0.0,0.0,0.0,0.0,0.0,0.0,0.0,0.0,0.0,0.0,0.0,0.0,0.0,0.0,0.0,3.3709723949432373,0.0,0.0,0.0,0.0,0.0,0.0,0.0,0.0,0.0,16.15402603149414,0.0,1.5837769508361816,0.0,0.0,0.0,0.0,0.0,0.0,0.0,0.0,0.0,0.0,0.0,0.0,0.0,0.0,0.0,0.0,16.65033721923828,0.0,0.0,0.0,0.0,0.0,0.0,0.0,0.0,0.0,0.0,0.0,0.0,0.0,0.0,0.0,0.0,0.0,0.0,0.0,0.0,0.0,0.0,0.0,0.0,0.0,1.7532920837402344,0.0,0.0,0.0,0.0,0.0,0.0,0.0,0.0,0.0,0.0,0.0,0.0,3.7991933822631836,0.0,3.630218744277954,0.0,0.0,0.0,0.0,0.0,0.0,0.0,0.0,0.0,0.0,0.0,0.0,0.0,0.0,0.0,0.0,0.0,0.0,0.0,0.0,0.0,0.0,0.0,0.0,0.0,0.0,0.0,0.0,0.0,0.0,0.0,0.0,0.0,0.0,0.0,0.638509213924408,0.0,0.0,0.0,0.0,0.0,0.0,0.0,0.0,0.0,0.0,0.0,0.0,0.0,0.0,0.0,0.0,0.0,0.0,0.0,0.0,0.0,0.0,0.0,0.0,0.0,0.0,33.80740737915039,0.0,0.0,0.0,8.34041690826416,0.0,0.0,22.73507308959961,8.980371475219727,0.0,0.0,0.0,0.0,0.0,0.0,0.0,0.0,0.0,1.2222663164138794,0.0,0.0,0.0,0.0,12.713119506835938,0.0,0.0,0.0,0.0,0.0,0.0,6.219377517700195,0.0,0.0,0.0,0.0,0.0,0.0,0.0,0.0,0.0,0.0,0.0,0.0,0.0,0.0,70.83061218261719,0.0,0.0,0.0,0.0,0.0,0.0,0.0,0.0,0.0,0.0,0.0,0.0,0.0,0.0,0.0,0.0,0.0,0.0,0.0,0.0,0.0,0.0,0.0,0.0,0.0,0.0,0.0,0.0,0.0,0.0,0.0,0.0,0.0,0.0,0.0,0.0,0.0,0.0,0.0,0.0,0.0,1.4569132328033447,0.0,0.0,0.0,0.0,0.0,0.0,6.255171298980713,11.89461898803711,0.0,1.2214696407318115,0.0,0.0,0.0,12.082023620605469,0.0,0.0,0.0,0.6199790239334106,0.0,0.0,0.0,0.0,0.0,0.0,0.0,0.0,0.0,0.0,0.0,0.0,0.0,0.0,0.0,0.0,0.0,0.0,0.0,0.0,0.0,0.0,0.0,0.0,0.0,0.0,0.0,0.0,0.6634118556976318,0.0,0.0,0.0,0.0,19.707778930664062,0.0,0.0,19.443349838256836,5.702181339263916,0.0,0.0,0.0,0.0,0.0,0.0,0.0,0.0,0.0,0.0,6.38552188873291,0.0,0.0,0.0,0.0,0.0,19.500289916992188,0.0,0.0,3.957200527191162,0.0,0.0,0.0,0.0,0.0,0.0,0.0,0.0,0.0,0.0,0.0,0.0,0.0,0.0,0.0,0.0,0.0,0.0,0.0,0.0,0.0,0.0,0.0,0.0,6.902575969696045,0.0,0.0,18.84144401550293,0.0,0.0,0.0,0.0,0.0,0.0,0.0,0.0,0.0,0.0,0.0,0.0,0.0,0.0,0.0,0.0,0.0,0.0,0.0,0.0,0.0,0.0,0.0,0.0,9.57056713104248,0.0,0.0,0.0,0.0,15.899539947509766,0.0,0.0,13.771381378173828,0.0,0.0,0.0,0.0,0.0,0.0,0.0,0.0,0.0,4.405935764312744,0.0,0.0,0.0,0.0,0.0,0.0,0.0,0.0,0.0,0.0,0.0,0.0,2.649711847305298,0.0,3.0758018493652344,0.0,0.0,0.0,0.0,0.0,0.0,0.0,0.0,0.0,0.0,0.0,0.0,1.9300801753997803,0.0,0.0,0.0,37.59172058105469,0.0,0.0,0.0,0.0,0.0,0.0,0.0,0.0,0.0,0.0,0.0,0.0,0.0,0.0,0.0,0.0,0.0,0.0,0.0,3.200014591217041,0.0,0.0,0.0,0.0,0.0,0.0,0.0,0.0,14.197237014770508,0.0,0.0,0.0,0.0,0.0,0.0,24.507015228271484,0.0,7.671517848968506,0.0,0.0,0.0,0.0,0.0,0.0,0.0,0.0,0.0,0.0,0.0,0.0,0.0,0.0,0.0,0.0,0.0,0.0,0.0,0.0,0.0,0.0,0.0,0.0,0.0,0.0,0.0,0.0,0.0,0.0,0.0,0.0,0.0,0.0,0.0,0.0,0.0,0.0,0.0,0.0,0.0,0.0,0.0,0.0,0.0,0.0,0.0,0.0,0.0,0.0,0.0,0.0,0.0,0.0,0.0,0.0,0.0,0.0,0.0,0.0,0.0,0.0,0.0,0.0,0.0,0.0,0.0,0.0,0.0,0.0,0.0,0.0,0.0,0.0,0.0,0.0,0.0,0.0,0.0,0.0,0.0,0.0,0.0,0.0,19.995698928833008,0.0,0.0,0.0,0.0,0.0,0.0,0.0,0.0,0.0,0.0,0.0,0.0,0.0,0.0,0.0,0.0,0.0,0.0,10.451523780822754,0.0,0.0,0.0,0.0,0.0,0.0,0.0,0.0,0.0,0.0,0.0,0.0,0.0,0.0,0.0,0.0,0.0,0.0,0.0,0.0,0.0,0.0,0.0,0.0,0.0,4.463212490081787,0.0,0.0,0.0,0.0,0.0,0.0,0.0,0.0,0.0,0.0,26.504838943481445,0.0,0.0,0.0,17.31747055053711,0.0,0.0,0.0,0.0,0.0,0.0,0.0,0.0,0.0,0.0,0.0,0.0,0.0,0.0,0.0,0.0,0.0,0.0,0.0,0.0,0.0,0.0,0.0,0.0,0.0,0.0,0.0,0.0,0.0,0.0,0.0,0.0,0.0,0.0,0.0,8.522285461425781,0.0,0.0,0.0,0.0,0.0,0.0,0.0,0.0,0.0,0.0,0.0,0.0,0.0,0.0,0.0,0.0,0.0,0.0,0.0,0.0,0.0,0.0,0.0,0.0,0.0,0.0,37.96897888183594,0.0,0.0,0.0,22.85716438293457,0.0,0.0,3.917555570602417,24.64432144165039,0.0,0.0,0.0,0.0,0.0,0.0,0.0,0.0,0.0,5.242985725402832,0.0,0.0,0.0,0.0,6.16158390045166,0.0,0.0,0.0,0.0,0.0,0.0,7.37513542175293,0.0,0.0,0.0,0.0,0.0,0.0,0.0,0.0,0.0,0.0,0.0,0.0,0.0,0.0,84.84386444091797,0.0,0.0,0.0,0.0,0.0,0.0,0.0,0.0,0.0,0.0,0.0,0.0,0.0,0.0,0.0,0.0,0.0,0.0,0.0,0.0,0.0,0.0,0.0,0.0,0.0,0.0,0.0,0.0,0.0,0.0,0.0,0.0,6.921265602111816,0.0,0.0,0.0,0.0,0.0,0.0,0.0,0.0,0.0,0.0,0.0,0.0,0.0,0.0,0.0,0.0,10.337455749511719,0.0,0.0,0.0,0.0,0.0,21.561241149902344,0.0,0.0,0.0,0.0,0.0,0.0,0.0,0.0,0.0,0.0,0.0,0.0,0.0,0.0,0.0,0.0,0.0,0.0,0.0,0.0,0.0,0.0,0.0,0.0,0.0,0.0,0.0,0.0,0.0,0.0,0.0,0.0,0.0,0.0,0.0,0.0,0.0,0.0,0.0,0.0,27.62833595275879,0.0,0.0,0.0,0.0,0.0,0.0,0.0,0.0,0.0,0.0,0.0,15.944474220275879,0.0,0.0,3.7925853729248047,0.0,0.0,8.073837280273438,0.0,0.0,5.506850242614746,0.0,0.0,0.0,0.0,0.0,0.0,0.0,0.0,0.0,0.0,0.0,0.0,0.0,0.0,0.0,0.0,0.0,0.0,0.0,0.0,0.0,0.0,0.0,0.0,0.0,0.0,0.0,0.7769948244094849,0.0,0.0,0.0,0.0,0.0,0.0,0.0,0.0,0.0,0.0,0.0,0.0,0.0,0.0,0.0,0.0,0.0,0.0,0.0,0.0,0.0,0.0,0.0,0.0,23.414819717407227,0.0,0.0,0.0,0.0,10.554792404174805,0.0,0.0,0.0,0.0,0.0,0.0,0.0,0.0,0.0,0.0,0.0,0.0,0.0,0.0,0.0,0.0,0.0,0.0,0.0,0.0,0.0,0.0,0.0,0.0,0.0,0.0,0.0,4.399398326873779,0.0,0.0,0.0,0.0,0.0,0.0,0.0,0.0,0.0,0.0,0.0,0.0,4.230798721313477,0.0,0.0,0.0,15.720380783081055,0.0,0.0,0.4295099377632141,0.0,0.0,0.0,0.0,0.0,0.0,0.0,0.0,0.0,0.0,0.0,0.0,0.0,0.0,0.0,0.0,8.693341255187988,0.0,0.0,0.0,0.0,0.0,0.0,0.0,0.0,19.771270751953125,2.883578062057495,0.0,0.0,0.0,0.0,0.0,30.60630989074707,0.0,7.531051158905029,0.0,0.0,0.0,0.0,0.0,0.0,0.0,0.0,0.0,0.0,1.9510620832443237,0.0,0.0,0.0,0.0,10.017691612243652,0.0,0.0,0.0,0.0,0.0,0.0,0.0,0.0,0.0,0.0,0.0,0.0,0.0,0.0,0.0,0.0,0.0,0.0,0.0,0.0,0.0,0.0,0.0,0.0,0.0,0.0,0.0,14.579474449157715,0.0,0.0,0.0,0.0,0.0,0.0,0.0,0.0,0.0,0.0,0.0,0.0,29.970645904541016,0.0,0.0,0.0,0.0,0.0,0.0,0.0,0.0,0.0,0.0,0.0,0.0,0.0,0.0,0.0,0.0,0.0,0.0,0.0,0.0,0.0,0.0,0.0,0.0,0.0,0.0,0.0,0.0,0.0,0.0,0.0,0.4812653660774231,0.0,0.0,0.0,0.0,3.75026798248291,0.0,0.0,0.0,24.612157821655273,0.0,0.0,0.0,0.0,0.0,0.021979406476020813,0.0,0.0,0.0,0.0,0.0,0.0,0.0,0.0,0.0,0.0,0.0,0.0,0.0,0.0,28.16322135925293,0.0,0.0,0.0,0.0,0.0,0.0,0.0,0.0,0.0,0.0,0.0,0.0,0.0,0.0,0.0,0.0,0.0,0.0,0.0,0.0,0.0,40.51521301269531,0.0,0.0,0.0,24.54076385498047,0.0,0.0,0.0,0.0,0.0,1.1214966773986816,0.0,0.0,0.0,0.0,0.0,2.599612236022949,0.0,0.0,0.0,0.0,0.0,0.0,0.0,5.28918981552124,0.0,10.188813209533691,0.0,0.0,0.0,0.0,0.0,0.0,0.0,0.0,0.0,0.0,0.0,0.0,12.565702438354492,24.69222640991211,0.0,0.0,0.0,0.0,0.0,0.0,0.0,0.0,0.0,0.0,0.0,0.0,0.0,0.0,0.0,0.0,0.0,0.0,0.0,0.0,0.0,0.0,0.0,0.0,0.0,0.0,23.810701370239258,0.0,0.0,0.0,19.030925750732422,0.0,0.0,10.131375312805176,32.169185638427734,0.0,0.0,0.0,0.0,0.0,0.0,0.0,0.0,0.0,0.0,0.0,0.0,0.0,0.0,0.0,0.0,0.0,0.0,0.0,0.0,7.5792694091796875,10.486554145812988,0.0,0.0,0.0,0.0,0.0,0.0,0.0,0.0,0.0,0.0,0.0,0.0,0.0,0.0,80.53856658935547,0.0,0.0,0.0,0.0,0.0,3.333306074142456,0.0,0.0,0.0,0.0,0.0,0.0,11.413877487182617,0.0,0.0,0.0,0.0,0.0,0.0,0.0,0.0,0.0,0.0,0.0,0.0,7.681859970092773,0.0,0.0,3.5453109741210938,0.0,0.0,0.0,6.337104320526123,0.0,15.107481956481934,0.0,3.1577682495117188,0.0,0.0,0.0,0.0,0.0,0.0,0.0,0.0,0.0,0.0,0.1222531795501709,0.0,6.062382698059082,0.0,0.0,0.0,0.0,0.0,28.880971908569336,0.0,0.0,0.0,0.0,0.0,0.0,0.0,0.0,0.0,0.0,0.0,0.0,7.277104377746582,0.0,16.023944854736328,0.0,0.0,0.0,0.0,0.0,0.0,0.0,0.0,0.0,0.0,0.0,0.0,0.0,0.0,0.0,0.0,0.0,0.0,0.0,11.717996597290039,0.0,0.0,0.0,0.0,0.0,3.960083484649658,0.0,0.0,0.0,0.0,0.0,0.0,0.0,0.0,30.598474502563477,0.0,0.0,8.468191146850586,0.0,0.0,5.662660598754883,0.0,0.0,7.281919956207275,0.3361409306526184,0.0,0.0,0.0,0.0,0.0,0.0,0.0,0.0,0.0,0.0,0.0,0.0,0.0,0.03673240542411804,0.0,0.0,0.0,0.0,0.0,0.0,7.8123369216918945,0.0,0.0,0.0,0.0,0.0,0.0,0.0,0.0,0.0,0.0,0.0,0.0,0.0,0.0,0.0,0.0,0.0,0.0,0.0,0.0,0.0,0.0,0.0,0.0,0.0,0.0,0.0,0.0,7.722625732421875,0.0,0.0,0.0,0.0,33.76447677612305,0.0,0.0,0.0,0.0,0.8533010482788086,0.0,0.0,0.0,0.0,0.0,0.0,0.0,0.0,0.0,0.0,0.0,0.0,0.0,0.0,5.671138763427734,0.0,0.0,0.0,0.0,0.0,0.0,0.0,0.0,0.0,0.0,0.0,0.0,0.0,0.0,0.0,0.0,0.0,0.0,0.0,0.0,0.0,0.0,0.0,0.0,0.0,0.0,0.0,0.0,0.0,16.016061782836914,0.0,0.0,10.590160369873047,0.0,0.0,0.0,0.0,0.0,0.0,0.0,0.0,0.0,18.778804779052734,0.0,0.0,0.0,0.0,0.0,0.0,0.0,0.0,0.0,0.0,0.0,0.0,0.0,0.0,0.0,11.411603927612305,0.0,17.50911521911621,0.0,0.0,0.0,8.7433500289917,15.610636711120605,3.4186789989471436,0.0,0.0,0.0,0.0,0.0,19.32842254638672,0.0,0.0,31.50420379638672,0.0,11.59011173248291,0.0,0.0,0.0,0.0,0.0,0.0,0.0,0.0,0.0,0.0,0.0,0.0,0.0,0.0,0.0,0.0,0.0,0.0,0.0,0.0,0.0,0.0,0.0,0.0,0.0,0.0,14.794918060302734,0.0,0.0,0.0,0.0,0.0,10.97560977935791,9.834856986999512,0.0,0.0,0.0,0.0,0.0,0.0,0.0,0.0,0.0,0.0,0.0,0.0,19.91795539855957,0.0,0.0,0.0,0.0,0.0,2.194859504699707,0.0,0.0,0.0,0.0,0.0,0.0,0.9821949601173401,0.0,0.0,20.38899040222168,0.0,0.0,11.695384979248047,0.0,0.0,0.0,0.0,0.0,0.0,0.0,0.0,0.0,0.0,0.0,0.0,0.0,0.0,0.0,0.0,3.827167272567749,0.0,0.0,0.0,0.0,14.973917007446289,0.0,0.0,2.456268310546875,0.20731322467327118,0.0,0.0,0.0,7.360532283782959,0.0,0.0,0.0,0.0,7.432679653167725,0.0,0.0,0.0,11.45273494720459,0.0,0.0,0.0,38.628997802734375,0.0,0.0,0.0,0.0,0.0,0.0,0.0,0.0,0.0,0.0,0.0,5.643040657043457,0.0,0.0,0.0,4.562775135040283,0.0,0.0,0.0,24.730314254760742,0.0,9.556326866149902,0.0,11.570100784301758,0.0,0.0,0.0,0.0,0.0,0.0,0.0,5.570847034454346,0.0,2.149630546569824,10.209878921508789,0.0,0.0,0.0,0.0,0.0,0.0,0.7842780351638794,0.0,0.0,0.0,0.0,0.0,0.0,13.604615211486816,0.0,0.0,0.0,0.0,23.789798736572266,0.0,0.0,0.0,0.0,0.0,0.0,4.654307842254639,20.59999656677246,0.0,0.0,0.0,0.0,4.15135383605957,5.599652290344238,0.0,0.0,0.0,0.0,0.0,0.0,0.0,0.0,0.0,0.0,0.0,0.39471811056137085,4.185480117797852,0.0,0.0,0.9981623888015747,0.0,0.0,0.0,0.0,0.0,0.5128971338272095,0.0,0.0,6.256979465484619,0.0,0.0,0.0,0.0,0.0,0.0,0.0,0.0,0.0,0.0,0.0,0.0,0.0,0.0,0.0,0.0,0.0,0.0,0.0,0.0,0.0,0.0,0.0,0.0,7.851781368255615,1.0501357316970825,0.0,0.0,0.0,0.0,0.0,0.0,0.0,0.0,0.0,0.0,0.0,9.408130645751953,0.0,0.0,0.0,0.0,3.1340723037719727,0.0,3.832305908203125,0.0,5.959953308105469,0.0,0.0,0.0,0.0,0.0,0.0,0.0,0.0,0.0,0.0,0.0,0.0,0.0,0.0,0.0,0.0,0.0,0.0,0.0,0.0,0.0,0.0,13.850536346435547,25.065902709960938,0.0,0.0,1.4549283981323242,0.0,15.433642387390137,0.0,5.085777759552002,0.0,0.0,0.0,0.0,0.0,0.0,0.0,0.0,0.0,0.0,0.0,0.0,30.59067153930664,0.0,0.0,0.0,0.0,0.0,33.33343505859375,0.0,0.0,0.0,0.0,0.0,0.0,0.0,0.0,0.0,0.0,0.0,0.0,8.663787841796875,0.0,15.25146484375,1.8156787157058716,0.0,0.0,0.0,0.0,0.0,0.0,0.0,0.0,0.0,0.0,0.0,0.0,0.0,0.0,0.0,0.0,0.0,0.0,29.973068237304688,0.0,0.0,0.0,0.0,0.0,0.0,0.0,5.791005611419678,0.3827667534351349,0.0,0.0,0.0,0.0,0.0,37.466487884521484,0.0,0.0,0.0,0.43739190697669983,0.0,0.0,7.784189224243164,0.0,0.0,2.696793794631958,21.432859420776367,0.0,0.0,0.0,0.0,0.0,0.0,0.0,6.955275058746338,0.0,0.0,0.0,0.0,19.183191299438477,0.0,0.0,0.0,0.0,0.0,0.0,14.937407493591309,0.0,0.0,0.0,0.0,0.0,0.0,0.0,0.0,0.0,0.0,0.0,0.0,0.0,0.0,6.807516098022461,0.0,0.0,0.0,0.0,0.0,0.0,0.0,0.0,0.0,0.0,0.0,0.0,0.0,0.0,0.0,0.0,0.0,0.0,0.0,0.0,0.0,0.0,0.0,0.0,0.0,0.0,0.0,0.0,0.0,0.0,4.8200907707214355,0.0,0.0,0.0,0.0,0.0,0.0,0.0,15.369892120361328,36.27076721191406,0.0,0.0,0.0,0.0,0.0,0.0,0.0,0.0,0.0,0.0,0.0,0.0,0.0,0.0,0.0,0.0,0.0,0.0,0.0,0.0,0.0,0.0,5.0459513664245605,0.0,0.0,6.3113603591918945,0.0,0.0,0.0,0.0,0.0,0.0,0.0,0.5266103744506836,0.0,0.0,0.0,0.0,0.0,0.0,0.0,1.4220167398452759,0.0,0.0,0.0,0.0,0.0,0.0,0.0,0.0,7.090671539306641,0.0,6.387458324432373,0.0
n000455_5.jpg,0.0,0.0,0.0,0.0,0.0,0.0,0.0,0.0,0.0,0.0,16.19545555114746,0.0,0.0,82.47530364990234,0.0,0.0,0.0,40.906654357910156,0.0,0.0,0.0,4.204771041870117,0.7614479064941406,0.0,0.0,0.0,0.0,0.0,0.0,23.197959899902344,0.0,0.0,0.0,18.400339126586914,0.0,7.967240810394287,0.0,0.0,0.35950854420661926,0.0,0.0,9.796149253845215,0.0,0.0,0.0,20.119104385375977,0.0,0.0,0.0,7.743401050567627,0.0,0.0,0.0,0.0,0.0,5.689948558807373,0.0,0.0,0.0,4.80084753036499,0.0,0.0,0.0,0.0,36.476322174072266,0.0,0.0,0.0,0.0,0.0,0.0,0.0,0.0,0.0,0.0,0.0,0.0,0.0,0.0,0.0,0.0,12.06252670288086,0.0,0.0,0.0,0.0,0.0,0.0,0.0,0.0,1.4238030910491943,0.0,0.0,0.0,0.0,0.0,0.0,0.0,0.0,0.0,0.0,0.0,0.0,0.0,0.0,0.0,0.0,0.0,0.0,0.0,0.0,0.0,37.62976837158203,0.0,0.0,6.725113391876221,0.0,0.0,0.0,0.0,0.0,0.0,0.0,0.0,0.0,0.0,0.0,0.0,0.0,0.0,0.0,7.520491123199463,16.693119049072266,0.0,0.0,0.0,0.0,0.0,0.0,0.0,0.0,15.311603546142578,0.0,0.0,0.0,58.827816009521484,0.0,0.0,0.0,0.0,0.0,16.315433502197266,0.0,0.0,0.0,11.85366153717041,0.0,0.0,0.0,0.0,0.0,34.394500732421875,0.0,0.0,2.2609198093414307,15.879486083984375,0.0,22.452205657958984,0.0,0.0,0.0,0.0,0.0,0.0,0.0,0.0,0.0,0.0,0.0,1.3100829124450684,0.0,0.0,0.0,0.0,0.0,0.0,0.0,0.0,0.0,49.7889289855957,0.0,0.0,0.0,0.0,0.0,2.7654407024383545,0.0,0.0,0.0,37.291160583496094,0.0,0.0,0.0,19.839088439941406,0.0,0.0,0.0,0.0,0.0,38.954010009765625,0.0,12.014320373535156,0.0,0.0,0.0,0.0,0.0,0.0,13.65479564666748,0.0,0.0,0.0,0.0,0.0,0.0,0.0,0.0,0.0,0.0,0.0,0.0,0.0,0.0,0.0,0.0,0.0,0.0,0.0,0.0,0.0,0.0,0.0,0.0,0.0,0.0,0.0,0.0,0.0,0.0,15.97286605834961,0.0,0.0,23.43722915649414,0.0,18.234445571899414,0.0,0.0,0.0,0.0,0.0,0.0,0.0,0.0,0.0,0.0,0.0,0.0,0.0,0.0,0.0,0.0,0.0,0.0,29.509967803955078,0.0,0.0,3.599208354949951,0.0,0.0,0.0,0.0,39.353126525878906,0.0,0.0,0.0,0.0,0.0,0.0,0.0,0.0,0.0,0.0,0.0,0.0,5.480576515197754,34.3792839050293,0.0,19.912397384643555,0.0,0.0,0.0,0.0,0.0,0.0,0.0,3.5425612926483154,20.19892692565918,0.0,0.0,0.0,0.0,0.0,0.0,39.6688346862793,0.0,17.458486557006836,0.0,0.0,0.0,0.0,0.0,16.779878616333008,0.0,34.6882209777832,0.0,0.0,0.0,0.0,0.0,18.802099227905273,0.0,0.0,0.0,0.0,0.0,0.0,0.0,0.0,0.0,0.0,0.0,0.0,0.0,0.0,0.0,0.0,50.97709274291992,0.0,0.0,0.0,0.0,0.0,0.0,0.0,0.0,0.0,0.0,0.0,0.0,0.0,5.722385883331299,0.0,0.0,0.0,113.60138702392578,0.0,0.0,0.0,0.0,0.0,0.0,20.04929542541504,0.0,0.0,2.556997776031494,0.0,0.0,0.0,12.851442337036133,0.0,0.0,0.32781049609184265,0.0,0.0,0.0,0.0,0.0,0.0,0.0,0.0,12.468973159790039,0.0,0.0,0.0,0.0,0.0,0.0,0.0,0.0,23.02918815612793,17.264081954956055,6.150943279266357,2.6269443035125732,16.973831176757812,0.0,0.0,0.0,0.0,0.0,40.62667465209961,0.0,0.0,0.0,0.6441689729690552,0.0,0.0,0.0,0.0,0.0,0.0,4.588812351226807,0.0,0.0,0.0,0.0,0.0,0.0,0.0,0.0,0.0,0.0,0.0,0.0,0.0,0.0,0.0,38.99732971191406,32.444637298583984,0.0,0.0,0.0,9.505647659301758,0.0,0.0,0.0,0.0,13.457886695861816,0.0,0.0,0.0,0.0,0.0,0.0,0.0,0.0,0.0,9.314352989196777,1.2075244188308716,0.0,0.0,0.0,0.0,0.0,17.451461791992188,0.0,0.0,0.0,0.0,0.0,0.0,0.0,0.0,0.0,18.89032745361328,0.0,0.0,19.132610321044922,0.0,0.0,0.0,0.0,0.0,0.0,0.0,0.0,0.0,0.0,0.0,0.0,0.0,37.392555236816406,0.0,5.128220081329346,0.0,0.0,0.0,0.0,0.0,0.0,0.0,0.0,0.0,0.0,0.0,0.0,0.0,0.0,0.0,0.0,0.0,3.700735092163086,0.0,0.0,0.0,0.2359347939491272,3.2392544746398926,0.0,0.0,0.0,0.0,0.0,5.617363452911377,20.94277000427246,0.0,0.0,65.37127685546875,6.87318229675293,0.0,0.0,21.80994987487793,0.0,0.0,0.0,7.584099769592285,2.6821019649505615,0.0,0.0,0.0,0.0,0.0,0.0,13.9547758102417,0.0,0.0,0.0,10.384597778320312,0.0,0.0,0.0,0.0,36.19811248779297,0.0,0.0,6.253951072692871,0.0,0.0,0.0,6.877585411071777,0.0,0.0,0.0,11.298783302307129,0.0,0.0,0.0,0.0,0.0,3.0887434482574463,0.0,0.0,0.0,0.0,0.0,0.0,0.0,0.0,24.95842742919922,3.9864494800567627,50.44492721557617,0.0,0.0,0.0,0.0,0.0,0.0,0.0,0.0,0.0,0.0,0.0,0.0,0.0,46.1353759765625,5.758120536804199,0.0,0.0,0.0,0.0,0.0,0.0,2.743396282196045,0.0,14.080778121948242,0.0,4.380469799041748,0.0,0.0,0.0,0.0,0.0,0.0,0.0,7.438962936401367,0.0,0.0,0.0,21.028940200805664,11.465436935424805,0.0,0.0,0.0,0.0,0.0,0.0,33.5145149230957,0.0,0.0,3.8239383697509766,0.0,0.0,0.0,0.0,0.0,0.0,19.49654769897461,0.0,0.0,0.0,0.0,8.58767318725586,0.0,0.0,0.0,14.49549674987793,31.67403221130371,0.0,0.0,6.244208335876465,0.0,0.0,0.0,0.0,0.0,0.0,0.0,0.0,0.0,36.13960647583008,0.0,0.0,0.0,0.0,0.0,23.9897518157959,0.0,0.0,0.0,17.075590133666992,0.0,0.0,0.0,0.0,0.0,42.83924865722656,0.0,0.0,0.0,12.361971855163574,0.0,26.279170989990234,0.0,7.006003379821777,0.0,0.0,0.0,0.0,0.0,0.0,0.0,0.0,0.0,11.17339038848877,0.0,1.843222975730896,0.0,2.582848072052002,0.0,0.0,0.0,0.0,0.0,47.35612106323242,0.0,0.0,0.0,0.0,0.0,0.0,0.0,0.0,5.304982662200928,24.83498191833496,0.0,0.0,14.70339298248291,3.203372001647949,0.0,0.0,0.19667354226112366,0.0,0.0,21.7153263092041,0.0,19.39084243774414,0.0,0.0,3.5158791542053223,0.0,0.0,0.0,0.0,0.0,0.0,0.0,0.0,0.0,0.0,0.0,0.0,0.0,0.0,0.0,0.0,3.2829055786132812,0.0,23.613590240478516,0.0,0.0,0.0,0.0,0.0,0.0,0.0,0.0,0.0,0.0,0.0,0.0,0.0,0.0,0.0,21.369834899902344,0.0,0.0,23.66391372680664,0.0,15.69314193725586,0.0,0.0,0.0,0.0,0.0,0.0,0.0,0.0,0.0,0.0,0.0,0.0,0.0,0.0,6.4995012283325195,0.0,0.0,0.0,20.44390106201172,0.0,0.0,0.0,0.0,11.691023826599121,0.0,11.033296585083008,50.71257019042969,0.0,0.0,0.0,0.0,36.42470169067383,0.0,0.0,0.0,0.0,42.73323059082031,0.0,0.0,5.236083984375,1.4393010139465332,0.0,18.248876571655273,0.0,0.0,0.0,0.0,0.0,0.0,0.0,8.599555969238281,48.529239654541016,0.0,0.0,25.695337295532227,0.0,25.824155807495117,0.0,35.1084098815918,0.0,13.415704727172852,0.0,0.0,0.0,0.0,0.0,28.069427490234375,0.0,15.889314651489258,0.0,0.0,0.0,0.0,0.0,9.28154182434082,0.0,0.0,0.0,0.0,0.0,0.0,0.0,0.0,0.0,0.0,0.0,0.0,0.0,0.0,0.0,7.265240669250488,40.50876998901367,0.0,7.423867702484131,12.123929977416992,0.0,0.0,0.0,0.0,0.0,0.0,11.541521072387695,0.0,0.0,0.0,7.7154059410095215,0.0,0.0,0.0,79.7229995727539,0.0,0.0,0.0,0.0,0.0,0.0,9.64327621459961,0.0,22.378971099853516,0.6287753582000732,7.449914455413818,0.0,0.0,14.21468448638916,0.0,0.0,0.0,0.0,0.0,0.0,0.0,0.0,0.0,0.0,0.0,0.0,0.0,14.128750801086426,0.0,3.7775816917419434,7.8066887855529785,0.0,0.0,4.184187412261963,18.206968307495117,20.67391586303711,22.426158905029297,0.0,0.0,0.0,2.4792768955230713,0.0,0.0,0.0,32.19838333129883,0.0,0.0,10.90942096710205,3.4671969413757324,0.0,0.0,0.0,0.0,0.0,0.0,0.33383071422576904,26.59027862548828,0.0,0.0,0.0,0.0,0.9719794988632202,20.416786193847656,0.0,0.0,0.0,0.0,0.0,0.0,0.0,0.0,49.46689224243164,28.83146095275879,0.0,0.0,0.0,0.0,0.0,0.0,0.0,0.0,9.128469467163086,0.0,0.0,0.0,0.0,0.0,0.0,0.0,9.714688301086426,0.0,0.0,0.0,0.0,0.0,0.0,0.0,13.86879825592041,15.480940818786621,0.0,0.0,0.0,0.0,0.0,0.0,0.0,0.0,0.0,37.31108474731445,0.0,0.0,18.846912384033203,0.0,6.476257801055908,0.0,0.0,0.0,0.0,0.0,0.0,0.0,0.0,0.0,0.0,0.0,13.596445083618164,0.0,0.0,10.818928718566895,0.0,0.0,0.0,0.0,0.0,0.0,0.0,0.0,0.0,0.0,0.0,0.0,5.056568622589111,0.0,0.0,0.0,0.0679100751876831,0.0,0.0,0.0,0.0,13.322427749633789,0.0,0.0,0.0,16.983102798461914,1.6262142658233643,3.2934985160827637,11.036619186401367,0.0,0.0,0.0,3.4206409454345703,0.0,0.0,15.238853454589844,0.0,0.0,23.7857723236084,0.0,25.3301944732666,0.0,0.0,0.0,0.0,0.0,0.0,0.0,0.0,0.0,9.81246566772461,0.0,0.0,0.0,0.0,0.0,41.23008728027344,0.0,0.0,6.352049350738525,0.0,0.0,0.0,0.0,0.0,0.0,0.0,16.069053649902344,0.0,0.0,0.0,0.0,0.0,11.692474365234375,0.0,4.184131145477295,0.0,1.9888827800750732,0.0,0.0,20.48323631286621,0.0,0.0,0.0,69.42477416992188,0.0,0.0,0.0,0.0,0.0,0.0,0.0,0.0,0.0,0.0,0.0,0.0,0.0,46.84345626831055,12.285263061523438,0.0,0.0,0.0,0.0,0.0,0.0,7.287413120269775,0.0,0.0,0.0,0.0,0.0,0.0,0.0,0.0,0.0,0.0,0.0,0.0,0.0,0.0,0.0,26.057373046875,0.477552205324173,0.0,0.0,0.0,0.0,0.0,0.0,15.525050163269043,9.944389343261719,0.0,0.0,0.0,0.0,2.108123779296875,0.0,0.0,5.1394944190979,13.711929321289062,0.0,0.0,0.0,0.0,26.93126678466797,0.0,0.0,0.0,40.60540008544922,4.402859687805176,0.0,0.0,15.750279426574707,0.0,0.0,0.0,0.0,0.0,0.0,0.0,0.0,13.881876945495605,0.0,0.0,0.0,0.0,0.0,0.0,11.007523536682129,8.767183303833008,0.0,0.0,12.245275497436523,0.0,0.0,0.0,0.0,0.0,0.0,0.0,0.0,0.0,0.0,0.0,0.0,0.0,10.073994636535645,0.0,0.0,0.0,0.0,0.0,0.0,0.0,0.0,0.0,0.0,16.29148292541504,21.334428787231445,0.0,0.0,0.0,0.0,0.0,53.610233306884766,0.0,0.0,3.2718029022216797,0.0,0.0,0.0,0.0,0.0,0.0,0.0,0.0,10.313738822937012,0.0,0.0,13.499360084533691,0.0,0.0,0.0,0.0,0.0,1.8385905027389526,0.0,0.0,1.4234706163406372,3.773850917816162,0.0,0.0,0.0,0.0,0.0,6.131805419921875,0.0,0.0,7.428220748901367,4.789933681488037,0.0,0.0,0.0,0.0,0.0,0.0,0.0,0.0,0.0,0.0,14.432574272155762,0.0,0.0,0.0,0.0,0.0,0.0,0.0,0.0,0.16296975314617157,0.0,0.0,0.0,0.0,0.0,0.0,20.746200561523438,0.0,0.0,0.0,1.76531982421875,14.40487003326416,0.0,0.0,0.0,0.0,0.0,0.0,0.0,0.0,0.0,2.4308042526245117,0.0,0.0,0.0,0.0,15.890690803527832,0.0,5.055229187011719,0.0,63.45413589477539,0.0,0.0,0.0,0.0,17.742982864379883,0.0,8.158967018127441,36.53950119018555,0.0,0.0,0.0,0.0,14.557380676269531,29.769372940063477,0.0,0.0,0.0,71.17485046386719,0.0,0.0,0.0,5.647198677062988,0.0,0.0,0.0,0.0,0.0,0.0,0.0,0.0,0.0,0.0,19.266571044921875,0.0,0.0,44.748897552490234,0.0,8.65071964263916,0.0,0.0,0.0,29.331640243530273,0.0,0.0,0.0,0.0,7.866286277770996,61.95024108886719,0.0,3.378678321838379,0.0,0.0,0.0,0.0,0.0,0.0,0.0,0.0,0.0,0.0,0.0,0.0,0.0,0.0,0.0,0.0,23.147233963012695,0.0,0.0,0.0,0.0,0.0,0.0,0.0,14.41096305847168,4.938692569732666,0.0,0.0,0.0,0.0,0.0,0.0,0.0,0.0,0.0,0.0,0.0,0.0,1.4288195371627808,0.0,21.918054580688477,0.0,0.0,33.16884231567383,0.0,0.0,0.0,10.733315467834473,0.0,23.10873794555664,0.0,7.966231822967529,0.0,0.0,0.0,0.0,0.0,0.0,4.517430782318115,0.0,0.0,0.0,0.0,0.0,0.0,0.0,0.0,0.0,8.493687629699707,0.0,0.0,26.370079040527344,0.0,0.0,5.822222709655762,0.0,13.651971817016602,21.468965530395508,0.3872222602367401,0.0,0.0,8.342251777648926,0.0,0.0,0.0,0.0,3.3669636249542236,0.0,22.17568016052246,5.675380706787109,8.139090538024902,0.0,0.0,0.0,0.0,0.0,0.0,22.774810791015625,0.0,0.0,0.0,6.978452682495117,0.0,16.568157196044922,0.0,0.0,0.0,0.0,0.0,0.0,0.0,0.0,28.923614501953125,6.3466877937316895,0.0,0.0,0.0,0.0,0.0,0.0,0.0,0.0,0.0,0.0,0.0,0.0,0.0,0.0,0.0,0.0,5.425746440887451,0.0,2.190804958343506,0.0,0.0,0.0,0.0,0.0,10.499335289001465,0.0,3.884026527404785,0.0,7.345202445983887,0.0,0.0,12.743003845214844,0.0,0.0,0.0,20.214460372924805,0.0,0.0,3.429964542388916,0.0,9.717944145202637,0.0,0.0,0.0,0.0,0.0,0.0,0.0,0.0,0.0,0.0,0.0,0.0,0.0,0.0,31.682592391967773,0.0,9.664302825927734,16.24673843383789,0.0,0.0,0.0,0.0,0.0,0.0,0.0,0.0,0.0,14.560937881469727,5.774637699127197,0.0,0.0,0.0,0.0,0.0,0.0,0.0,15.948742866516113,0.0,0.0,0.0,20.133649826049805,0.0,0.0,15.681716918945312,0.0,0.0,0.0,0.0,9.64355754852295,0.0,0.0,0.0,0.0,10.306662559509277,0.0,26.949485778808594,0.0,0.0,0.0,0.0,0.0,0.0,0.0,0.0,0.0,0.0,0.0,0.0,0.0,0.0,0.0,1.8998491764068604,0.0,0.0,0.0,0.0,0.0,18.440359115600586,0.0,0.0,0.0,0.0,20.34956169128418,0.0,0.0,0.0,0.0,0.0,3.19966983795166,0.0,0.0,0.0,12.215591430664062,0.0,0.0,20.754337310791016,0.0,0.0,0.0,55.47365951538086,0.0,0.0,0.0,0.0,0.0,0.0,0.0,0.0,0.0,0.0,5.7117838859558105,0.0,0.0,0.0,3.051811695098877,0.0,0.0,0.0,5.176806926727295,0.0,8.0927095413208,0.0,0.0,0.0,0.0,0.0,0.0,0.0,0.0,0.0,0.0,3.789764642715454,0.0,0.0,0.0,0.0,0.0,9.415472984313965,0.0,0.0,0.0,0.0,0.0,0.0,0.0,0.0,0.0,0.7932854890823364,0.0,0.0,0.0,0.0,0.0,0.0,13.131451606750488,0.0,0.0,0.0,0.0,0.0,0.0,0.0,0.0,0.0,25.53522491455078,0.0,0.0,0.0,0.0,0.0,0.0,0.0,0.0,0.0,0.0,0.0,0.0,41.28504943847656,0.0,0.0,0.0,0.0,0.0,0.0,0.0,15.247245788574219,0.0,0.0,4.951670169830322,0.0,0.0,0.0,0.0,0.0,0.0,0.0,0.0,0.0,0.0,0.0,0.0,0.0,0.0,0.0,0.0,0.0,0.0,0.0,0.0,0.0,0.0,0.0,0.0,18.663915634155273,35.61240768432617,0.0,0.0,0.0,0.0,0.0,64.43331146240234,0.0,0.0,0.0,0.0,0.0,0.0,0.0,0.0,0.0,0.0,0.0,5.138489723205566,0.0,0.0,0.0,0.0,0.0,0.0,0.0,0.0,46.54202651977539,0.0,0.0,0.0,0.0,0.0,0.0,0.0,22.611743927001953,0.0,0.0,0.0,0.0,10.144157409667969,0.0,1.352257490158081,0.0,0.0,0.0,0.0,0.0,0.0,0.0,0.0,0.0,0.46193617582321167,0.0,0.0,0.0,0.0,0.0,0.0,0.0,0.0,50.46620559692383,10.027503967285156,0.0,0.0,0.0,0.0,0.0,7.435382843017578,0.0,0.0,0.0,8.130803108215332,4.247913360595703,0.0,0.0,0.0,0.0,0.0,0.0,0.0,0.0,0.0,0.0,7.450880527496338,0.0,3.7028303146362305,0.0,0.0,0.0,0.0,0.0,72.36981201171875,0.0,0.0,1.1968432664871216,0.0,18.501314163208008,0.0,0.0,0.0,0.0,0.0,0.0,0.0,6.333316326141357,24.44218635559082,0.0,0.0,0.0,40.313018798828125,0.0,0.0,0.0,7.059779167175293,0.0,2.4219202995300293,0.0,0.0,0.0,0.0,0.0,0.0,0.0,0.0,0.0,0.0,0.0,12.65047836303711,0.0,0.0,0.0,0.0,0.0,0.0,0.0,0.0,0.0,0.0,26.339282989501953,60.236839294433594,0.0,0.0,0.0,0.0,8.10604190826416,0.0,0.0,0.0,4.265634059906006,0.0,0.0,1.637633204460144,0.0,0.0,0.0,0.0,0.0,0.0,21.290510177612305,0.0,0.0,0.0,0.0,0.0,0.0,0.0,0.0,0.0,0.0,0.0,0.0,0.0,0.0,0.0,0.0,0.0,0.0,0.0,0.0,12.951805114746094,3.071869373321533,0.0,0.0,0.0,0.0,47.51325988769531,0.0,0.0,0.0,0.0,0.0,0.0,2.201827049255371,0.0,0.0,0.0,0.0,0.0,2.1001853942871094,0.0,2.7721314430236816,0.0,0.0,0.0,0.0,0.0,0.0,0.0,0.0,0.0,0.0,0.0,0.0,31.018457412719727,0.0,0.0,0.9208099842071533,0.0,0.0,0.0,0.0,0.0,0.0,0.0,4.196816444396973,0.0,14.05455207824707,0.0,0.0,0.0,0.0,0.0,0.0,0.0,0.0,0.0,0.0,0.0,0.0,0.9766834378242493,0.0,0.0,0.0,5.979394912719727,0.0,0.0,0.0,0.0,0.0,0.0,0.0,0.0,0.0,0.0,42.594425201416016,4.779577255249023,0.0,0.0,0.0,0.0,0.0,0.0,0.0,0.0,0.0,0.0,0.0,0.0,0.0,0.0,0.0,2.4480373859405518,0.0,0.0,0.0,0.0,0.0,0.0,0.0,0.0,0.0,0.0,0.0,0.0,7.130444049835205,0.0,0.0,1.2437078952789307,0.0,5.379420757293701,0.0,0.0,0.0,0.0,17.478044509887695,0.0,2.479802370071411,0.0,0.0,0.0,0.0,0.0,3.335909366607666,0.0,0.0,0.0,39.263309478759766,0.0,0.0,0.0,0.0,0.0,0.0,34.086265563964844,9.382962226867676,0.0,0.0,0.0,0.0,0.0,0.0,1.7429041862487793,0.0,0.0,0.0,0.0,0.0,2.723188638687134,0.0,0.0,0.0,0.0,0.0,0.0,0.0,0.0,0.0,21.258384704589844,0.0,0.0,0.0,0.0,0.0,0.0,0.0,0.0,0.0,0.0,0.0,6.629878520965576,0.0,0.0,0.0,3.570812702178955,0.0,0.0,0.0,0.0,0.0,0.0,0.0,0.0,0.0,39.04891586303711,0.0,0.0,0.0,0.0,0.0,0.0,0.0,0.0,0.0,0.0,13.750514030456543,0.0,0.0,0.0,0.0,0.0,0.0,0.0,0.0,0.0,0.0,1.8336756229400635,0.0,0.0,0.0,0.0,0.0,0.0,0.0,0.0,0.0,0.0,18.687671661376953,0.0,0.0,0.0,0.0,0.0,0.0,0.0,0.0,0.0,0.0,0.0,0.0,0.0,0.0,0.0,0.0,0.0,0.0,0.0,0.0,0.0,0.0,0.0,0.0,0.0,0.0,0.0,0.0,0.0,0.0,21.01123046875,0.0,0.0,0.0,0.0,0.0,0.0,0.0,0.0,0.0,0.0,0.0,0.0,12.011414527893066,0.0,0.0,4.019937038421631,0.0,0.0,0.0,0.0,0.0,0.0,0.0,0.0,0.0,0.0,0.0,0.0,0.0,0.0,0.0,0.0,0.0,0.0,0.0,0.0,0.0,0.0,0.0,0.0,0.0,0.0,0.0,0.0,0.0,0.0,14.815805435180664,0.0,0.0,0.0,0.0,0.0,0.0,0.0,0.7680617570877075,0.0,0.0,5.482032299041748,0.0,0.0,0.0,0.0,0.0,0.0,0.0,0.0,0.0,0.0,0.0,0.0,0.0,0.0,0.0,0.0,0.0,0.0,0.0,0.0,0.0,0.0,0.0,0.0,0.0,0.0,0.0,0.0,0.0,0.0,0.0,0.0,16.085880279541016,0.0,0.0,0.0,0.0,0.0,0.0,0.0,0.0,0.0,0.0,0.0,0.0,0.0,0.0,0.0,0.0,0.0,0.0,0.0,23.720054626464844,0.0,0.0,0.0,0.0,0.0,0.0,0.0,26.009899139404297,0.0,0.0,0.0,20.04334259033203,0.0,0.0,0.0,0.0,0.0,0.0,0.0,0.0,0.0,0.0,0.0,0.0,0.0,0.0,0.0,0.0,0.0,0.0,0.0,0.0,0.0,47.20246505737305,3.5938479900360107,0.0,0.0,0.0,0.0,0.0,0.0,0.0,0.0,0.0,0.0,1.4528175592422485,0.0,0.0,0.0,0.0,0.0,0.0,0.0,0.0,0.0,0.0,29.301422119140625,0.0,0.0,0.0,0.0,0.0,0.0,0.0,0.0,0.0,15.438767433166504,1.8061400651931763,0.0,0.0,0.0,0.0,0.0,0.0,0.0,0.0,0.0,0.0,0.0,0.0,0.0,0.0,0.0,0.0,0.0,0.0,0.0,0.0,0.0,0.0,0.0,0.0,0.0,0.0,0.0,0.0,0.0,0.0,0.0,0.0,0.0,0.0,0.0,0.0,0.0,0.0,0.0,0.0,0.0,0.0,0.0,0.0,24.90904998779297,0.0,0.0,0.0,0.0,0.0,0.0,0.0,0.0,0.0,0.0,0.0,0.0,0.0,0.0,0.0,0.0,0.0,0.0,0.0,0.0,0.0,0.0,0.0,0.0,0.0,0.0,0.0,0.0,0.0,0.0,0.0,0.0,0.0,0.0,0.0,0.0,0.0,0.0,0.0,9.565293312072754,0.0,3.258376359939575,0.0,0.0,0.0,38.877132415771484,0.0,0.0,0.0,0.0,0.0,0.0,0.0,0.0,0.0,0.0,0.0,0.0,0.4007739722728729,0.0,0.0,0.0,0.0,0.0,0.0,0.0,0.0,0.0,0.0,0.0,0.0,0.0,0.0,2.910504102706909,0.0,0.0,0.0,0.0,0.0,0.0,0.5742744207382202,0.0,0.0,0.0,0.0,0.0,6.847012519836426,0.0,0.0,30.04003143310547,0.0,0.0,0.0,0.0,0.0,0.0,0.0,0.0,0.0,0.0,0.0,0.0,0.0,0.0,0.0,0.0,0.0,0.0,0.0,0.0,0.0,0.0,0.0,0.0,62.55942916870117,3.741314649581909,0.0,0.0,0.0,0.0,0.0,0.0,0.0,0.0,0.0,0.0,0.0,0.0,0.0,0.0,0.0,0.0,0.0,0.0,0.0,0.0,0.0,0.0,0.0,0.0,0.0,0.0,0.0,0.0,0.0,0.0,0.0,0.0,0.0,0.0,0.0,0.0,0.0,0.0,0.0,0.0,16.202587127685547,0.0,0.0,0.0,0.0,0.0,0.0,0.0,0.0,0.0,33.07851791381836,0.0,0.0,0.0,0.0,0.0,0.0,14.815499305725098,0.0,0.08394861221313477,0.0,0.0,0.0,0.0,0.0,0.0,0.0,0.0,0.0,0.0,0.0,21.52318572998047,0.0,0.0,1.7229669094085693,0.0,0.0,0.0,0.0,0.0,0.0,17.153715133666992,0.0,0.0,0.0,0.0,0.0,0.0,0.0,0.0,0.0,0.0,0.0,0.0,0.0,0.0,0.0,0.0,0.0,0.0,0.0,0.0,0.0,0.0,0.0,0.0,0.0,54.13996124267578,0.0,0.0,0.0,0.0,0.0,0.0,0.0,0.0,0.0,0.0,0.0,0.0,0.0,0.0,0.0,0.0,0.0,0.0,0.0,0.0,0.0,0.0,0.0,0.0,0.0,0.0,0.0,0.0,0.0,0.0,0.0,0.0,0.0,0.0,0.0,0.0,0.0,0.0,0.0,0.0,0.0,0.0,0.0,0.0,0.0,0.0,0.0,0.0,0.0,0.0,0.0,0.0,0.0,0.0,0.0,0.0,0.0,0.0,0.0,0.0,0.0,0.0,0.0,0.0,0.0,0.0,0.0,0.0,0.0,0.0,0.0,0.0,0.0,0.0,0.0,0.0,39.413734436035156,0.0,0.0,6.952897071838379,0.0,0.0,0.0,0.0,0.0,0.0,0.0,0.0,0.0,0.0,0.0,0.0,0.0,0.0,0.0,0.0,0.0,0.0,0.0,0.0,0.0,0.0,0.0,0.0,0.0,0.0,0.0,0.0,0.0,0.0,0.0,0.0,0.0,0.0,0.0,0.0,0.0,0.0,0.0,0.0,0.0,8.463983535766602,0.0,0.0,0.0,0.0,0.0,0.0,0.0,0.0,0.0,0.0,0.0,0.0,0.0,0.0,0.0,0.0,0.0,0.0,0.0,0.0,0.0,0.0,0.0,0.0,0.0,0.0,0.0,0.0,0.0,0.0,0.0,0.0,21.65777587890625,0.0,0.0,0.0,0.0,0.0,0.0,0.0,0.0,0.0,0.0,0.0,0.0,0.0,0.0,0.0,0.0,0.0,0.0,0.0,0.0,0.0,0.0,0.0,0.0,0.0,0.0,0.0,0.0,0.0,0.0,0.0,26.563026428222656,0.0,0.0,0.0,0.0,0.0,0.0,0.0,33.14219665527344,0.0,0.0,0.0,0.0,0.0,0.0,0.0,0.0,0.0,0.0,0.0,0.0,0.0,5.238987445831299,0.0,0.0,0.0,0.0,0.0,0.0,0.0,0.0,0.0,11.812673568725586,0.0,0.0,0.0,0.0,0.0,0.0,0.0,0.0,0.0,0.0,0.0,0.0,45.8650016784668,0.0,0.0,0.0,0.0,0.0,0.0,0.0,0.0,0.0,10.367042541503906,0.0,0.0,0.0,0.0,0.0,0.0,0.0,0.0,0.0,0.0,0.0,0.0,0.0,0.0,0.0,0.0,0.0,0.0,0.0,0.0,0.0,0.0,0.0,0.0,0.0,0.0,0.0,0.0,0.0,0.0,0.0,0.0,0.0,0.0,0.0,0.0,0.0,0.0,0.0,0.0,0.0,0.0,0.0,0.0,0.0,38.58440399169922,0.0,0.0,0.0,0.0,0.0,0.0,0.0,0.0,0.0,0.0,0.0,0.0,0.0,0.0,20.657455444335938,0.0,0.0,0.0,0.0,0.0,0.0,0.0,0.0,0.0,0.0,0.0,0.0,0.0,0.0,0.0,0.0,0.0,0.0,0.0,15.842841148376465,0.0,0.0,0.0,0.0,0.0,0.0,32.77293014526367,0.0,0.0,0.0,60.359432220458984,0.0,0.0,0.0,13.351540565490723,0.0,0.0,0.0,0.0,0.0,17.19873809814453,0.0,0.0,22.193288803100586,0.0,0.0,0.0,0.0,0.0,0.0,0.0,0.0,0.0,0.0,0.0,0.0,0.0,0.0,0.0,0.0,0.0,0.0,0.0,0.0,0.0,0.0,0.0,0.0,0.0,0.0,0.0,0.0,0.0,0.0,22.129180908203125,0.0,0.0,0.0,0.0,0.0,0.0,0.0,0.0,0.0,0.0,0.0,0.0,0.0,0.0,0.0,0.0,0.0,0.0,0.0,0.0,0.0,0.0,0.0,0.0,54.893428802490234,0.0,0.0,0.0,0.0,0.0,0.0,0.0,0.0,0.0,0.0,0.0,0.0,0.0,0.0,0.0,0.0,0.0,0.0,0.0,0.0,0.0,0.0,0.0,0.0,0.0,0.0,0.0,0.0,0.0,0.0,0.0,0.0,0.0,0.0,0.0,0.0,0.0,0.0,0.0,0.0,0.0,0.0,0.0,0.0,0.0,0.0,0.0,0.0,0.0,0.0,0.0,0.0,0.0,0.0,1.9462329149246216,0.0,0.0,0.0,0.0,0.0,0.0,0.0,0.0,0.0,0.0,0.0,0.0,0.0,0.0,0.0,0.0,0.0,2.2969517707824707,35.87063980102539,0.0,0.0,0.0,0.0,0.0,0.0,13.059310913085938,0.0,21.44607925415039,0.0,0.0,0.0,0.0,0.0,0.0,0.0,0.0,0.0,0.0,0.0,0.0,26.78445053100586,0.0,61.770599365234375,0.0,0.0,0.0,0.0,0.0,0.0,0.0,0.0,0.0,0.0,9.123376846313477,0.0,0.0,0.0,21.41965103149414,52.56511688232422,0.0,0.0,0.0,0.0,0.0,0.0,0.0,0.0,2.3704495429992676,0.0,11.39277172088623,0.0,0.0,0.0,0.0,0.0,26.57244873046875,0.0,0.0,0.0,0.0,0.0,1.3168104887008667,2.3225371837615967,0.0,0.0,0.0,0.0,0.0,0.0,0.0,0.0,0.0,0.0,0.0,0.0,4.941138744354248,0.0,0.0,0.0,0.0,0.0,0.0,0.0,0.0,0.0,2.3588078022003174,0.0,0.0,37.16883850097656,0.0,0.0,0.0,0.0,13.798229217529297,0.0,0.0,0.0,0.0,0.0,0.0,0.0,0.0,0.0,0.0,2.249927520751953,45.503395080566406,9.540690422058105,0.0,0.0,0.0,5.530491352081299,0.0,0.0,0.0,0.0,0.0,0.0,0.0,0.0,0.0,0.0,0.0,0.0,29.93631935119629,0.0,0.0,0.0,12.845464706420898,0.0,0.0,0.0,13.109856605529785,0.0,0.0,0.0,0.0,0.0,0.0,5.062261581420898,0.0,0.0,0.0,0.0,0.0,0.0,0.0,0.0,11.610455513000488,0.0,0.0,0.0,39.30185317993164,0.0,0.0,0.0,5.04311990737915,0.0,0.0,0.0,0.0,0.0,0.0,0.0,0.0,2.6408724784851074,0.0,0.0,0.0,0.0,0.0,0.0,0.0,0.0,0.0,0.0,0.0,0.0,0.0,4.124504089355469,10.349656105041504,0.0,0.0,5.290730953216553,0.0,0.0,0.0,0.0,0.0,2.9309661388397217,1.5409785509109497,0.0,0.0,0.0,0.0,0.0,0.0,0.0,0.0,0.0,59.70171356201172,0.0,0.0,0.0,15.548835754394531,0.0,0.0,0.0,0.0,0.0,0.0,0.0,0.0,0.0,0.0,0.0,0.0,0.0,0.0,10.656717300415039,0.0,0.0,0.0,0.0,0.0,0.0,0.0,0.0,0.0,0.0,0.0,0.0,7.673805236816406,0.0,0.0,0.0,0.0,0.0,0.0,0.0,0.0,0.0,0.0,0.0,0.0,0.0,0.0,0.0,0.0,0.0,0.0,2.2809085845947266,0.0,23.391902923583984,0.0,0.0,0.0,0.0,0.0,0.0,0.0,43.963016510009766,0.0,0.0,0.0,0.0,0.0,23.05207061767578,0.0,0.0,0.0,0.0,0.0,0.0,15.752670288085938,0.0,0.0,0.0,0.0,4.1586079597473145,0.0,7.266575336456299,14.374808311462402,0.0,0.0,0.0,10.999595642089844,0.0,0.0,0.0,0.0,0.0,0.0,0.0,0.0,0.0,47.47704315185547,0.0,0.0,0.0,1.1521073579788208,0.0,0.0,0.497637003660202,0.0,0.0,0.0,13.087821006774902,0.0,0.0,0.0,0.0,0.0,0.0,22.831588745117188,7.660463333129883,4.719641208648682,0.0,0.0,0.0,0.0,0.0,69.31546020507812,0.0,10.173026084899902,0.0,0.0,0.0,0.0,0.0,0.0,0.0,0.0,0.0,0.0,0.0,0.0,103.13805389404297,0.0,0.0,0.0,0.0,0.0,0.0,7.018044471740723,0.0,0.0,0.0,0.0,18.353818893432617,0.0,0.0,0.0,0.0,0.0,0.0,0.0,40.70432662963867,0.5513105988502502,0.0,0.0,0.0,0.0,9.763409614562988,59.96766662597656,0.0,7.131114959716797,0.0,63.30680465698242,0.0,0.0,0.0,81.86933898925781,0.0,0.0,14.158319473266602,1.1406855583190918,0.0,1.3305230140686035,0.0,0.0,7.9515700340271,0.0,0.0,0.0,0.0,0.0,0.0,0.0,0.0,0.0,0.0,0.0,0.0,0.0,0.0,28.85711669921875,0.0,5.123885154724121,0.0,15.226822853088379,0.0,0.0,12.006444931030273,0.0,0.0,0.0,0.0,0.0,0.0,5.9497480392456055,0.0,0.0,0.0,0.0,0.0,23.45581817626953,0.0,0.0,0.0,7.2504119873046875,0.0,2.748939275741577,0.0,0.0,0.0,5.19572114944458,0.0,54.06813430786133,0.0,0.0,0.0,0.0,0.0,0.0,0.0,0.0,14.341984748840332,0.0,0.0,0.0,0.0,0.0,0.0,0.0,0.0,0.0,0.0,0.0,28.41428565979004,0.0,1.0249577760696411,0.0,0.0,0.0,6.643370628356934,0.0,0.0,20.1978816986084,0.0,0.0,0.0,3.9269871711730957,0.0,34.077392578125,6.621678352355957,0.0,0.0,0.0,0.0,0.0,0.0,0.0,0.0,0.0,0.0,0.0,0.0,0.0,0.0,22.284198760986328,0.0,0.0,0.0,0.0,0.0,0.0,0.0,0.0,0.0,0.0,0.0,0.0,0.0,0.0,0.0,0.0,0.0,0.0,0.0,0.0,0.0,0.0,0.0,0.0,0.0,16.26198959350586,2.3629679679870605,0.0,16.253562927246094,0.0,43.746337890625,0.0,0.0,0.0,0.0,0.0,0.0,0.0,0.0,0.0,0.0,0.0,0.0,0.0,0.0,0.0,0.0,0.0,0.0,0.0,0.0,0.0,0.0,0.13817642629146576,0.0,0.0,0.0,0.0,0.0,0.0,0.0,0.0,0.0,0.0,0.0,23.519840240478516,0.0,10.141709327697754,0.0,3.720475912094116,35.85342788696289,0.0,0.0,0.0,0.0,0.0,0.0,0.0,0.0,0.9201353788375854,0.0,3.209409713745117,0.0,0.0,0.0,0.0,0.0,15.807331085205078,0.0,0.0,0.0,0.0,0.0,0.0,0.0,0.0,6.991465091705322,0.0,0.0,0.0,0.0,0.0,0.0,0.0,0.0,0.0,0.0,0.0,0.0,0.0,0.0,0.0,0.0,0.0,0.0,0.0,0.0,0.0,0.0,0.0,0.0,1.8984553813934326,0.0,0.0,0.0,25.135334014892578,0.0,0.0,19.891725540161133,0.0,0.0,0.0,0.0,0.0,0.0,0.0,0.0,0.0,0.0,0.0,0.0,0.0,0.0,0.0,2.540353536605835,0.0,0.0,0.0,0.0,0.0,1.86087167263031,0.0,0.0,0.0,0.0,0.0,0.0,0.0,0.0,0.0,0.0,0.0,0.0,0.0,0.0,0.0,0.0,0.0,0.0,0.0,0.0,0.0,0.0,0.0,0.0,0.39710158109664917,0.0,22.26805305480957,0.0,0.0,0.0,0.0,0.0,4.666024208068848,0.0,0.0,0.0,1.6692004203796387,19.661067962646484,0.0,0.0,0.0,0.0,24.632410049438477,0.0,0.0,0.0,17.29318618774414,0.0,0.0,0.0,0.0,0.0,0.0,0.0,0.0,0.0,0.0,0.0,0.0,0.0,0.0,0.0,0.0,0.0,0.0,0.0,0.0,0.0,0.0,0.0,53.42829513549805,0.0,0.0,0.0,0.0,0.0,0.0,0.0,0.0,38.39344787597656,51.529300689697266,0.0,0.0,0.0,38.88108825683594,0.0,0.0,0.0,0.0,39.06169128417969,6.750856399536133,0.0,3.1763670444488525,0.0,0.0,0.0,0.0,0.0,0.0,0.0,0.0,17.094459533691406,0.0,0.0,0.0,0.0,0.0,0.0,0.0,0.0,0.0,0.0,0.0,0.0,22.964946746826172,0.0,0.0,0.0,0.0,0.0,0.0,0.0,0.0,0.0,0.0,0.0,0.0,0.0,0.0,0.0,16.218652725219727,0.0,0.0,0.0,0.0,14.10477352142334,0.0,0.0,0.0,0.0,0.0,0.0,0.0,0.0,0.0,0.0,0.0,0.0,0.0,0.0,0.0,0.0,0.0,0.0,0.0,0.0,0.0,0.0,0.0,0.0,0.0,0.0,16.07204246520996,0.0,0.0,0.0,0.0,28.1287899017334,0.0,0.0,0.0,0.0,0.0,0.0,0.0,0.0,12.072993278503418,0.0,13.102872848510742,0.0,0.0,0.0,0.0,0.0,0.0,6.974461555480957,0.0,21.818222045898438,0.0,0.0,0.0,0.0,0.0,0.0,15.872638702392578,0.0,0.0,0.0,0.0,0.0,0.0,0.0,53.68408966064453,0.0,1.260955810546875,0.0,0.0,0.0,0.0,0.0,0.0,0.0,0.0,0.0,0.0,0.0,0.0,0.0,0.0,0.0,0.0,0.0,0.0,0.0,0.0,0.0,0.0,9.680140495300293,0.0,0.0,7.455007076263428,0.0,0.0,0.0,0.0,0.0,0.0,0.0,0.0,0.0,0.0,9.516092300415039,0.0,0.0,0.0,91.75474548339844,0.0,0.0,6.927148342132568,0.0,0.0,0.0,18.999479293823242,0.0,0.0,0.0,0.7665187120437622,0.0,0.0,0.0,0.0,0.0,0.0,0.0,0.0,0.0,0.0,0.0,0.0,0.0,0.9410640001296997,0.0,0.0,0.0,0.0,0.0,0.0,0.0,0.0,0.0,8.940032958984375,0.0,0.0,0.0,0.0,0.0,0.0,0.0,62.8091926574707,0.0,47.94076156616211,0.0,0.0,0.0,11.483661651611328,0.0,0.0,0.0,0.0,0.0,0.0,0.0,0.0,0.0,0.0,0.0,0.0,0.0,0.0,0.0,0.0,0.0,0.0,0.0,0.0,0.0,0.0,48.29946517944336,0.0,0.0,0.0,0.0,11.886796951293945,0.0,0.0,0.0,0.0,16.145355224609375,0.0,0.0,0.0,0.0,0.0,0.0,0.0,0.0,4.245782375335693,0.0,2.591343879699707,0.0,0.0,0.0,0.0,0.0,0.0,0.0,0.0,0.0,0.0,0.0,0.0,0.0,0.0,0.0,0.0,0.0,0.0,0.0,0.0,0.0,0.0,0.0,0.0,0.0,0.0,0.0,0.0,0.0,0.0,0.0,0.0,39.09382247924805,0.0,0.0,0.0,0.0,0.0,0.0,0.0,0.0,0.0,0.0,0.0,0.0,0.0,0.0,0.0,0.0,0.0,0.0,0.0,0.0,0.0,0.0,0.0,0.0,0.0,0.0,15.417120933532715,0.0,0.0,0.0,0.0,0.0,0.0,0.0,0.0,0.0,0.0,0.0,0.0,0.0,0.0,0.0,7.584803104400635,0.0,0.0,0.0,0.0,0.0,0.0,0.0,0.0,0.0,0.0,0.0,12.22213363647461,0.0,0.0,0.0,31.12586212158203,31.29944610595703,0.0,0.0,0.0,0.0,0.0,0.0,0.0,0.0,0.0,0.0,0.0,0.0,0.0,0.0,0.0,0.0,0.0,0.0,0.0,0.0,0.0,15.519744873046875,0.0,0.0,0.0,0.0,0.0,58.54170227050781,0.0,0.0,0.0,0.0,0.0,0.0,0.0,0.0,0.0,0.0,8.776535034179688,0.0,0.0,11.612493515014648,0.0,2.2227091789245605,0.0,0.0,0.0,0.0,0.0,0.0,10.211709022521973,0.0,0.0,0.0,27.372323989868164,0.0,0.0,14.647171020507812,0.0,0.0,0.0,0.0,0.0,0.0,0.0,0.0,0.0,0.0,0.0,0.0,0.0,0.0,1.9746785163879395,0.0,15.827676773071289,0.0,0.0,0.0,22.5694580078125,0.0,0.0,0.0,0.0,0.0,0.0,0.0,0.0,0.0,0.0,0.0,0.0,0.0,0.0,0.0,0.0,0.0,0.0,0.0,0.0,0.0,0.0,0.0,0.0,0.0,0.0,0.0,0.0,0.0,0.0,0.0,0.0,0.0,0.0,12.001592636108398,0.0,0.0,12.913196563720703,29.953176498413086,0.0,0.0,0.0,0.0,34.137657165527344,23.7645320892334,0.0,0.0,0.0,0.0,0.0,0.0,0.0,0.0,16.68921661376953,0.0,0.0,0.0,0.0,0.0,0.0,0.0,0.0,0.0,0.0,0.0,0.0,0.0,0.0,0.0,0.0,0.0,50.276031494140625,0.0,0.0,0.0,0.0,0.0,0.0,0.0,0.0,42.400779724121094,39.355098724365234,0.0,0.0,8.142617225646973,12.820576667785645,0.0,0.0,0.0,0.0,38.51969528198242,0.0,0.0,7.892222881317139,0.0,0.0,17.812273025512695,0.0,0.0,0.0,0.0,0.0,17.3107967376709,0.0,1.2393074035644531,0.0,0.0,0.0,0.0,0.0,0.0,0.0,25.624582290649414,0.0,0.0,39.35331726074219,0.0,0.0,0.0,0.0,0.0,0.0,0.0,0.0,5.974448204040527,0.0,0.0,0.0,0.0,0.0,0.0,13.96529769897461,0.0,0.0,6.3151679039001465,0.0,10.49367904663086,0.0,0.0,0.0,0.0,0.0,0.0,0.0,0.0,7.647955894470215,0.0,0.0,0.0,0.0,0.0,0.0,0.0,0.0,0.0,9.338289260864258,3.756513833999634,0.0,0.0,0.0,0.0,0.0,12.374143600463867,0.0,0.0,0.0,0.0,0.0,53.03891372680664,0.0,0.0,0.0,6.854527473449707,11.892720222473145,0.0,0.0,0.0,0.0,0.0,0.0,0.0,0.0,0.0,0.0,0.0,0.0,30.1570987701416,0.0,57.15071487426758,0.0,0.0,0.0,0.0,0.0,0.0,3.8759171962738037,0.0,0.0,0.0,0.0,0.0,0.0,0.0,50.27367401123047,0.0,0.0,0.0,0.0,0.0,0.0,0.0,0.0,0.0,0.0,0.0,0.0,0.0,0.0,5.224000930786133,0.0,0.0,0.0,0.0,0.0,0.0,0.0,0.0,0.0,0.0,0.0,0.0,43.078758239746094,0.0,0.0,0.0,0.0,0.0,0.0,19.442893981933594,0.0,0.0,0.0,10.716190338134766,0.0,0.0,4.275121212005615,52.23916244506836,0.0,0.0,2.191880941390991,0.0,0.0,0.0,24.2423152923584,0.0,0.0,0.0,0.0,0.0,6.1675848960876465,0.0,0.0,24.86733055114746,0.0,0.0,0.0,0.0,0.0,0.0,0.0,0.0,0.0,0.0,0.0,0.0,0.0,0.0,8.359107971191406,0.0,0.0,0.0,0.0,0.0,0.0,0.0,0.0,0.0,0.0,0.0,81.9455795288086,0.0,29.054094314575195,0.0,0.0,0.0,28.64773941040039,0.0,0.0,0.0,0.0,0.0,0.0,0.0,0.0,0.0,0.0,0.0,1.3128422498703003,0.0,25.495397567749023,0.0,0.0,0.0,0.0,0.0,0.0,0.0,0.0,66.7417984008789,3.40030837059021,0.0,0.0,0.0,0.0,13.37026596069336,0.0,0.0,0.0,16.77857208251953,0.0,0.0,0.0,12.75093936920166,0.0,0.0,0.0,22.781848907470703,0.0,0.0,0.0,0.0,0.0,3.123569965362549,0.0,0.0,0.0,0.0,0.0,0.0,0.0,5.857397079467773,0.0,0.0,0.0,0.0,1.952413558959961,0.0,0.0,0.0,0.0,2.7548000812530518,0.0,0.0,0.0,0.0,0.0,0.0,0.0,15.033218383789062,0.0,0.0,0.0,18.33843994140625,0.0,0.0,0.0,0.0,0.0,0.0,0.0,0.0,0.0,0.0,0.0,0.0,0.0,12.380615234375,0.0,0.0,0.0,0.0,0.0,0.0,0.0,0.0,0.0,0.0,0.0,0.0,13.27183723449707,0.0,12.103981018066406,0.0,0.0,0.0,0.0,0.0,0.0,0.0,0.0,0.0,0.0,0.0,0.0,0.0,1.7296788692474365,0.0,0.0,0.0,0.0,0.0,0.0,0.0,0.0,0.0,0.0,0.0,0.0,0.0,0.0,0.0,9.535845756530762,0.0,0.0,0.0,0.0,0.0,0.0,0.0,0.0,0.0,0.0,0.0,0.0,0.0,0.0,0.0,0.0,0.0,1.0487875938415527,0.0,0.0,0.0,0.0,0.0,0.0,0.0,0.0,0.0,0.0,76.8975601196289,0.0,0.0,0.0,0.0,0.0,0.0,0.0,0.0,0.0,0.0,0.6469418406486511,0.0,0.0,0.0,0.0,26.164583206176758,0.0,0.0,0.0,0.0,0.0,0.0,0.0,0.0,0.0,0.0,0.0,0.0,0.0,0.0,0.0,0.0,0.0,3.2924399375915527,0.0,0.0,0.0,0.0,0.0,0.0,0.0,0.0,0.0,2.4685235023498535,0.0,0.0,12.422075271606445,0.0,0.0,0.0,37.44849395751953,0.0,0.0,0.0,9.169151306152344,0.0,0.0,0.0,0.0,0.0,0.0,0.0,0.0,0.0,0.0,0.0,0.0,0.0,0.0,0.0,0.0,0.0,0.0,0.0,0.0,4.851073265075684,0.0,19.556743621826172,0.0,0.0,0.0,0.0,0.0,0.0,0.0,18.90449333190918,0.0,0.0,21.262527465820312,0.0,0.0,0.0,0.0,0.0,0.0,40.884918212890625,0.0,0.0,0.0,0.0,0.0,0.0,0.0,0.0,4.507277011871338,0.0,0.0,0.0,0.0,0.0,0.0,0.0,0.0,21.638824462890625,3.39125919342041,0.0,0.0,0.0,0.0,0.0,36.14060592651367,0.0,0.0,0.0,0.0,0.0,0.0,0.0,0.0,0.0,0.0,0.0,29.682748794555664,0.0,0.0,0.0,0.0,0.0,0.0,15.20638370513916,0.0,50.84320068359375,0.0,0.0,0.0,0.0,0.0,2.6591222286224365,0.0,29.7334041595459,0.0,0.0,0.0,0.0,0.0,17.40383529663086,0.0,0.0,0.0,0.0,0.0,0.0,0.0,58.189212799072266,0.0,0.0,18.89719581604004,0.0,0.0,0.0,0.0,0.0,0.0,0.0,0.0,31.069520950317383,0.0,0.0,0.0,0.0,0.0,0.0,2.0772807598114014,0.0,0.0,0.0,0.0,0.0,0.0,0.0,0.0,0.0,0.0,0.0,0.0,0.0,0.0,0.0,3.077444314956665,0.0,12.480308532714844,0.0,0.0,0.0,0.0,0.0,28.835975646972656,0.0,0.0,0.2114354372024536,0.0,0.0,0.0,0.0,0.0,0.0,0.0,0.0,0.0,19.61446762084961,0.0,0.0,0.0,0.0,36.76061248779297,0.0,0.0,0.0,0.0,0.0,0.0,0.0,0.0,0.0,0.0,0.0,0.0,0.0,0.0,26.4242000579834,0.0,0.0,0.0,0.0,0.0,0.0,0.0,0.0,0.0,0.0,0.0,0.0,0.0,0.0,48.38794708251953,0.0,0.0,0.1684027463197708,0.0,8.934494018554688,0.0,0.0,0.0,0.0,0.0,0.0,0.0,0.0,0.0,0.0,0.0,0.0,0.0,24.52444076538086,0.0,0.0,0.0,0.0,0.0,0.0,0.0,0.0,29.69595718383789,4.309876918792725,0.0,0.0,0.0,0.0,0.0,8.097328186035156,0.0,0.0,0.0,0.0,0.0,0.0,5.488913536071777,0.0,0.0,0.0,8.278666496276855,0.0,0.0,0.0,0.0,0.0,0.0,0.0,0.0,0.0,0.0,0.0,0.0,11.72382640838623,0.0,0.0,0.0,0.0,0.0,0.0,0.0,0.0,0.0,0.0,0.0,0.0,0.0,0.0,9.915090560913086,0.0,0.0,0.0,0.0,0.0,0.0,0.0,0.0,0.0,0.0,0.0,57.62495422363281,0.0,0.0,0.0,0.0,0.0,11.206707000732422,0.0,0.0,0.0,0.0,0.0,0.0,0.0,0.0,0.0,0.0,0.0,0.0,0.0,20.43044090270996,0.0,0.0,0.0,0.0,0.0,0.0,0.0,0.0,37.44489288330078,0.0,0.0,0.0,0.0,0.0,12.722517967224121,0.0,0.0,0.0,0.0,0.0,0.0,0.0,3.135698080062866,0.0,0.0,0.0,0.0,0.0,0.0,0.0,0.0,0.0,11.633357048034668,0.0,0.0,0.0,0.0,0.0,0.0,0.0,16.725017547607422,0.0,0.0,0.0,0.0,0.0,0.0,0.0,0.0,0.0,0.0,0.0,0.0,0.0,0.0,0.0,0.0,0.0,11.60099983215332,0.0,0.0,0.0,0.0,0.0,7.840977191925049,0.0,0.0,0.0,0.0,0.0,0.0,0.0,0.0,0.0,0.0,0.0,2.1386055946350098,0.0,0.0,0.0,0.0,22.18600082397461,0.0,0.0,0.0,0.0,0.0,0.0,0.0,0.0,0.0,16.93986701965332,0.0,0.0,0.0,0.0,0.0,0.0,0.0,0.0,0.0,0.0,0.0,0.0,0.0,0.0,0.0,0.0,0.0,0.0,0.0,0.0,0.0,0.0,0.0,0.0,0.0,0.0,0.0,0.0,0.0,0.0,0.0,0.0,0.0,0.0,0.0,0.0,0.0,0.0,0.0,7.6445136070251465,0.0,0.0,0.0,0.7439549565315247,0.0,0.0,0.0,0.0,9.264717102050781,0.0,0.0,0.0,0.0,0.0,0.0,0.0,0.0,0.0,46.995391845703125,11.34587287902832,0.0,0.0,0.0,0.0,0.0,0.0,0.0,0.0,0.0,7.903750896453857,0.0,0.0,0.0,0.0,6.605504989624023,0.0,0.0,0.0,0.0,0.0,0.0,0.0,0.0,0.0,0.0,0.0,0.0,0.0,0.0,0.0,0.0,0.0,0.0,0.0,0.0,0.0,0.0,0.0,0.0,0.0,0.0,0.0,0.0,0.0,0.0,1.739925742149353,0.0,0.0,0.0,22.644466400146484,0.0,0.0,0.0,8.994657516479492,0.0,0.0,0.0,9.118063926696777,0.0,0.0,0.0,0.0,0.0,0.0,0.0,0.0,0.0,0.0,0.0,0.0,0.0,0.0,0.0,0.0,0.0,0.0,28.55172348022461,0.0,0.0,0.0,0.0,0.0,0.0,0.0,23.388906478881836,0.0,0.0,13.061286926269531,18.77202606201172,0.0,0.0,0.0,0.0,0.0,46.56169509887695,0.0,0.0,0.0,0.0,0.0,0.0,0.0,0.0,0.0,0.0,0.0,0.0,0.0,0.0,0.0,0.0,0.0,5.77898645401001,0.0,0.0,0.0,0.0,0.0,0.0,12.417122840881348,0.0,0.0,0.0,0.0,0.0,0.0,0.0,0.0,0.0,0.0,22.887086868286133,0.0,0.0,0.0,0.0,0.0,0.0,0.0,25.869049072265625,0.0,54.428619384765625,0.0,0.0,0.0,0.0,0.0,0.0,0.0,55.033790588378906,0.0,0.0,0.0,0.0,0.0,0.0,0.0,0.0,0.0,0.0,0.0,1.1538963317871094,0.0,46.91531753540039,0.0,0.0,0.0,0.0,0.0,0.0,0.0,0.0,0.0,0.0,0.0,49.48622512817383,10.943891525268555,0.0,0.0,0.0,0.0,0.0,0.0,0.0,0.0,0.0,0.0,0.0,0.0,0.0,0.0,0.0,0.0,0.0,0.0,0.0,0.0,0.0,51.48099136352539,0.0,34.3218879699707,0.0,0.0,0.0,0.0,0.0,0.0,0.0,0.0,17.865385055541992,0.0,0.0,0.0,4.591682434082031,0.0,0.0,0.0,0.0,0.0,13.842527389526367,0.0,0.0,0.0,0.0,0.0,0.0,0.0,0.0,0.0,0.0,0.0,0.0,0.0,0.0,0.0,0.0,0.0,0.0,0.0,0.0,0.0,0.0,0.0,0.0,0.0,0.0,0.0,0.0,13.022053718566895,0.0,14.478184700012207,0.0,0.0,0.0,29.48847770690918,0.0,0.0,0.0,0.0,15.298491477966309,0.0,0.24725306034088135,0.0,0.0,0.0,0.0,0.0,1.4029414653778076,0.0,0.0,0.0,0.0,0.0,5.698062896728516,0.0,0.0,0.0,0.0,0.0,0.0,0.0,0.0,0.0,20.60266876220703,0.0,0.0,0.0,0.0,0.0,0.0,0.0,0.0,0.0,0.0,1.6221953630447388,0.0,0.0,0.0,0.0,0.0,0.0,0.0,0.0,0.0,0.0,0.0,0.0,0.0,0.0,0.0,0.0,0.0,0.0,12.83077335357666,0.0,0.0,0.0,0.0,0.0,0.0,0.0,0.0,6.049673557281494,0.0,0.0,0.0,0.0,0.0,6.325061798095703,0.0,0.0,0.0,0.0,0.0,0.0,0.0,0.0,0.0,0.0,0.0,26.601411819458008,0.0,0.0,0.0,0.0,0.0,2.1854591369628906,0.0,0.0,0.0,0.0,0.0,0.0,0.0,0.0,0.0,0.0,0.0,0.0,0.0,0.0,0.0,0.0,0.0,0.0,0.0,0.39797842502593994,0.0,0.0,76.87727355957031,0.0,0.0,0.0,0.0,0.0,9.032252311706543,0.0,0.0,0.0,0.0,0.0,0.0,0.0,0.0,0.0,1.1265604496002197,0.0,0.0,0.0,0.0,0.0,0.0,0.0,3.076565742492676,0.0,0.0,0.0,0.0,0.0,0.0,0.0,23.924386978149414,0.0,0.0,0.0,0.0,0.0,3.614717721939087,0.0,0.0,0.0,0.0,0.0,0.0,0.0,0.0,0.0,0.0,0.0,8.877275466918945,0.0,0.0,0.0,0.0,0.0,13.221924781799316,0.0,0.0,0.0,0.0,0.0,0.0,8.029417037963867,0.0,0.0,0.0,0.0,0.0,0.0,0.0,0.0,0.0,35.29283142089844,0.0,0.0,0.0,0.0,0.0,0.0,0.0,0.0,0.0,0.0,0.0,0.0,0.0,0.0,0.0,0.0,0.0,0.0,0.0,0.0,0.0,0.0,0.0,0.0,0.0,0.0,0.0,0.0,0.0,0.0,0.0,0.0,0.0,0.0,0.0,0.0,0.0,0.0,0.0,0.0,0.0,0.0,0.0,0.0,0.0,0.0,0.0,0.0,0.0,17.709712982177734,0.0,0.0,0.0,0.0,0.0,0.0,0.0,0.0,28.15008544921875,0.0,0.0,0.0,0.0,0.0,0.0,0.0,0.0,0.0,0.0,7.165218353271484,0.0,0.0,0.0,0.0,0.0,0.0,0.0,0.0,0.0,0.0,0.0,0.0,0.0,0.0,0.0,0.0,0.0,0.0,0.0,0.0,0.0,0.0,0.0,0.0,0.0,0.0,0.0,0.0,0.0,9.937026023864746,0.0,0.0,0.0,0.0,0.0,0.0,0.0,0.0,0.0,0.0,0.0,0.0,0.0,0.0,0.0,3.251190662384033,0.0,0.0,0.0,0.0,0.0,0.0,0.0,0.0,0.0,0.0,0.0,0.0,0.0,0.0,0.0,0.0,0.0,0.0,0.0,0.0,0.0,0.0,0.0,0.0,0.0,0.0,0.0,0.0,0.0,0.0,0.0,0.0,0.0,0.0,0.0,0.0,0.0,0.0,27.581989288330078,0.0,0.0,0.0,39.347801208496094,0.0,0.0,0.0,0.0,0.0,16.1889591217041,0.0,0.0,0.0,0.0,0.0,0.0,0.0,0.0,0.0,0.0,0.0,0.0,0.0,0.0,0.0,0.0,0.0,0.0,0.0,0.0,0.0,0.0,0.0,0.0,0.0,0.0,0.0,0.0,0.0,0.0,0.0,0.0,0.0,0.0,0.0,9.24583625793457,7.6310343742370605,0.0,0.0,0.0,0.0,0.0,0.0,0.0,0.0,17.109954833984375,0.0,0.0,0.0,0.0,0.0,0.0,0.0,21.88180923461914,0.0,0.0,0.0,0.0,0.0,0.0,0.0,0.0,0.0,9.894692420959473,0.0,0.0,0.0,12.449891090393066,0.0,0.0,0.0,0.0,0.0,0.0,0.0,0.0,0.0,0.0,0.0,33.27824783325195,21.620145797729492,0.0,0.0,0.0,0.0,0.0,0.0,0.0,0.0,0.0,0.0,0.0,0.0,0.0,0.0,0.0,0.0,0.0,0.0,0.0,0.0,0.0,60.99634552001953,0.0,0.0,0.0,0.0,0.0,0.0,0.0,0.0,0.0,0.0,0.0,0.0,0.0,0.0,0.0,0.0,0.0,0.0,0.0,0.0,18.1103458404541,0.0,0.0,0.0,0.0,0.0,0.0,0.0,0.0,0.0,0.0,0.0,0.0,0.0,0.0,0.0,0.0,0.0,0.0,0.0,0.0,0.0,0.0,0.0,0.0,0.0,0.0,0.0,0.0,0.0,0.0,1.7283711433410645,0.0,0.0,0.0,43.7287483215332,0.0,0.0,0.0,0.0,0.0,0.0,0.0,0.0,0.0,0.0,0.0,0.0,0.0,0.0,0.0,0.0,0.0,0.0,0.0,0.0,0.0,0.0,0.0,0.0,0.0,0.0,0.0,0.0,0.0,0.0,0.0,0.0,0.0,0.0,0.0,0.0,0.0,0.0,0.0,0.0,0.0,0.0,0.0,0.0,0.0,0.0,0.0,0.0,0.0,0.0,0.0,0.0,0.0,0.0,0.0,0.0,0.0,0.0,8.346994400024414,0.0,0.0,0.0,0.0,0.0,0.0,0.0,0.0,0.0,0.0,0.0,0.0,0.0,0.0,0.0,0.0,0.0,0.0,0.0,0.0,0.0,0.0,0.0,0.0,0.0,0.0,0.0,0.0,0.0,0.0,0.0,0.0,0.0,0.0,0.0,0.0,0.0,0.0,0.0,5.699015140533447,0.0,0.0,0.0,0.0,0.0,0.0,0.0,0.0,0.0,0.0,0.0,0.0,19.041555404663086,0.0,0.0,89.38671875,0.0,0.0,0.0,0.0,0.0,0.0,0.0,0.0,0.0,0.0,0.0,0.0,0.0,0.0,0.0,0.0,0.0,0.0,0.0,0.0,0.0,0.0,0.0,0.0,0.0,0.0,0.0,0.0,0.0,0.0,0.0,0.0,0.0,0.0,0.0,0.0,0.0,0.0,0.0,0.0,0.0,0.0,0.0,0.0,0.0,0.0,0.0,0.0,0.0,4.576830863952637,0.0,0.0,0.0,0.0,0.0,0.0,0.0,0.0,0.0,0.0,0.0,0.0,0.0,0.0,0.0,0.0,0.0,0.0,0.0,0.0,0.0,0.0,21.3083438873291,0.0,0.0,0.0,0.0,0.0,0.0,0.0,0.0,0.0,0.0,0.0,0.0,0.0,0.0,0.0,0.0,0.0,0.0,0.0,0.0,0.0,0.0,0.0,0.0,0.0,0.0,0.0,0.0,0.0,0.0,0.0,0.0,0.0,0.0,0.0,0.0,0.0,0.0,0.0,0.0,0.0,0.0,0.0,0.0,0.0,0.0,0.0,0.0,0.0,0.5458371639251709,0.0,0.0,0.0,0.0,0.0,0.0,0.0,0.0,2.1286792755126953,0.0,0.0,0.0,0.0,0.0,0.0,0.0,0.0,0.0,0.0,0.0,0.0,0.0,0.0,0.0,0.0,0.0,0.0,0.0,0.0,0.0,0.0,0.0,0.0,0.0,0.0,0.0,0.0,0.0,0.0,0.0,0.0,0.0,0.0,0.0,0.0,0.0,0.0,0.0,0.0,0.0,0.0,0.0,0.0,0.0,0.0,0.0,0.0,0.0,0.0,0.0,0.0,0.0,0.0,0.0,0.0,2.407801389694214,0.0,0.0,0.0,0.0,0.0,0.0,0.0,0.0,0.0,0.0,0.0,0.0,0.0,0.0,0.0,0.0,0.0,0.0,0.0,0.0,0.0,0.0,0.0,0.0,0.0,0.0,0.0,0.0,0.0,0.0,0.0,0.0,0.0,0.0,0.0,0.0,0.0,0.0,40.42813491821289,0.0,0.0,0.0,0.0,0.0,0.0,0.0,0.0,0.0,0.0,0.0,0.0,0.0,0.0,0.0,0.0,0.0,0.0,0.0,0.0,0.0,0.0,0.0,0.0,0.0,0.0,0.0,0.0,0.0,0.0,0.0,0.0,0.0,0.0,0.0,0.0,0.0,0.0,0.0,0.0,0.0,0.0,0.0,0.0,0.0,2.6120924949645996,0.0,0.0,0.0,0.0,0.0,0.0,0.0,0.0,0.0,0.0,0.0,0.0,0.0,0.0,0.0,0.0,0.0,0.0,0.0,0.0,0.0,4.838169097900391,0.0,0.0,0.0,0.0,0.0,0.0,0.0,24.006107330322266,0.0,0.0,0.0,0.0,0.0,0.0,0.0,0.0,0.0,0.0,0.0,0.0,0.0,0.0,0.0,0.0,0.0,0.0,0.0,0.0,0.0,0.0,0.0,4.732853412628174,0.0,0.0,0.0,0.0,0.0,0.0,0.0,0.0,0.0,0.0,0.0,0.0,59.73908233642578,0.0,0.0,0.0,0.0,0.0,0.0,0.0,0.0,0.0,0.0,0.0,0.0,0.0,0.0,0.0,0.0,0.0,0.0,0.0,0.0,4.339934349060059,0.0,0.0,0.0,0.0,0.0,0.0,0.0,0.0,0.0,0.0,0.0,0.0,0.0,0.0,0.0,0.0,0.0,0.0,0.0,0.0,0.0,0.0,0.0,0.0,0.0,0.0,0.0,0.0,0.0,0.0,4.1568603515625,0.0,0.0,0.0,28.51443862915039,0.0,0.0,0.0,0.0,0.0,0.0,0.0,0.0,0.0,0.0,0.0,0.0,0.0,0.0,0.0,0.0,0.0,0.0,0.0,0.0,0.0,0.0,0.0,0.0,0.0,0.0,0.0,0.0,0.0,0.0,0.0,0.0,0.0,0.0,0.0,0.0,0.0,0.0,0.0,0.0,0.0,0.0,0.0,0.0,0.0,0.0,0.0,0.0,0.0,0.0,0.0,0.0,0.0,0.0,0.0,0.0,0.0,0.0,36.792274475097656,0.0,0.0,0.0,0.0,0.0,0.0,0.0,0.0,0.0,0.0,0.0,0.0,0.0,0.0,0.0,0.0,0.0,0.0,0.0,0.0,0.0,0.0,0.0,0.0,0.0,0.0,0.0,0.0,0.0,0.0,0.0,0.0,0.0,0.0,0.0,0.0,0.0,0.0,0.0,0.0,0.0,0.0,0.0,0.0,0.0,0.0,0.0,0.0,0.0,0.0,0.0,0.0,17.751686096191406,0.0,0.0,77.8572006225586,0.0,0.0,0.0,0.0,0.0,0.0,0.0,0.0,0.0,0.0,0.0,0.0,0.0,0.0,0.0,0.0,0.0,0.0,0.0,0.0,0.0,0.0,0.0,0.0,0.0,0.0,0.0,0.0,0.0,0.0,0.0,0.0,0.0,0.0,0.0,0.0,0.0,0.0,0.0,0.0,0.0,0.0,0.0,0.0,0.0,0.0,0.0,0.0,0.0,20.810758590698242,0.0,0.0,0.0,0.0,0.0,0.0,0.0,0.0,0.0,0.0,0.0,0.0,0.0,0.0,0.0,0.0,0.0,0.0,0.0,0.0,0.0,0.0,17.52981185913086,0.0,0.0,0.0,0.0,0.0,0.0,0.0,0.0,0.0,0.0,0.0,0.0,0.0,0.0,0.0,0.0,0.0,0.0,0.0,0.0,0.0,0.0,0.0,0.0,11.693160057067871,0.0,0.0,0.0,0.0,0.0,0.0,0.0,0.0,0.0,0.0,0.0,0.0,0.0,0.0,0.0,26.779376983642578,0.0,0.0,0.0,0.0,0.0,0.0,0.0,0.0,21.268035888671875,0.0,0.0,0.0,0.0,0.0,0.0,0.0,5.934384822845459,0.0,0.0,0.0,0.0,0.0,0.0,0.0,0.0,0.0,0.0,0.0,0.0,0.0,0.0,0.0,0.0,0.0,0.0,0.0,0.0,0.0,0.0,0.0,0.0,0.0,0.0,0.0,0.0,0.0,0.0,0.0,0.0,0.0,0.0,0.0,0.0,0.0,0.0,0.0,0.0,4.292724609375,0.0,0.0,0.0,2.1591081619262695,0.0,0.0,0.0,0.0,0.0,0.0,0.0,0.0,0.0,16.30784797668457,0.0,0.0,0.0,0.0,0.0,0.0,0.0,0.0,0.0,0.0,0.0,0.0,0.0,0.0,0.0,0.0,0.0,0.0,0.0,0.0,0.0,0.0,0.0,0.0,0.0,0.0,0.0,0.0,0.0,0.0,0.0,0.0,0.0,0.0,0.0,0.0,0.0,0.0,0.0,0.0,21.70406150817871,5.467902660369873,0.0,0.0,2.383121967315674,0.0,0.0,0.0,0.0,0.0,0.0,0.0,0.0,3.5186610221862793,0.0,0.0,0.0,0.0,0.0,0.0,0.0,0.0,0.0,0.0,0.0,0.0,0.0,0.0,0.0,12.020280838012695,0.0,0.0,0.0,0.0,0.0,0.0,0.0,0.0,0.0,0.0,0.0,0.0,0.0,0.0,0.0,0.0,0.0,4.803142547607422,38.326576232910156,0.0,0.0,0.0,0.0,0.0,0.0,0.0,0.0,6.7531514167785645,0.0,0.0,8.938254356384277,0.0,0.0,0.0,0.0,0.0,0.0,0.0,0.0,4.851827144622803,0.0,0.0,0.0,0.0,0.0,0.0,0.0,0.0,0.0,0.0,0.0,0.0,0.0,0.0,0.0,0.0,0.0,0.0,0.0,0.0,0.0,10.314260482788086,0.0,0.0,0.0,0.0,0.0,0.0,0.0,0.0,0.0,24.822526931762695,0.0,0.0,0.0,0.0,0.0,0.0,0.0,0.0,0.0,0.0,0.0,0.0,25.506011962890625,0.0,0.0,0.0,0.0,0.0,0.0,0.0,0.0,0.0,0.0,0.0,0.0,0.0,0.0,0.0,6.274755477905273,0.0,0.0,0.0,0.0,0.0,0.0,0.0,0.0,0.0,0.0,0.0,0.0,0.0,8.931201934814453,0.0,0.0,0.0,0.0,0.0,0.0,0.0,0.0,0.0,0.0,0.0,0.0,0.0,0.0,0.0,0.0,0.0,0.0,0.0,3.158127784729004,0.0,0.0,0.0,0.0,0.0,47.96417999267578,0.0,0.0,0.0,0.0,0.0,0.0,0.0,0.0,0.0,0.0,0.0,0.0,0.0,0.0,24.659624099731445,0.0,0.0,0.0,0.0,0.0,0.0,0.0,0.0,0.0,0.0,0.0,4.563730239868164,0.0,0.0,0.0,0.0,0.0,0.0,0.0,28.90326690673828,0.0,0.0,0.0,0.0,0.0,0.0,7.5468058586120605,0.0,0.0,0.0,28.76262664794922,0.0,0.0,0.0,5.339880466461182,0.0,0.0,0.0,0.0,0.0,0.0,0.0,0.0,35.66797637939453,0.0,0.0,0.0,0.0,0.0,0.0,0.0,0.0,22.31356430053711,0.0,0.0,0.0,0.0,0.0,0.0,0.0,0.0,0.0,0.0,0.0,0.0,0.0,0.0,0.0,0.0,0.0,0.0,0.0,0.0,0.0,0.0,0.0,0.0,0.0,0.0,0.0,0.0,0.0,0.0,0.0,5.741374969482422,0.0,0.0,0.0,0.0,0.0,39.47371292114258,0.0,0.0,0.0,0.0,0.0,10.725447654724121,0.0,0.0,35.958457946777344,0.0,0.0,0.0,0.0,0.0,0.0,0.0,0.0,2.4982635974884033,0.0,0.0,0.0,0.0,0.0,0.0,0.7994350790977478,0.0,0.0,0.0,2.3261964321136475,0.0,0.0,0.0,0.0,0.0,0.0,0.0,0.0,0.0,0.0,0.0,0.0,0.0,0.0,0.0,0.0,0.0,0.0,0.0,0.0,0.0,0.0,0.0,0.0,0.0,0.0,0.0,0.0,0.0,16.435382843017578,0.0,0.0,0.0,0.0,0.0,0.0,0.0,0.0,0.0,0.0,0.0,0.0,0.0,0.0,0.0,0.0,0.0,0.0,0.0,0.0,0.0,0.0,12.199142456054688,43.91867446899414,0.0,0.0,0.0,0.0,0.0,0.0,0.0,0.0,0.0,0.0,0.0,0.0,0.0,0.0,0.0,0.0,0.0,0.0,0.0,0.0,0.0,0.0,33.034122467041016,0.0,0.0,0.0,0.0,0.0,0.0,0.0,0.0,0.0,0.0,0.0,0.0,0.0,0.0,0.0,0.0,0.0,0.0,0.0,0.0,0.0,0.0,0.0,0.0,0.0,7.170952320098877,0.0,0.0,0.0,0.0,0.0,0.0,0.0,0.2529487609863281,0.0,0.0,0.0,0.0,0.0,0.0,0.0,0.0,0.0,0.0,0.0,0.0,0.0,0.0,0.0,0.0,0.0,0.0,0.0,0.0,0.0,0.0,0.0,0.0,0.0,0.0,0.0,0.0,0.0,0.0,0.0,0.0,0.0,0.0,0.0,0.0,0.0,0.0,0.0,0.0,17.688152313232422,0.0,0.0,0.0,0.0,0.0,0.0,0.0,0.0,0.0,0.0,0.0,0.0,0.0,0.0,0.0,0.0,0.0,0.0,0.0,0.0,9.695531845092773,0.0,0.0,0.0,0.0,0.0,0.0,0.0,0.0,0.0,0.0,0.0,0.0,0.0,0.0,0.0,0.0,0.0,0.0,0.0,0.0,0.0,0.0,0.0,0.0,0.0,0.0,0.0,0.0,0.0,0.0,0.0,0.0,0.0,0.0,59.28773880004883,0.0,0.0,11.323503494262695,0.0,0.0,0.0,0.0,0.0,0.0,0.0,0.0,0.0,0.0,0.0,0.0,0.0,0.0,0.0,0.0,0.0,0.0,0.0,0.0,0.0,0.0,0.0,0.0,0.0,0.0,0.0,0.0,0.0,0.0,0.0,0.0,0.0,0.0,0.0,0.0,0.0,0.0,0.0,0.0,0.0,0.0,0.0,33.596309661865234,0.0,0.0,0.0,0.0,0.0,0.0,0.0,0.0,33.15705871582031,0.0,0.0,4.313277721405029,0.0,0.0,0.0,0.0,0.0,0.0,0.0,0.0,0.0,0.0,0.0,0.0,0.0,0.0,0.0,0.0,2.9001123905181885,0.0,0.0,0.0,0.0,0.0,0.0,0.0,0.0,0.0,0.0,0.0,0.0,0.0,0.0,0.0,0.0,0.0,0.0,0.0,0.0,0.0,0.0,0.0,0.0,0.0,0.0,0.0,0.0,0.0,0.0,0.0,0.0,0.0,0.0,0.0,0.0,8.504773139953613,0.0,0.0,0.0,0.0,0.0,0.0,0.0,0.0,0.0,0.0,0.0,0.0,0.0,0.0,0.0,0.0,0.0,0.0,0.0,0.0,14.962854385375977,0.0,0.0,0.0,0.0,0.0,0.0,0.0,0.0,0.0,0.0,0.0,0.0,0.0,0.0,0.0,0.0,0.0,0.0,0.0,0.0,0.0,0.0,0.0,0.0,0.0,0.0,0.0,0.0,0.0,0.0,0.0,0.0,0.0,0.0,72.54885864257812,0.0,0.0,0.0,0.0,0.0,0.0,0.0,0.0,0.0,0.0,0.0,0.0,0.0,0.0,0.0,0.0,0.0,0.0,0.0,0.0,0.0,0.0,0.0,0.0,0.0,0.0,0.0,0.0,0.0,0.0,0.0,0.0,0.0,0.0,0.0,0.0,0.0,0.0,0.0,0.0,0.0,0.0,16.659791946411133,0.0,0.0,11.094924926757812,0.0,0.0,0.0,0.0,0.0,0.0,0.0,18.968570709228516,0.0,0.0,0.0,0.0,19.127059936523438,0.0,0.0,0.0,0.0,0.0,0.0,0.0,0.0,36.95630645751953,0.0,0.0,0.0,0.0,0.0,0.0,0.0,0.0,0.0,0.0,0.0,0.0,0.0,0.0,0.0,0.0,0.0,79.54249572753906,0.0,0.0,0.0,0.0,0.0,0.0,0.0,0.0,0.0,0.0,0.0,0.0,0.0,0.0,0.0,0.0,0.0,0.0,0.0,0.0,0.0,0.0,0.0,0.0,0.0,5.634106636047363,0.0,0.0,52.57114028930664,0.0,0.0,0.0,0.0,0.0,0.0,0.0,0.0,0.0,0.0,0.0,0.0,0.0,0.0,0.0,0.0,0.0,0.0,0.0,0.0,0.0,0.0,0.0,0.0,0.0,0.0,0.0,0.0,0.0,0.0,0.0,0.0,0.0,0.0,0.0,0.0,7.303613662719727,0.0,0.0,0.0,0.0,0.0,0.0,0.0,0.0,0.0,14.026302337646484,0.0,0.0,12.304328918457031,0.0,0.0,0.0,0.0,0.0,0.0,0.0,0.0,0.0,0.0,0.0,0.0,0.0,0.0,0.0,0.0,0.0,0.0,0.0,0.0,0.0,0.0,16.344160079956055,0.0,0.0,0.0,0.0,0.0,0.0,0.0,9.017877578735352,0.0,0.0,0.0,0.0,0.0,0.0,0.0,0.0,0.0,0.0,0.0,0.0,0.0,0.0,0.0,29.253103256225586,0.0,0.0,0.0,0.0,0.0,0.0,0.0,0.0,0.0,0.0,0.0,0.0,0.0,0.0,0.0,0.0,0.0,0.0,0.0,0.0,0.0,0.0,0.0,0.0,0.0,0.0,0.0,0.0,0.0,0.0,0.0,0.0,0.0,0.0,0.0,0.0,0.0,0.0,0.0,0.0,0.0,0.0,0.0,0.0,0.0,0.0,0.0,0.0,0.0,0.0,0.0,0.0,0.0,0.0,0.0,0.0,0.0,0.0,0.0,0.0,0.0,0.0,0.0,0.0,0.0,0.0,0.0,0.0,0.0,0.0,0.0,0.0,0.0,0.0,4.744891166687012,0.0,0.0,0.0,0.0,0.0,0.0,0.0,0.0,0.0,0.0,0.0,0.0,0.0,0.0,0.0,0.0,0.0,0.0,0.0,0.0,23.940526962280273,0.0,0.0,0.0,0.0,0.0,0.0,0.0,0.0,0.0,0.0,0.0,0.0,0.0,0.0,0.0,0.0,0.0,0.0,0.0,0.0,0.0,0.0,0.0,0.0,0.0,0.0,0.0,0.0,0.0,0.0,0.0,0.0,0.0,0.0,63.32236099243164,0.0,0.0,0.0,0.0,0.0,0.0,0.0,0.0,0.0,17.83304786682129,0.0,0.0,0.0,0.0,0.0,0.0,0.0,0.0,0.0,0.0,0.0,0.0,0.0,0.0,0.0,0.0,0.0,0.0,0.0,0.0,0.0,0.0,0.0,0.0,0.0,0.0,0.0,0.0,0.0,0.0,0.0,0.0,0.0,0.0,0.0,0.0,38.47041702270508,0.0,0.0,0.0,0.0,0.0,0.0,0.0,0.0,19.949304580688477,0.0,0.0,0.0,0.0,0.0,0.0,0.0,0.0,0.0,0.0,0.0,0.0,0.0,0.0,0.0,0.0,0.0,0.0,0.0,23.84255599975586,0.0,0.0,0.0,0.0,0.0,0.0,0.0,0.0,0.0,0.0,0.0,0.0,0.0,0.0,0.0,0.0,0.0,0.0,0.0,0.0,0.0,0.0,0.0,0.0,0.0,0.0,0.0,0.0,0.0,0.0,0.0,0.0,0.0,0.0,0.0,0.0,23.82099151611328,0.0,0.0,0.0,0.0,0.0,0.0,0.0,0.0,0.0,0.0,0.0,0.0,0.0,0.0,0.0,0.0,0.0,0.0,0.0,0.0,3.364839553833008,0.0,0.0,0.0,0.0,0.0,0.0,0.0,0.0,0.0,0.0,0.0,0.0,0.0,0.0,0.0,0.0,0.0,0.0,0.0,0.0,0.0,0.0,0.0,0.0,0.0,0.0,0.0,0.0,0.0,0.0,0.0,0.0,0.0,0.0,70.29854583740234,0.0,0.0,0.0,0.0,0.0,0.0,0.0,0.0,0.0,0.0,0.0,0.0,0.0,0.0,0.0,0.0,0.0,0.0,0.0,0.0,0.0,0.0,0.0,0.0,0.0,0.0,0.0,0.0,0.0,0.0,0.0,0.0,0.0,0.0,0.0,0.0,0.0,0.0,0.0,0.0,0.0,0.0,0.0,0.0,0.0,0.0,0.0,0.0,0.0,0.0,0.0,0.0,0.0,0.0,0.0,0.0,0.0,0.0,34.584388732910156,0.0,0.0,0.0,0.0,0.0,0.0,0.0,0.0,0.0,0.0,0.0,0.0,0.0,0.0,0.0,0.0,0.0,0.0,0.0,0.0,0.0,0.0,0.0,0.0,0.0,0.0,77.57176971435547,0.0,0.0,0.0,0.0,0.0,0.0,0.0,0.0,0.0,0.0,0.0,0.0,0.0,0.0,0.0,0.0,0.0,0.0,0.0,0.0,0.0,0.0,0.0,0.0,0.0,0.0,0.0,0.0,68.4019546508789,0.0,0.0,0.0,0.0,0.0,3.3147544860839844,0.0,0.0,0.0,0.0,0.0,0.0,0.0,0.0,0.0,0.0,0.0,9.288124084472656,0.0,0.0,0.0,0.0,0.0,0.0,5.173145294189453,0.0,0.0,0.0,0.0,0.0,0.0,0.0,0.0,0.0,0.0,0.0,18.617734909057617,0.0,0.0,0.0,0.0,0.0,0.0,0.0,0.0,0.0,37.83766174316406,0.0,0.0,31.134984970092773,0.0,0.0,0.0,0.0,0.0,0.0,0.0,0.0,0.0,0.0,0.0,0.0,0.0,0.0,0.0,0.0,0.0,0.0,0.0,0.0,0.0,0.0,18.28399658203125,0.0,0.0,0.0,0.0,0.0,0.0,0.0,0.0,0.0,0.0,0.0,0.0,0.0,0.0,0.0,0.0,0.0,0.0,0.0,0.0,0.0,0.0,0.0,0.0,0.0,0.0,0.0,0.0,0.0,0.0,0.0,0.0,0.0,0.0,0.0,0.0,0.0,0.0,0.0,0.0,0.0,0.0,0.0,0.0,0.0,0.0,0.0,0.0,0.0,0.0,0.0,0.0,0.0,0.0,0.0,0.0,0.0,0.0,0.0,0.0,0.0,0.0,0.0,0.0,0.0,0.0,0.0,0.0,0.0,0.0,0.0,0.0,0.0,0.0,0.0,0.0,0.0,0.0,0.0,0.0,0.0,0.0,0.0,0.0,0.0,0.0,0.0,0.0,0.0,0.0,0.0,0.0,0.0,0.0,0.0,0.0,0.0,0.0,0.0,0.0,0.0,0.0,0.0,0.0,0.0,0.0,0.0,0.0,0.0,0.0,0.0,0.0,0.0,0.0,0.0,0.0,0.0,0.0,0.0,21.312847137451172,0.0,0.0,0.0,0.0,0.0,0.0,0.0,0.0,0.0,0.0,0.0,0.0,0.0,0.0,0.0,0.0,0.0,0.0,0.0,0.0,0.0,0.0,0.0,0.0,0.0,0.0,0.0,0.0,0.0,0.0,0.0,0.0,0.0,0.0,56.59004592895508,0.0,0.0,0.0,0.0,0.0,0.0,0.0,0.0,0.0,26.836994171142578,0.0,0.0,0.0,0.0,0.0,0.0,0.0,0.0,0.0,0.0,0.0,0.0,0.0,0.0,0.0,0.0,0.0,0.0,0.0,0.0,0.0,0.0,0.0,0.0,0.0,0.0,0.0,0.0,0.0,0.0,0.0,0.0,0.0,0.0,0.0,0.0,0.0,0.0,0.0,0.0,0.0,0.0,0.0,0.0,0.0,7.748744964599609,0.0,0.0,0.0,0.0,0.0,0.0,0.0,24.12450408935547,0.0,0.0,0.0,0.0,0.0,0.0,0.0,0.0,0.0,0.0,0.0,0.0,0.0,25.5369815826416,0.0,0.0,0.0,0.0,0.0,0.0,0.0,0.0,0.0,0.0,0.0,0.0,0.0,0.0,0.0,0.0,0.0,0.0,0.0,0.0,0.0,0.0,0.0,0.0,0.0,0.0,0.0,0.0,0.0,0.0,0.0,0.0,0.0,0.0,8.339932441711426,0.0,34.02304458618164,0.0,0.0,0.0,0.0,0.0,0.0,0.0,0.0,0.0,0.0,0.0,0.0,0.0,0.0,0.0,0.0,0.0,0.0,0.0,0.0,0.0,0.0,0.0,0.0,0.0,0.0,0.0,0.0,0.0,0.0,0.0,0.0,0.0,0.0,0.0,0.0,0.0,0.0,0.0,0.0,0.0,0.0,0.0,0.0,0.0,0.0,0.0,0.0,0.0,0.0,0.0,0.0,0.0,63.37928009033203,0.0,0.0,0.0,0.0,0.0,0.0,0.0,0.0,0.0,0.0,0.0,0.0,0.0,0.0,0.0,0.0,0.0,0.0,0.0,0.0,0.0,0.0,0.0,0.0,0.0,0.0,0.0,0.0,0.0,0.0,3.3039557933807373,0.0,0.0,0.0,0.0,0.0,0.0,0.0,0.0,0.0,0.0,0.0,0.0,0.0,0.0,0.0,0.0,0.0,0.0,0.0,0.0,0.0,0.0,0.0,0.0,0.0,0.0,0.0,2.274291515350342,0.0,0.0,0.0,0.0,0.0,0.0,0.0,0.0,0.0,0.0,0.0,0.0,0.0,0.0,0.0,0.0,0.0,0.0,0.0,0.0,0.0,0.0,0.0,0.0,0.0,0.0,27.002077102661133,0.0,0.0,0.0,0.0,0.0,23.810550689697266,0.0,0.0,0.0,0.0,0.0,0.0,0.0,0.0,0.0,0.0,0.0,0.0,0.0,0.0,0.0,0.0,0.0,0.0,0.0,0.0,0.0,0.0,50.96257781982422,0.0,0.0,0.0,0.0,0.0,0.0,0.0,0.0,0.0,0.0,0.0,0.0,0.0,0.0,0.0,0.0,0.0,0.0,0.0,0.0,0.0,0.0,0.0,0.0,0.0,0.0,0.0,0.0,0.0,0.0,0.0,0.0,0.0,0.0,0.0,0.0,0.0,0.0,0.0,0.0,0.0,0.0,0.0,0.0,0.0,0.0,0.0,0.0,0.0,44.820030212402344,0.0,0.0,0.0,0.0,0.0,0.0,0.0,0.0,0.0,0.0,0.0,0.0,0.0,0.0,0.0,0.0,0.0,0.0,0.0,0.0,0.0,0.0,36.551822662353516,0.0,0.0,0.0,0.0,0.0,0.0,0.0,0.0,0.0,0.0,0.0,0.0,0.0,0.0,0.0,22.36802101135254,0.0,0.0,0.0,0.0,0.0,0.0,0.0,0.0,0.0,0.0,0.0,0.0,0.0,0.0,0.0,0.0,0.0,0.0,0.0,0.0,0.0,0.0,0.0,0.0,0.0,0.0,0.0,0.0,0.0,0.0,0.0,0.0,0.0,0.0,0.0,0.0,0.0,4.031430244445801,0.0,0.0,0.0,0.0,17.987281799316406,0.0,0.0,0.0,0.0,0.0,0.0,0.0,0.0,0.0,0.0,0.0,0.0,0.0,0.0,0.0,0.0,0.0,0.0,0.0,0.0,0.0,0.0,0.0,0.0,0.0,0.0,0.0,0.0,0.0,0.0,0.0,0.0,0.0,0.0,0.0,0.0,0.0,0.0,0.0,0.0,0.0,0.0,0.0,0.0,0.0,0.0,0.0,0.0,0.0,0.0,0.0,0.0,0.0,0.0,0.0,0.0,0.0,0.0,0.0,0.0,2.5172266960144043,0.0,0.0,0.0,0.0,0.0,0.0,0.0,0.2382054328918457,0.0,0.0,0.0,0.0,0.0,0.0,0.0,0.0,0.0,0.0,0.0,0.0,0.0,0.0,0.0,0.0,0.0,0.0,0.0,0.0,0.0,0.0,0.0,0.0,0.0,0.0,48.793148040771484,0.0,0.0,0.0,0.0,0.0,0.0,0.0,0.0,0.0,34.1115837097168,0.0,0.0,0.0,0.0,0.0,0.0,0.0,0.0,0.0,0.0,0.0,0.0,0.0,0.0,0.0,0.0,0.0,0.0,0.0,0.0,0.0,0.0,0.0,0.0,0.0,0.0,0.0,0.0,0.0,0.0,0.0,0.0,0.0,0.0,0.0,0.0,0.0,0.0,0.0,0.0,0.0,0.0,0.0,0.0,0.0,16.297412872314453,0.0,0.0,0.0,0.0,0.0,0.0,0.0,42.968692779541016,0.0,0.0,0.0,0.0,0.0,0.0,0.0,0.0,0.0,0.0,0.0,0.0,0.0,23.600934982299805,0.0,0.0,0.0,0.0,0.0,0.0,0.0,0.0,0.0,0.0,0.0,0.0,0.0,0.0,0.0,0.0,0.0,0.0,0.0,0.0,0.0,0.0,0.0,0.0,0.0,0.0,0.0,0.0,0.0,0.0,0.0,0.0,0.0,0.0,0.0,0.0,62.1243896484375,0.0,0.0,0.0,0.0,0.0,0.0,0.0,0.0,0.0,0.0,0.0,0.0,0.0,0.0,0.0,0.0,0.0,0.0,0.0,0.0,0.0,0.0,0.0,0.0,0.0,0.0,0.0,0.0,0.0,0.0,0.0,0.0,0.0,0.0,0.0,0.0,0.0,0.0,0.0,0.0,0.0,0.0,0.0,0.0,0.0,0.0,0.0,0.0,0.0,0.0,0.0,2.6151044368743896,0.0,3.7554447650909424,0.0,0.0,0.0,0.0,0.0,0.0,0.0,0.0,0.0,0.0,0.0,0.0,0.0,0.0,0.0,0.0,0.0,0.0,0.0,0.0,0.0,0.0,0.0,0.0,0.0,0.0,0.0,0.0,8.305176734924316,0.0,0.0,0.0,0.0,0.0,0.0,0.0,0.0,0.0,0.0,0.0,0.0,0.0,0.0,0.0,0.0,0.0,0.0,0.0,0.0,0.0,0.0,0.0,0.0,0.0,0.0,0.0,0.0,0.0,0.0,0.0,0.0,0.0,0.0,0.0,0.0,0.0,0.0,0.0,0.0,0.0,0.0,0.0,0.0,0.0,0.0,0.0,0.0,0.0,0.0,0.0,0.0,0.0,0.0,0.0,0.0,5.8366379737854,0.0,0.0,0.0,0.0,0.0,29.7990665435791,0.0,0.0,0.0,0.0,0.0,0.0,0.0,0.0,0.0,0.0,0.0,0.0,0.0,0.0,0.0,0.0,0.0,0.0,0.0,0.0,0.0,0.0,45.207489013671875,0.0,0.0,0.0,0.0,0.0,0.0,0.0,0.0,0.0,0.0,0.0,0.0,0.0,0.0,0.0,0.0,0.0,0.0,0.0,0.0,0.0,0.0,0.0,0.0,0.0,0.0,0.0,0.0,0.0,0.0,0.0,0.0,0.0,0.0,26.219635009765625,0.0,0.0,0.0,0.0,0.0,0.0,0.0,0.0,0.0,0.0,0.0,0.0,0.0,0.0,50.755287170410156,0.0,0.0,0.0,0.0,0.0,0.0,0.0,0.0,0.0,0.0,0.0,0.0,0.0,0.0,0.0,0.0,0.0,0.0,0.0,0.0,0.0,0.0,35.254573822021484,0.0,0.0,0.0,0.0,0.0,0.0,0.0,0.0,0.0,0.0,0.0,0.0,0.0,0.0,0.0,0.0,0.0,0.0,0.0,0.0,0.0,0.0,0.0,0.0,0.0,0.0,0.0,0.0,0.0,0.0,0.0,0.0,0.0,0.0,0.0,0.0,0.0,0.0,0.0,0.0,0.0,0.0,0.0,0.0,0.0,0.0,0.0,0.0,0.0,0.0,0.0,0.0,0.0,0.0,0.0,0.0,0.0,0.0,22.7824764251709,0.0,0.0,0.0,0.0,0.0,0.0,0.0,0.0,0.0,0.0,0.0,0.0,0.0,0.0,0.0,0.0,0.0,0.0,0.0,0.0,0.0,0.0,0.0,0.0,0.0,0.0,0.0,0.0,0.0,0.0,0.0,0.0,0.0,0.0,0.0,0.0,0.0,0.0,0.0,0.0,0.0,0.0,0.0,0.0,0.0,0.0,0.0,0.0,0.0,0.0,0.0,0.0,0.0,0.0,0.0,0.0,0.0,0.0,0.0,0.0,0.0,0.0,0.0,0.0,0.0,0.0,0.0,0.0,0.0,0.0,0.0,0.0,0.0,0.0,0.0,0.0,0.0,0.0,0.0,0.0,0.0,0.0,0.0,0.0,0.0,0.0,0.0,0.0,0.0,0.0,0.0,0.0,0.0,0.0,0.0,49.12458419799805,0.0,0.0,0.0,16.357690811157227,0.0,0.0,0.0,0.0,0.0,0.0,0.0,0.0,0.0,0.0,0.0,0.0,0.0,0.0,0.0,0.0,0.0,0.0,0.0,0.0,0.0,0.0,0.0,0.0,0.0,0.0,0.0,0.0,0.0,0.0,0.0,0.0,0.0,0.0,0.0,0.0,0.0,0.0,0.0,0.0,0.0,0.0,0.0,0.0,0.0,0.0,0.0,0.0,0.0,0.0,0.0,0.0,0.0,0.0,0.0,0.0,0.0,0.0,0.0,0.0,0.0,0.0,0.0,0.0,0.0,0.0,0.0,0.0,0.0,0.0,0.0,0.0,0.0,0.0,0.0,7.756298065185547,0.0,0.0,0.0,0.0,0.0,0.0,0.0,0.0,0.0,0.0,0.0,0.0,0.0,0.0,0.0,0.0,0.0,0.0,0.0,0.0,0.0,0.0,0.0,0.0,0.0,0.0,0.0,0.0,0.0,0.0,0.0,0.0,0.0,0.0,0.0,0.0,0.0,0.0,0.0,0.0,0.0,0.0,0.0,0.0,0.0,0.0,0.0,0.0,0.0,0.0,0.0,0.0,0.0,0.0,0.0,0.0,0.0,0.0,0.0,0.0,0.0,0.0,0.0,0.0,0.0,0.0,0.0,0.0,0.0,0.0,0.0,0.0,0.0,0.0,0.0,0.0,0.0,0.0,0.0,0.0,0.0,0.0,0.0,0.0,0.0,0.0,0.0,0.0,30.778038024902344,0.0,0.0,0.0,0.0,0.0,0.0,0.0,0.0,0.0,0.0,0.0,0.0,0.0,0.0,0.0,0.0,0.0,0.0,0.0,0.0,0.0,0.0,0.0,0.0,0.0,0.0,0.0,0.0,0.0,0.0,0.0,0.0,0.0,0.0,0.0,0.0,0.0,0.0,0.0,0.0,0.0,0.0,0.0,0.0,0.0,0.0,0.0,0.0,0.0,0.0,0.0,0.0,0.0,0.0,0.0,0.0,0.0,0.0,19.945358276367188,0.0,0.0,0.0,0.0,0.0,0.0,0.0,0.0,0.0,0.0,0.0,0.0,0.0,0.0,0.0,0.0,0.0,0.0,0.0,0.0,0.0,0.0,0.0,0.0,0.0,0.0,0.0,0.0,0.0,0.0,0.0,0.0,0.0,0.0,0.0,0.0,0.0,0.0,0.0,0.0,0.0,0.0,0.0,0.0,0.0,0.0,0.0,0.0,0.0,0.0,0.0,0.0,0.0,0.0,0.0,0.0,0.0,0.0,0.0,0.0,0.0,0.0,0.0,0.0,0.0,0.0,0.0,0.0,0.0,0.0,0.0,0.0,0.0,0.0,0.0,0.0,0.0,0.0,0.0,0.0,0.0,0.0,0.0,0.0,0.0,0.0,0.0,0.0,0.0,0.0,0.0,0.0,0.0,0.0,0.0,0.0,0.0,0.0,0.0,0.0,0.0,0.0,0.0,0.0,0.0,12.219764709472656,0.0,0.0,0.0,0.0,0.0,0.0,0.0,0.0,0.0,0.0,0.0,0.0,0.0,6.197375297546387,0.0,0.0,0.0,0.0,0.0,0.0,0.0,0.0,0.0,0.0,0.0,0.0,0.0,0.0,0.0,0.0,0.0,0.0,0.0,0.0,0.0,0.0,0.0,0.0,0.0,0.0,0.0,0.0,0.0,0.0,0.0,0.0,0.0,0.0,0.0,0.0,0.0,0.0,0.0,0.0,0.0,0.0,0.0,0.0,0.0,0.0,0.0,0.0,0.0,0.0,0.0,0.0,0.0,0.0,0.0,0.0,0.0,0.0,0.0,0.0,0.0,0.0,0.0,0.0,0.0,0.0,0.0,0.0,0.0,0.0,0.0,0.0,0.0,0.0,0.0,0.0,0.0,0.0,0.0,0.0,0.0,0.0,0.0,0.0,0.0,0.0,0.0,0.0,0.0,0.0,0.0,0.0,0.0,0.0,0.0,0.0,0.0,0.0,0.0,0.0,0.0,0.0,0.0,0.0,0.0,0.0,0.0,0.0,0.0,0.0,0.0,0.0,0.0,0.0,0.0,0.0,0.0,0.0,0.0,0.0,0.0,0.0,0.0,0.0,0.0,0.0,0.0,0.0,0.0,0.0,0.0,0.0,0.0,0.0,0.0,0.0,0.0,0.0,0.0,0.0,0.0,0.0,0.0,0.0,0.0,0.0,0.0,0.0,0.0,0.0,0.0,0.0,0.0,0.0,0.0,0.0,0.0,0.0,0.0,0.0,0.0,0.0,0.0,50.94015121459961,0.0,0.0,0.0,0.0,0.0,0.0,0.0,0.0,0.0,0.0,0.0,0.0,0.0,0.0,0.0,0.0,0.0,0.0,0.0,0.0,0.0,0.0,0.0,0.0,0.0,0.0,0.0,0.0,0.0,0.0,0.0,0.0,0.0,0.0,0.0,0.0,0.0,0.0,0.0,0.0,0.0,0.0,0.0,0.0,0.0,0.0,0.0,0.0,0.0,0.0,0.0,0.0,0.0,0.0,0.0,0.0,0.0,0.0,0.0,0.0,0.0,0.0,0.0,0.0,0.0,0.0,0.0,0.0,0.0,0.0,0.0,0.0,0.0,0.0,0.0,0.0,0.0,0.0,0.0,6.342497825622559,0.0,0.0,0.0,0.0,0.0,0.0,0.0,0.0,0.0,0.0,0.0,0.0,0.0,0.0,0.0,0.0,0.0,0.0,0.0,0.0,0.0,0.0,0.0,0.0,0.0,0.0,0.0,0.0,0.0,0.0,0.0,0.0,0.0,0.0,0.0,0.0,0.0,0.0,0.0,0.0,0.0,0.0,0.0,0.0,0.0,0.0,0.0,0.0,0.0,0.0,0.0,0.0,0.0,0.0,0.0,0.0,0.0,0.0,0.0,0.0,0.0,0.0,0.0,0.0,0.0,0.0,0.0,0.0,0.0,0.0,0.0,0.0,0.0,0.0,0.0,0.0,0.0,0.0,0.0,0.0,0.0,0.0,0.0,0.0,0.0,0.0,0.0,0.0,3.8528575897216797,0.0,0.0,0.0,0.0,0.0,0.0,0.0,0.0,0.0,0.0,0.0,0.0,0.0,0.0,0.0,0.0,0.0,0.0,0.0,0.0,0.0,0.0,0.0,0.0,0.0,0.0,0.0,0.0,0.0,0.0,0.0,0.0,0.0,0.0,0.0,0.0,0.0,0.0,0.0,0.0,0.0,0.0,0.0,0.0,0.0,0.0,0.0,0.0,0.0,0.0,0.0,0.0,0.0,0.0,0.0,0.0,0.0,0.0,26.32848358154297,0.0,0.0,0.0,0.0,0.0,0.0,0.0,0.0,0.0,0.0,0.0,0.0,0.0,0.0,0.0,0.0,0.0,0.0,0.0,0.0,0.0,0.0,0.0,0.0,0.0,0.0,0.0,0.0,0.0,0.0,0.0,0.0,0.0,0.0,0.0,0.0,0.0,0.0,0.0,0.0,0.0,0.0,0.0,0.0,0.0,0.0,0.0,0.0,0.0,0.0,0.0,0.0,0.0,0.0,0.0,0.0,0.0,0.0,0.0,0.0,0.0,0.0,0.0,0.0,0.0,0.0,0.0,0.0,0.0,0.0,0.0,0.0,0.0,0.0,0.0,0.0,0.0,0.0,0.0,0.0,0.0,0.0,0.0,0.0,0.0,0.0,0.0,0.0,0.0,0.0,0.0,0.0,0.0,0.0,0.0,0.0,0.0,0.0,0.0,0.0,0.0,0.0,0.0,0.0,0.0,10.517038345336914,0.0,0.0,0.0,0.0,0.0,0.0,0.0,0.0,0.0,0.0,0.0,0.0,0.0,2.6491189002990723,0.0,0.0,0.0,0.0,0.0,0.0,0.0,0.0,3.259220600128174,0.0,0.0,0.0,0.0,0.0,0.0,0.0,0.0,0.0,0.0,0.0,0.0,0.0,0.0,0.0,0.0,0.0,0.0,0.0,0.0,0.0,0.0,0.0,0.0,0.0,0.0,0.0,0.0,0.0,0.0,0.0,0.0,0.0,0.0,0.0,0.0,0.0,0.0,0.0,0.0,0.0,0.0,0.0,0.0,0.0,0.0,0.0,0.0,0.0,11.6591157913208,0.0,0.0,0.0,0.0,0.0,0.0,0.0,0.0,0.0,0.0,0.0,0.0,0.0,0.0,0.0,0.0,0.0,0.0,0.0,0.0,0.0,0.0,0.0,0.0,0.0,0.0,0.0,0.0,0.0,0.0,0.0,0.0,0.0,0.0,0.0,0.0,0.0,0.0,0.0,0.0,0.0,0.0,0.0,0.0,0.0,0.0,0.0,0.0,0.0,0.0,0.0,0.0,0.0,0.0,0.0,0.0,0.0,0.0,0.0,0.0,0.0,0.0,0.0,0.0,0.0,0.0,0.0,0.0,0.0,0.0,0.0,0.0,0.0,0.0,0.0,0.0,0.0,0.0,0.0,0.0,0.0,0.0,0.0,0.0,0.0,0.0,0.0,0.0,0.0,0.0,0.0,0.0,0.0,0.0,0.0,0.0,0.0,0.0,0.0,0.0,0.0,0.0,0.0,0.0,5.8593363761901855,0.0,0.0,0.0,0.0,0.0,0.0,0.0,0.0,0.0,0.0,0.0,0.0,0.0,0.0,0.0,0.0,0.0,0.0,0.0,0.0,0.0,0.0,0.0,0.0,0.0,0.0,0.0,0.0,0.0,0.0,0.0,0.0,0.0,0.0,0.0,0.0,0.0,0.0,0.0,0.0,0.0,0.0,0.0,0.0,0.0,0.0,0.0,0.0,0.0,0.0,0.0,0.0,0.0,0.0,0.0,0.0,0.0,0.0,4.328183650970459,0.0,0.0,0.0,0.0,0.0,0.0,0.0,0.0,15.336546897888184,0.0,0.0,0.0,0.0,0.0,0.0,0.0,0.0,0.0,0.0,0.0,0.0,0.0,0.0,0.0,0.0,0.0,0.0,0.0,0.0,0.0,0.0,0.0,0.0,0.0,0.0,0.0,0.0,0.0,0.0,0.0,0.0,0.0,0.0,0.0,0.0,0.0,0.0,0.0,0.0,0.0,0.0,0.0,0.0,5.920582294464111,0.0,0.0,0.0,0.0,0.0,0.0,7.0005879402160645,0.0,0.0,0.0,0.0,0.0,0.0,0.0,0.0,0.0,0.0,0.0,0.0,0.0,0.0,0.0,0.0,0.0,0.0,0.0,0.0,0.0,0.0,0.0,0.0,0.0,0.0,0.0,0.0,0.0,0.0,0.0,0.0,0.0,0.0,0.0,0.0,0.0,0.0,0.0,0.0,0.0,0.0,0.0,0.0,0.0,0.0,0.0,0.0,0.0,0.0,0.0,0.0,0.0,0.0,0.0,0.0,0.0,0.0,0.0,0.0,0.0,0.0,0.0,0.0,0.0,0.0,0.0,0.0,0.0,0.0,0.0,0.0,0.0,0.0,0.0,0.0,0.0,0.0,0.0,0.0,0.0,0.0,0.0,0.0,0.0,0.0,0.0,0.0,0.0,0.0,0.0,0.0,0.0,0.0,0.0,0.0,0.0,0.0,0.0,0.0,0.0,0.0,0.0,0.0,0.0,0.0,0.0,0.0,0.0,0.0,0.0,0.0,0.0,0.0,0.0,0.0,0.0,0.0,0.0,0.0,0.0,0.0,0.0,0.0,0.0,0.0,0.0,0.0,0.0,0.0,0.0,0.0,0.0,0.0,0.0,0.0,0.0,0.0,0.0,0.0,0.0,0.0,0.0,0.0,0.0,0.0,0.0,0.0,0.0,0.0,0.0,0.0,0.0,0.0,0.0,0.0,0.0,0.0,0.0,0.0,6.4262847900390625,0.0,0.0,23.350830078125,0.0,0.0,0.0,0.0,16.709537506103516,0.0,0.0,0.0,0.0,0.0,0.0,0.0,0.0,0.0,0.0,0.0,0.0,0.0,0.0,0.0,0.0,0.0,0.0,0.0,0.0,0.0,0.0,0.0,0.0,0.0,0.0,0.0,0.0,0.0,0.0,0.0,0.0,0.0,0.0,0.0,0.0,0.0,0.0,0.0,0.0,0.0,0.0,0.0,0.0,11.91797924041748,0.0,0.0,0.0,0.0,0.0,0.0,0.0,0.0,0.0,0.0,0.0,0.0,0.0,0.0,0.0,0.0,0.0,0.0,0.0,0.0,0.0,0.0,15.839133262634277,1.203305959701538,0.0,0.0,0.0,0.0,0.0,0.0,0.0,0.0,0.0,0.0,0.0,0.0,0.0,0.0,0.0,0.0,0.0,0.0,0.0,0.0,0.0,0.0,11.407670021057129,0.0,0.0,0.0,0.0,0.0,0.0,0.0,0.0,0.0,0.0,0.0,0.0,0.0,0.0,0.0,0.0,0.0,0.0,0.0,0.0,0.0,0.0,0.0,0.0,0.0,0.0,0.0,0.0,0.0,0.0,0.0,0.0,0.0,0.0,0.0,0.0,0.0,0.0,0.0,0.0,0.0,0.0,0.0,0.0,0.0,0.0,0.0,0.0,0.0,0.0,0.0,0.0,0.0,0.0,0.0,0.0,0.0,0.0,0.0,0.0,0.0,0.0,0.0,0.0,0.0,0.0,0.0,0.0,0.0,0.0,17.69033432006836,0.0,0.0,0.0,0.0,10.31900691986084,0.0,0.0,0.0,0.0,0.0,0.0,0.0,0.0,0.0,0.0,0.0,0.0,0.0,0.0,0.0,0.0,0.0,0.0,0.0,0.0,0.0,0.0,0.0,0.0,0.0,0.0,0.0,0.0,0.0,0.0,0.0,0.0,0.0,0.0,0.0,0.0,0.0,0.0,0.0,0.0,0.0,0.0,0.0,0.0,0.0,0.0,0.0,0.0,0.0,0.0,0.0,0.0,0.0,0.0,17.225637435913086,0.0,0.0,0.0,0.0,0.0,0.0,0.0,0.0,0.0,0.0,0.0,0.0,0.0,0.0,0.0,0.0,0.0,0.0,0.0,0.0,0.0,0.0,0.0,0.0,0.0,0.0,0.0,0.0,0.0,0.0,0.0,0.0,0.0,0.0,0.0,0.0,0.0,0.0,0.0,0.0,0.0,0.0,0.0,0.0,0.0,0.0,0.0,0.0,0.0,0.0,0.0,0.0,0.0,0.0,0.0,0.0,0.0,0.0,0.0,0.0,0.0,0.0,0.0,0.0,0.0,0.0,0.0,12.4561767578125,0.0,0.0,0.0,0.0,0.0,0.0,0.0,0.0,0.0,0.0,0.0,0.0,0.0,0.0,0.0,0.0,0.0,0.0,0.0,0.0,0.0,0.0,0.0,0.0,0.0,0.0,0.0,0.0,0.0,0.0,0.0,0.0,0.0,0.0,0.0,0.0,0.0,0.0,0.0,0.0,0.0,0.0,0.0,0.0,0.0,0.0,0.0,0.0,0.0,0.0,0.0,0.0,0.0,0.0,0.0,0.0,0.0,0.0,0.0,0.0,0.0,0.0,0.0,0.0,0.0,0.0,0.0,0.0,0.0,0.0,0.0,0.0,0.0,0.0,0.0,0.0,0.0,0.0,0.0,0.0,0.0,0.0,0.0,0.0,0.0,0.0,0.6270110011100769,0.0,0.0,0.0,0.0,0.0,0.0,12.721705436706543,0.0,0.0,0.0,0.0,0.0,0.0,22.001461029052734,0.0,0.0,0.0,0.0,0.0,0.0,0.0,0.0,0.0,0.0,0.0,0.0,0.0,0.0,0.0,0.0,0.0,0.0,0.0,0.0,0.0,0.0,0.0,0.0,0.0,0.0,0.0,0.0,0.0,0.0,0.0,0.0,0.0,0.0,0.0,0.0,0.0,0.0,0.0,0.0,0.0,1.7638895511627197,0.0,0.0,0.0,0.0,0.0,0.0,0.0,0.0,0.0,0.0,11.809340476989746,0.0,0.0,0.0,0.0,0.0,2.657637596130371,0.0,0.0,32.19301986694336,0.0,0.0,0.0,0.0,0.0,0.0,21.69474220275879,0.0,0.0,0.0,0.0,0.0,0.0,0.0,0.0,0.0,0.0,0.0,0.0,0.0,0.0,0.0,0.0,0.0,0.0,0.0,0.0,0.0,0.0,0.0,0.0,0.0,0.0,0.0,0.0,0.0,0.0,0.0,0.0,0.0,0.0,0.0,0.0,0.0,0.0,0.0,0.0,0.0,0.0,0.0,1.60616135597229,0.0,13.939961433410645,0.0,0.0,0.0,0.0,0.0,0.0,0.0,0.0,0.0,0.0,0.0,0.0,0.0,0.0,0.0,0.0,0.0,0.0,0.0,0.0,0.0,0.0,0.0,0.0,0.0,0.0,0.0,0.0,0.0,0.0,0.0,0.0,0.0,0.0,0.0,0.0,0.0,0.0,0.0,0.0,0.0,0.0,0.0,0.0,0.0,0.0,0.0,0.0,0.0,16.557771682739258,0.0,0.0,0.0,0.0,0.0,0.0,0.0,0.0,0.0,0.0,0.0,0.0,0.0,0.0,0.0,0.0,0.0,0.0,0.0,0.0,0.0,0.0,0.0,0.0,0.0,0.0,0.0,0.0,0.0,0.0,0.0,0.0,0.0,0.0,0.0,0.0,0.0,0.0,0.0,0.0,0.0,0.0,0.0,0.0,0.0,0.0,0.0,0.0,0.0,0.0,0.0,0.0,0.0,0.0,0.0,0.0,0.0,0.0,0.0,0.0,0.0,0.0,0.0,0.0,0.0,0.0,0.0,0.0,0.0,0.0,0.0,0.0,0.0,0.0,0.0,0.0,0.0,0.0,0.0,0.0,0.0,0.0,0.0,0.0,0.0,0.0,0.0,0.0,0.0,0.0,0.0,0.0,0.0,0.0,0.0,0.0,0.0,0.0,0.0,0.0,0.0,0.0,0.0,0.0,0.0,0.0,0.0,0.0,0.0,0.0,0.0,0.0,0.0,0.0,0.0,0.0,0.0,0.0,0.0,0.0,0.0,0.0,0.0,0.0,0.0,0.0,0.0,0.0,0.0,0.0,0.0,0.0,0.0,0.0,0.0,0.0,0.0,0.0,0.0,0.0,0.0,0.0,0.0,0.0,0.0,0.0,0.0,0.0,0.0,0.0,0.0,0.0,0.0,0.0,0.0,0.0,0.0,0.0,0.0,0.0,0.0,0.0,0.0,0.0,0.0,0.0,0.0,0.0,0.0,0.0,0.0,0.0,0.0,0.0,0.0,0.0,0.0,23.2495059967041,0.0,0.0,0.0,0.0,0.0,0.0,0.0,0.0,0.0,0.0,0.0,0.0,0.0,0.0,0.0,0.0,0.0,0.0,0.0,0.0,0.0,0.0,0.0,0.0,0.0,0.0,0.0,0.0,0.0,0.0,0.0,0.0,0.0,0.0,0.0,0.0,0.0,0.0,0.0,0.0,0.0,0.0,0.0,0.0,0.0,0.0,0.0,0.0,0.0,0.0,0.0,0.0,0.0,0.0,0.0,0.0,0.0,0.0,0.0,0.0,0.0,0.0,0.0,0.0,0.0,0.0,0.0,0.0,0.0,0.0,0.0,0.0,0.0,0.0,0.0,0.0,0.0,0.0,0.0,0.0,0.0,0.0,0.0,0.0,0.0,0.0,0.0,0.0,0.0,0.0,0.0,0.0,0.0,0.0,0.0,0.0,0.0,0.0,0.0,0.0,0.0,0.0,0.0,0.0,0.0,0.0,0.0,0.0,0.0,0.0,0.0,0.0,0.0,0.0,0.0,0.0,0.0,0.0,0.0,0.0,0.0,0.0,0.0,0.0,0.0,0.0,0.0,0.0,0.0,0.0,0.0,0.0,0.0,0.0,0.0,0.0,0.0,0.0,0.0,0.0,0.0,0.0,0.0,0.0,0.0,0.0,0.0,0.0,0.0,0.0,0.0,0.0,0.0,0.0,0.0,0.0,0.0,0.0,0.0,0.0,0.0,0.0,0.0,0.0,0.0,0.0,0.0,0.0,0.0,0.0,0.0,0.0,0.0,0.0,0.0,0.0,0.0,0.0,0.0,0.0,0.0,0.0,0.0,0.0,0.0,0.0,0.0,0.0,0.0,0.0,0.0,0.0,0.0,0.0,0.0,0.0,0.0,0.0,0.0,0.0,0.0,0.0,0.0,0.0,0.0,0.0,0.0,0.0,0.0,0.0,0.0,0.0,0.0,0.0,0.0,0.0,0.0,0.0,0.0,0.0,0.0,0.0,0.0,0.0,0.0,0.0,0.0,0.0,0.0,0.0,0.0,0.0,0.0,0.0,0.0,0.0,0.0,0.0,0.0,0.0,0.0,0.0,0.0,0.0,0.0,0.0,0.0,0.0,0.0,0.0,0.0,0.0,0.0,0.0,0.0,0.0,0.0,0.0,0.0,0.0,0.0,0.0,0.0,0.0,0.0,0.0,0.0,0.0,0.0,0.0,0.0,0.0,0.0,0.0,0.0,0.0,0.0,0.0,0.0,0.0,0.0,0.0,0.0,12.813432693481445,0.0,0.0,0.0,0.0,0.0,0.0,0.0,0.0,0.0,0.0,0.0,0.0,0.0,0.0,0.0,0.0,0.0,0.0,0.0,0.0,0.0,0.0,0.0,0.0,0.0,0.0,0.0,0.0,0.0,0.0,0.0,0.0,0.0,0.0,0.0,0.0,0.0,0.0,0.0,0.0,0.0,0.0,0.0,0.0,0.0,0.0,0.0,0.0,0.0,15.86498737335205,0.0,0.0,0.0,0.0,0.0,0.0,0.0,0.0,0.0,0.0,0.0,0.0,0.0,0.0,0.0,0.0,0.0,0.0,0.0,0.0,0.0,0.0,0.0,0.0,0.0,0.0,0.0,0.0,0.0,0.0,0.0,0.0,0.0,0.0,0.0,0.0,0.0,0.0,0.0,0.0,0.0,0.0,0.0,0.0,0.0,0.0,0.0,0.0,0.0,0.0,0.0,0.0,0.0,0.0,0.0,0.0,0.0,0.0,0.0,0.0,0.0,0.0,0.0,0.0,0.0,0.0,0.0,0.0,0.0,0.0,0.0,0.0,0.0,0.0,0.0,0.0,0.0,0.0,0.0,0.0,0.0,0.0,0.0,0.0,0.0,0.0,0.0,0.0,0.0,0.0,0.0,0.0,0.0,0.0,0.0,0.0,0.0,0.0,0.0,0.0,0.0,0.0,0.0,0.0,0.0,0.0,0.0,0.0,0.0,0.0,0.0,0.0,0.0,0.0,0.0,0.0,0.0,0.0,0.0,0.0,0.0,0.0,0.0,0.0,0.0,0.0,0.0,0.0,0.0,0.0,0.0,0.0,0.0,0.0,0.0,0.0,0.0,0.0,0.0,0.0,0.0,0.0,0.0,0.0,0.0,0.0,0.0,0.0,0.0,0.0,0.0,0.0,0.0,0.0,0.0,0.0,0.0,0.0,0.0,0.0,0.0,0.0,0.0,0.0,0.0,0.0,0.0,0.0,0.0,0.0,0.0,0.0,0.0,0.0,0.0,0.0,0.0,37.343650817871094,0.0,0.0,0.0,0.0,0.0,0.0,0.0,0.0,0.0,0.0,0.0,0.0,0.0,0.0,0.0,0.0,0.0,0.0,0.0,0.0,0.0,0.0,0.0,0.0,0.0,0.0,0.0,0.0,0.0,0.0,0.0,0.0,0.0,0.0,0.0,0.0,0.0,0.0,0.0,0.0,0.0,0.0,0.0,0.0,0.0,0.0,0.0,0.0,0.0,0.0,0.0,0.0,0.0,0.0,0.0,0.0,0.0,0.0,0.0,0.0,0.0,0.0,0.0,4.3449273109436035,0.0,0.0,0.0,0.0,0.0,0.0,0.0,0.0,0.0,0.0,0.0,0.0,0.0,0.0,0.0,0.0,0.0,0.0,0.0,0.0,0.0,0.0,0.0,0.0,0.0,0.0,0.0,0.0,0.0,0.0,0.0,0.0,0.0,0.0,0.0,0.0,0.0,0.0,0.0,0.0,0.0,0.0,0.0,0.0,0.0,0.0,0.0,0.0,0.0,0.0,6.391351222991943,0.0,0.0,0.0,0.0,0.0,0.0,0.0,0.0,0.0,0.0,0.0,0.0,0.0,0.0,0.0,0.0,0.0,0.0,0.0,0.0,0.0,0.0,0.0,0.0,0.0,0.0,0.0,0.0,0.0,0.0,0.0,0.0,0.0,0.0,0.0,0.0,0.0,0.0,0.0,0.0,0.0,0.0,0.0,0.0,0.0,0.0,0.0,0.0,0.0,0.0,0.0,0.0,0.0,4.067583084106445,0.0,0.0,0.0,0.0,0.0,0.0,0.0,0.0,0.0,0.0,0.0,0.0,0.0,0.0,0.0,0.0,0.0,0.0,0.0,0.0,0.0,0.0,0.0,0.0,0.0,0.0,0.0,0.0,0.0,0.0,0.0,0.0,0.0,0.0,0.0,0.0,0.0,0.0,0.0,0.0,0.0,0.0,0.0,0.0,0.0,0.0,0.0,0.0,0.0,0.0,0.0,0.0,0.0,0.0,0.0,0.0,0.0,0.0,48.09346389770508,0.0,0.0,0.0,0.0,0.0,0.0,0.0,0.0,0.0,0.0,0.0,0.0,0.0,0.0,0.0,0.0,0.0,0.0,0.0,0.0,0.0,0.0,0.0,0.0,0.0,0.0,0.0,0.0,0.0,0.0,0.0,0.0,10.591226577758789,0.0,0.0,0.0,0.0,0.0,0.0,0.0,0.0,0.0,0.0,0.0,0.0,0.0,0.0,0.0,0.0,0.0,0.0,0.0,0.0,0.0,0.0,24.892330169677734,0.0,0.0,0.0,0.0,8.902498245239258,0.0,0.0,0.0,0.0,0.0,0.0,0.0,0.0,0.0,0.0,0.0,0.0,0.0,0.0,0.0,0.0,0.0,0.0,0.0,0.0,0.0,0.0,0.0,0.0,0.0,0.0,0.0,0.0,0.0,0.0,0.0,0.0,0.0,0.0,0.0,0.0,0.0,0.0,0.0,0.0,0.0,0.0,0.0,0.0,53.20336151123047,0.0,0.0,0.0,0.0,0.0,0.0,0.0,0.0,0.0,0.0,0.0,0.0,0.0,0.0,0.0,0.0,0.0,0.0,0.0,0.0,0.0,0.0,7.710750102996826,0.0,0.0,0.0,0.0,0.0,0.0,0.0,0.0,0.0,0.0,0.0,0.0,0.0,0.0,0.0,0.0,0.0,0.0,0.0,0.0,0.0,0.0,0.0,0.0,0.0,0.0,0.0,0.0,0.0,0.0,0.0,0.0,0.0,0.0,0.0,0.0,0.0,0.0,0.0,0.0,0.0,0.0,0.0,0.0,0.0,0.0,0.0,0.0,0.0,0.0,0.0,0.0,0.0,0.0,0.0,0.0,0.0,0.0,0.0,0.0,0.0,0.0,0.0,0.0,0.0,0.0,0.0,0.0,0.0,0.0,0.0,0.0,0.0,0.0,0.0,0.0,0.0,0.0,0.0,0.0,0.0,0.0,0.0,0.0,0.0,0.0,0.0,0.0,0.0,0.0,0.0,0.0,0.0,0.0,0.0,0.0,0.0,0.0,0.0,0.0,0.0,0.0,0.0,0.0,0.0,0.0,0.0,0.0,0.0,0.0,0.0,0.0,0.0,0.0,0.0,0.0,0.0,0.0,0.0,0.0,0.0,0.0,0.0,0.0,0.0,0.0,0.0,0.0,0.0,0.0,0.0,0.0,0.0,0.0,0.0,0.0,0.0,0.0,0.0,0.0,0.0,0.0,0.0,0.0,0.0,0.0,0.0,0.0,0.0,0.0,0.0,0.0,0.0,0.0,26.92850112915039,0.0,0.0,0.0,0.0,0.0,0.0,0.0,0.0,0.0,0.0,0.0,0.0,0.0,0.0,0.0,0.0,0.0,0.0,0.0,0.0,0.0,0.0,0.0,0.0,0.0,0.0,0.0,0.0,0.0,0.0,0.0,0.0,0.0,0.0,0.0,0.0,0.0,0.0,0.0,0.0,0.0,0.0,0.0,0.0,0.0,0.0,0.0,0.0,0.0,0.0,0.0,0.0,0.0,0.0,0.0,32.0043830871582,0.0,0.0,0.0,0.0,0.0,0.0,0.0,27.63232421875,0.0,0.0,0.0,2.421417713165283,0.0,0.0,0.0,0.0,0.0,0.0,0.0,0.0,0.0,0.0,0.0,0.0,0.0,0.0,0.0,0.0,0.0,0.0,0.0,0.0,0.0,0.0,3.7675328254699707,0.0,0.0,0.0,0.0,0.0,0.0,0.0,0.0,0.0,0.0,0.0,0.0,0.0,0.0,0.0,10.398605346679688,0.0,0.0,0.0,0.0,0.0,0.0,0.0,24.65166664123535,0.0,0.0,0.0,0.0,0.0,0.0,0.0,0.0,0.0,0.0,0.0,0.0,0.0,0.0,0.0,0.0,0.0,0.0,0.0,0.0,0.0,0.0,0.0,0.0,0.0,0.0,0.0,0.0,0.0,0.0,0.0,0.0,0.0,0.0,0.0,0.0,0.0,0.0,0.0,0.0,0.0,0.0,0.0,0.0,0.0,0.0,0.0,0.0,0.0,0.0,0.0,0.0,0.0,23.112781524658203,0.0,0.0,0.0,0.0,0.0,0.0,0.0,0.0,0.0,0.0,0.0,0.0,0.0,0.0,0.0,8.024650573730469,0.0,0.0,0.0,0.0,0.0,0.0,0.0,0.0,0.0,0.0,0.0,0.0,0.0,0.0,0.0,0.0,0.0,0.0,0.0,0.0,0.0,4.825671672821045,0.0,0.0,0.0,0.0,0.0,0.0,0.0,0.0,0.0,0.0,0.0,0.0,0.0,0.0,0.0,0.0,0.0,0.0,0.0,0.0,63.83977508544922,0.0,0.0,0.0,0.0,0.0,0.0,0.0,0.0,0.0,0.0,0.0,0.0,0.0,0.0,0.0,0.0,0.0,0.0,0.0,0.0,0.0,0.0,0.0,0.0,0.0,0.0,0.0,0.0,0.0,0.0,0.0,0.0,15.25511360168457,0.0,0.0,0.0,0.0,0.0,0.0,0.0,0.0,0.0,0.0,0.0,0.0,0.0,0.0,0.0,0.0,0.0,0.0,0.0,0.0,4.0084123611450195,0.0,0.0,0.0,0.0,0.0,0.0,7.474883556365967,0.0,0.0,0.0,0.0,0.0,0.0,0.0,0.0,0.0,0.0,8.206354141235352,0.0,0.0,0.0,0.0,0.0,0.0,0.0,0.0,0.0,0.0,0.0,0.0,0.0,0.0,0.0,0.0,0.0,0.0,21.516420364379883,0.0,0.0,0.0,0.0,0.0,0.0,0.0,0.0,0.0,0.0,0.0,0.0,0.0,0.0,56.448402404785156,0.0,0.0,0.0,0.0,0.0,0.0,0.0,0.0,0.0,0.0,0.0,0.0,0.0,0.0,0.0,0.0,0.0,0.0,0.0,0.0,0.0,0.0,0.0,0.0,0.0,0.0,0.0,0.0,0.0,0.0,0.0,0.0,0.0,0.0,0.0,0.0,0.0,0.0,0.0,0.0,0.0,0.0,0.0,0.0,0.0,0.0,0.0,0.0,0.0,0.0,0.0,0.0,0.0,0.0,0.0,0.0,0.0,0.0,0.0,0.0,0.0,0.0,0.0,0.0,0.0,0.0,0.0,0.0,0.0,0.0,0.0,0.0,0.0,0.0,0.0,0.0,0.0,0.0,0.0,0.0,0.0,0.0,0.0,0.0,0.0,0.0,0.0,0.0,0.0,0.0,0.0,0.0,0.0,0.0,0.0,0.0,0.0,0.0,0.0,0.0,0.0,0.0,1.3471386432647705,0.0,0.0,0.0,0.0,0.0,0.0,0.0,0.0,0.0,0.0,0.0,0.0,0.0,0.0,0.0,0.0,0.0,0.0,0.0,24.491683959960938,0.0,0.0,0.0,0.0,0.0,0.0,0.0,0.0,0.0,0.0,0.0,0.0,0.0,0.0,0.0,0.0,0.0,0.0,0.0,0.0,0.0,0.0,0.0,0.0,0.0,0.0,0.0,0.0,0.0,0.0,0.0,0.0,0.0,0.0,0.0,0.0,0.0,0.0,0.0,0.0,0.0,0.0,0.0,0.0,0.0,0.0,0.0,0.0,0.0,0.0,0.0,0.0,0.0,0.0,19.95499038696289,0.0,0.0,0.0,0.0,0.0,0.0,0.0,0.0,0.0,0.0,0.0,0.0,0.0,0.0,0.0,0.0,0.0,0.0,0.0,0.0,0.0,0.0,0.0,0.0,0.0,0.0,0.0,0.0,0.0,0.0,0.0,0.0,0.0,0.0,0.0,0.0,0.0,0.0,0.0,0.0,0.0,0.0,0.0,0.0,0.0,0.0,0.0,0.0,0.0,0.0,0.0,0.0,0.0,0.0,0.0,6.834199905395508,0.0,0.0,0.0,0.0,0.0,0.0,0.0,0.0,0.0,0.0,0.0,0.09728963673114777,0.0,0.0,0.0,0.0,0.0,0.0,0.0,0.0,0.0,0.0,0.0,0.0,0.0,0.0,0.0,0.0,0.0,0.0,0.0,0.0,0.0,0.0,6.721454620361328,0.0,0.0,0.0,0.0,0.0,0.0,0.0,0.0,0.0,0.0,0.0,0.0,0.0,0.0,0.0,0.0,0.0,0.0,0.0,0.0,0.0,0.0,0.0,0.0,0.0,0.0,0.0,0.0,0.0,0.0,0.0,0.0,0.0,0.0,0.0,0.0,0.0,0.0,0.0,0.0,0.0,0.0,0.0,0.0,0.0,0.0,0.0,0.0,0.0,0.0,0.0,0.0,0.0,0.0,0.0,0.0,0.0,0.0,0.0,0.0,0.0,0.0,0.0,0.0,0.0,0.0,0.0,0.0,0.0,0.0,0.0,0.0,0.0,0.0,0.0,0.0,0.0,15.206183433532715,0.0,0.0,0.0,0.0,0.0,0.0,0.0,0.0,0.0,0.0,0.0,0.0,0.0,0.0,0.0,0.0,0.0,0.0,0.0,0.0,0.0,0.0,0.0,0.0,0.0,0.0,0.0,0.0,0.0,0.0,0.0,0.0,0.0,0.0,0.0,0.0,0.0,0.0,0.0,0.0,0.0,0.0,0.0,0.0,0.0,0.0,0.0,0.0,0.0,0.0,0.0,0.0,0.0,0.0,0.0,0.0,0.0,0.0,54.38039016723633,0.0,0.0,0.0,0.0,0.0,0.0,0.0,0.0,0.0,0.0,0.0,0.0,0.0,0.0,0.0,0.0,0.0,0.0,0.0,0.0,0.0,0.0,0.0,0.0,0.0,0.0,0.0,0.0,0.0,0.0,0.0,0.0,0.0,0.0,0.0,0.0,0.0,0.0,0.0,0.0,0.0,0.0,0.0,0.0,0.0,0.0,0.0,0.0,0.0,0.0,0.0,0.0,25.798118591308594,0.0,0.0,2.3487136363983154,0.0,0.0,0.0,0.0,11.21273422241211,0.0,0.0,0.0,0.0,0.0,0.0,0.0,0.0,0.0,0.0,0.0,0.0,0.0,0.0,0.0,0.0,0.0,0.0,0.0,0.0,0.0,0.0,0.0,0.0,0.0,0.0,0.0,0.0,0.0,0.0,0.0,0.0,0.0,0.0,0.0,0.0,0.0,0.0,0.0,0.0,0.0,0.0,0.0,0.0,0.0,0.0,0.0,0.0,0.0,0.0,0.0,0.0,0.0,0.0,0.0,0.0,0.0,0.0,2.5409703254699707,0.0,0.0,0.0,0.0,0.0,0.0,0.0,0.0,0.0,0.0,0.0,0.0,0.0,0.0,0.0,0.0,0.0,0.0,0.0,0.0,0.0,0.0,0.0,0.0,0.0,0.0,0.0,0.0,0.0,0.0,0.0,0.0,0.0,0.0,0.0,0.0,0.0,0.0,0.0,0.0,0.0,0.0,0.0,0.0,0.0,0.0,0.0,0.0,0.0,0.0,0.0,0.0,0.0,0.0,0.0,0.0,0.0,0.0,0.0,0.0,0.0,0.0,0.0,0.0,0.0,0.0,0.0,0.0,0.0,0.0,0.0,0.0,0.0,0.0,0.0,0.0,0.0,0.0,0.0,0.0,0.0,0.0,0.0,0.0,0.0,0.0,0.0,0.0,4.731176853179932,0.0,0.0,0.0,0.0,0.0,0.0,0.0,0.0,0.0,0.0,0.0,0.0,0.0,0.0,0.0,0.0,0.0,0.0,0.0,17.83463478088379,0.0,0.0,0.0,0.0,0.0,0.0,0.0,0.0,0.0,0.0,0.0,0.0,0.0,0.0,0.0,0.0,0.0,0.0,0.0,0.0,0.0,0.0,0.0,0.0,0.0,0.0,0.0,0.0,0.0,0.0,0.0,0.0,0.0,0.0,0.0,0.0,0.0,0.0,0.0,0.0,0.0,0.0,0.0,0.0,0.0,0.0,0.0,0.0,0.0,0.0,0.0,0.0,0.0,0.0,4.473628520965576,0.0,0.0,0.8845787048339844,0.0,0.0,0.0,0.0,0.0,0.0,0.0,0.0,0.0,0.0,0.0,0.0,0.0,0.0,0.0,0.0,0.0,0.0,0.0,0.0,0.0,0.0,0.0,0.0,0.0,0.0,0.0,0.0,0.0,0.0,0.0,0.0,0.0,0.0,0.0,0.0,0.0,0.0,0.0,0.0,0.0,0.0,0.0,0.0,0.0,0.0,0.0,0.0,0.0,0.0,0.0,0.0,0.0,0.0,0.0,0.0,0.0,0.0,0.0,0.0,0.0,0.0,0.0,0.0,11.31446647644043,0.0,0.0,0.0,0.0,0.0,0.0,0.0,0.0,0.0,0.0,0.0,0.0,0.0,0.0,0.0,0.0,0.0,0.0,0.0,0.0,0.0,0.0,0.0,0.0,0.0,0.0,0.0,0.0,0.0,0.0,0.0,0.0,0.0,0.0,0.0,0.0,0.0,0.0,0.0,0.0,0.0,0.0,0.0,0.0,23.15550994873047,0.0,0.0,0.0,0.0,0.0,0.0,0.0,0.0,0.0,0.0,0.0,0.0,0.0,0.0,0.0,0.0,0.0,0.0,0.0,0.0,0.0,0.0,0.0,0.0,0.0,0.0,0.0,0.0,0.0,0.0,0.0,0.0,0.0,0.0,0.0,0.0,0.0,0.0,0.0,0.0,0.0,0.0,0.0,0.0,0.0,0.0,0.0,0.0,0.0,0.0,0.0,0.0,0.0,0.0,0.0,0.0,0.0,0.0,0.0,0.0,0.0,0.0,0.0,0.0,0.0,0.0,0.0,0.0,0.0,0.0,0.0,0.0,0.0,0.0,0.0,0.0,0.0,0.0,0.0,0.0,0.0,0.0,0.0,0.0,0.0,0.0,0.0,0.0,0.0,2.2343506813049316,0.0,0.0,0.0,0.0,0.0,0.0,0.0,0.0,0.0,0.0,0.0,0.0,0.0,0.0,0.0,0.0,0.0,0.0,0.0,0.0,0.0,0.0,0.0,0.0,18.81390953063965,0.0,0.0,0.31432804465293884,0.0,0.0,0.0,0.0,0.0,0.0,0.0,0.0,0.0,0.0,0.0,0.0,0.0,0.0,0.0,0.0,0.0,0.0,0.0,0.0,0.0,0.0,0.0,0.0,0.0,0.0,0.0,0.0,0.0,0.0,0.0,0.0,0.0,0.0,0.0,0.0,0.0,0.0,0.0,0.0,0.0,0.0,0.0,0.0,0.0,0.0,0.0,0.0,0.0,19.29990005493164,0.0,0.0,5.106228351593018,0.0,0.0,0.0,0.0,24.863483428955078,0.0,0.0,0.0,0.0,0.0,0.0,0.0,0.0,0.0,0.0,0.0,0.0,0.0,0.0,0.0,0.0,0.0,0.0,0.0,0.0,0.0,0.0,0.0,0.0,0.0,0.0,0.0,0.0,0.0,0.0,0.0,0.0,0.0,0.0,0.0,0.0,0.0,0.0,0.0,0.0,0.0,0.0,0.0,0.0,0.0,0.0,0.0,0.0,0.0,0.0,0.0,0.0,0.0,0.0,0.0,0.0,0.0,0.0,1.7085623741149902,0.0,0.0,0.0,0.0,0.0,0.0,0.0,0.0,0.0,0.0,0.0,0.0,0.0,0.0,0.0,0.0,0.0,0.0,0.0,0.0,0.0,0.0,0.0,0.0,0.0,0.0,0.0,0.0,0.0,0.0,0.0,0.0,0.0,0.0,0.0,0.0,0.0,0.0,0.0,0.0,0.0,0.0,0.0,0.0,0.0,0.0,0.0,0.0,0.0,0.0,0.0,0.0,0.0,0.0,0.0,0.0,0.0,0.0,0.0,0.0,0.0,0.0,0.0,0.0,0.0,0.0,0.0,0.0,0.0,0.0,0.0,0.0,0.0,0.0,0.0,0.0,0.0,0.0,0.0,0.0,0.0,0.0,0.0,0.0,0.0,0.0,0.0,0.0,0.0,0.0,0.0,0.0,0.0,0.0,0.0,0.0,0.0,0.0,0.0,0.0,0.0,0.0,0.0,0.0,0.0,0.0,0.0,0.0,6.037834644317627,0.0,0.0,0.0,0.0,0.0,0.0,0.0,0.0,0.0,0.0,0.0,0.0,0.0,0.0,0.0,9.637374877929688,0.0,0.0,13.553361892700195,0.0,0.0,0.0,0.0,0.0,0.0,0.0,0.0,0.0,0.0,0.0,0.0,0.0,0.0,0.0,0.0,0.0,0.0,0.0,0.0,0.0,15.087850570678711,7.032637596130371,0.0,0.0,0.0,0.0,0.0,0.0,0.0,0.0,0.0,0.0,0.0,0.0,0.0,0.0,0.0,7.193130970001221,0.0,0.0,0.0,0.0,0.0,0.0,0.0,0.0,0.0,0.0,0.0,0.0,0.0,0.0,0.0,0.0,0.0,0.0,0.0,0.0,0.0,0.0,0.0,0.0,0.0,0.0,0.0,0.0,0.0,0.0,0.0,0.0,0.0,0.0,0.0,0.0,0.0,0.7231704592704773,0.0,0.0,0.0,0.0,0.0,0.0,0.0,0.0,0.0,0.0,0.0,0.0,0.0,0.0,0.0,0.0,0.0,2.038451671600342,0.0,0.0,0.0,0.0,0.0,0.0,0.0,0.0,16.787487030029297,0.0,0.0,0.0,0.0,0.0,0.0,0.0,0.0,0.0,0.0,0.0,0.0,0.0,0.0,0.0,0.0,0.0,0.0,0.0,0.0,0.0,0.0,6.348228454589844,0.0,0.0,0.0,0.0,0.0,0.0,0.0,0.0,0.0,0.0,5.907325744628906,0.0,0.0,0.0,0.0,0.0,0.0,0.0,0.0,0.0,0.0,30.06852912902832,0.0,0.0,0.0,0.0,0.0,0.0,10.532605171203613,0.0,0.0,0.0,0.0,0.0,0.0,0.0,0.0,0.0,0.0,0.0,0.0,0.0,0.0,0.0,0.0,0.0,0.0,0.0,0.0,0.0,0.0,0.0,0.0,0.0,0.0,0.0,0.0,0.0,0.0,0.0,0.0,0.0,0.0,0.0,0.0,0.0,0.0,0.0,0.0,0.0,2.3715555667877197,0.0,0.0,0.0,0.0,0.0,0.0,10.684603691101074,0.0,0.0,0.0,0.0,0.0,0.0,0.0,0.0,0.0,0.0,0.0,0.0,0.0,0.0,0.0,0.0,0.0,0.0,0.0,0.0,0.0,0.0,0.0,0.0,0.0,0.0,0.0,0.0,0.0,0.0,0.0,0.0,0.0,0.0,0.0,0.0,0.0,0.0,0.0,0.0,10.182183265686035,0.0,0.0,0.0,12.350752830505371,0.0,0.0,0.0,0.0,0.0,0.0,0.0,0.0,0.0,0.0,0.0,0.0,0.0,8.783733367919922,0.0,0.0,0.0,0.0,0.0,0.0,0.0,0.0,0.0,0.0,0.0,0.0,0.0,0.0,0.0,0.0,0.0,0.0,0.0,0.0,0.0,0.0,10.600407600402832,0.0,5.7376580238342285,0.0,0.0,0.0,0.0,0.0,0.0,0.0,0.0,0.0,0.0,0.0,5.833164215087891,0.0,0.0,0.0,0.0,0.0,0.0,0.0,0.0,0.0,0.0,0.0,0.0,0.0,0.0,0.0,15.538000106811523,7.474327087402344,0.0,23.6931209564209,0.0,0.0,0.0,0.0,24.57329750061035,0.0,0.0,0.0,0.0,0.0,0.0,0.0,0.0,0.0,0.0,0.0,0.0,0.0,0.0,0.0,0.0,0.0,0.0,0.0,0.0,0.0,0.0,0.0,0.0,0.0,0.0,0.0,0.0,0.0,0.0,0.0,0.0,0.0,0.0,0.0,0.0,0.0,0.0,0.0,0.0,0.0,0.0,0.0,0.0,0.09367936849594116,0.0,0.0,0.0,0.0,0.0,0.0,0.0,0.0,0.0,0.0,0.0,0.0,0.0,0.0,0.0,0.0,0.0,0.0,0.0,0.0,0.0,0.0,0.0,0.0,0.0,0.0,0.0,0.0,1.9160794019699097,0.0,0.0,0.0,0.0,0.0,0.0,0.0,5.468405246734619,0.0,0.0,0.0,0.0,0.0,0.0,0.0,0.0,0.0,0.7786123752593994,0.0,0.0,0.0,0.0,0.0,0.0,0.0,0.0,0.0,0.0,0.0,6.721113204956055,0.0,0.0,0.0,0.0,0.0,0.0,6.054373741149902,0.0,0.0,0.0,0.0,0.0,0.0,0.0,0.0,0.0,0.0,0.0,0.0,0.0,0.0,0.0,0.0,0.0,0.0,0.0,0.0,0.0,0.0,0.0,0.0,0.0,0.0,0.0,0.0,0.0,0.0,0.0,0.0,0.0,0.0,0.0,0.0,0.0,0.0,0.0,0.0,0.0,0.0,0.0,0.0,0.0,0.0,0.0,0.0,0.0,0.0,0.0,0.0,0.0,10.802392959594727,0.0,0.0,48.438621520996094,0.0,0.0,0.0,0.0,0.0,0.0,0.0,6.511641025543213,0.0,0.0,0.0,0.0,34.08123779296875,0.0,0.0,0.0,0.0,0.0,4.197835922241211,0.0,0.0,0.0,0.0,0.0,0.0,0.0,0.0,0.0,0.0,10.490133285522461,0.0,0.0,10.805076599121094,17.11890411376953,0.0,0.0,0.0,0.0,0.0,0.0,0.0,0.0,0.0,0.0,0.0,0.0,0.0,0.0,0.0,0.0,0.0,0.0,0.0,0.0,0.0,6.79984712600708,0.0,5.150983810424805,0.0,0.0,0.0,0.0,12.966379165649414,0.0,0.0,0.0,0.0,0.0,0.0,0.0,0.0,5.9472222328186035,0.0,0.0,0.0,0.0,0.0,0.0,0.0,0.0,0.0,5.959192752838135,0.0,2.4438881874084473,0.0,0.0,0.0,7.375677108764648,0.0,0.0,0.0,0.0,0.0,0.0,0.0,4.000532150268555,0.0,0.0,0.0,0.0,2.814100742340088,0.0,0.0,0.0,0.0,0.0,0.0,0.0,0.0,0.0,0.0,0.0,0.0,0.0,0.0,0.0,0.0,0.0,0.0,0.0,0.0,0.0,29.99271011352539,0.0,17.63518524169922,0.0,1.0207678079605103,0.0,0.0,0.0,0.0,0.0,0.0,0.0,0.0,0.0,0.0,0.0,0.0,0.0,0.0,0.0,0.0,0.0,0.0,0.0,0.0,0.0,0.0,0.0,0.0,8.71384048461914,0.0,0.0,0.0,0.0,0.0,0.0,0.0,0.0,0.0,0.0,0.0,0.0,0.0,0.0,0.0,7.164994239807129,0.0,0.0,0.0,0.0,0.0,11.003434181213379,0.0,0.0,0.0,0.0,0.0,0.0,24.889406204223633,0.0,0.0,0.0,0.0,0.0,0.0,2.2586259841918945,0.0,0.0,0.0,0.0,0.0,0.0,0.0,0.0,0.0,0.0,0.0,0.0,0.0,0.0,0.0,0.0,0.0,0.0,0.0,0.0,0.0,5.547054767608643,0.0,0.0,0.0,0.0,0.0,0.0,0.7185235023498535,0.0,0.0,0.0,0.0,0.0,1.2356096506118774,68.71080780029297,0.0,0.0,0.0,0.0,0.0,4.805503845214844,0.0,0.0,0.0,0.0,0.005707107484340668,0.0,0.0,0.0,0.0,0.0,0.0,0.0,0.0,0.0,0.0,0.8707230091094971,0.0,0.0,0.0,0.0,0.0,0.0,0.0,0.0,0.0,0.0,0.0,0.0,0.0,0.0,0.0,0.0,0.0,0.0,12.389259338378906,0.0,0.0,0.0,0.0,0.0,0.0,0.0,0.0,38.81496047973633,0.0,0.0,22.114578247070312,0.0,0.0,0.0,0.0,0.0,1.1668267250061035,0.0,2.9592432975769043,60.84823989868164,0.0,0.0,0.0,0.0,0.0,0.0,16.93683624267578,0.0,0.0,0.0,0.0,0.0,0.0,0.0,0.0,0.0,0.0,0.0,8.850395202636719,0.0,22.037921905517578,0.0,0.0,0.0,0.0,0.0,0.0,0.0,0.0,0.0,0.0,0.0,0.0,0.0,0.0,0.0,0.0,0.0,0.0,0.0,0.0,0.0,0.0,0.0,0.0,0.0,0.0,0.0,0.0,0.0,20.754348754882812,0.0,9.523852348327637,0.0,0.0,0.0,0.0,10.287006378173828,0.0,0.0,0.0,0.0,0.0,0.0,0.0,0.0,0.0,0.0,0.0,0.0,0.0,0.0,8.624763488769531,10.82886028289795,0.0,0.0,0.0,0.0,0.0,0.0,2.5232105255126953,0.0,0.0,0.0,0.0,0.0,0.0,0.0,0.0,0.0,0.0,0.0,0.0,0.0,0.0,0.0,0.0,0.0,0.0,0.0,4.072766304016113,2.783010959625244,3.434648036956787,0.0,0.0,14.85264778137207,0.0,0.0,0.0,0.0,0.0,0.0,0.0,0.0,0.0,0.0,0.0,0.0,0.0,0.0,0.0,0.0,0.0,0.0,0.0,0.0,10.588249206542969,0.0,0.0,0.0,0.0,0.0,0.0,0.0,0.0,0.0,0.0,0.0,8.753758430480957,0.0,0.0,0.0,0.0,0.0,0.0,0.0,0.0,0.0,0.0,0.0,0.0,0.0,0.0,0.0,0.0,0.0,0.0,0.0,0.0,0.0,0.0,0.0,0.0,0.0,0.0,0.0,0.0,0.0,0.0,0.0,0.0,0.0,0.0,0.0,0.0,0.0,0.0,0.0,0.0,0.0,0.0,0.0,0.0,0.0,0.0,0.0,0.0,0.0,0.0,0.0,0.0,0.0,0.0,0.0,0.0,0.0,0.0,0.0,0.0,0.0,0.0,0.0,0.0,0.0,0.0,0.0,0.0,0.0,0.0,0.0,0.0,0.0,0.0,0.0,0.0,0.0,0.0,0.0,0.0,0.0,0.0,0.0,0.0,0.0,0.0,23.45832633972168,0.0,0.0,0.0,0.0,0.0,0.0,0.0,0.0,0.0,0.0,0.0,0.0,0.0,0.0,0.0,0.0,0.0,0.0,0.0,0.0,0.0,0.0,0.0,0.0,0.0,0.0,0.0,0.0,0.0,0.0,0.0,0.0,0.0,0.0,0.0,0.0,0.0,0.0,0.0,0.0,0.0,0.0,0.0,0.0,0.0,0.0,0.0,0.0,0.0,0.0,0.0,0.0,0.0,0.0,0.0,11.083125114440918,0.0,0.0,0.0,0.0,0.0,0.0,0.0,0.0,0.0,0.0,0.0,0.0,0.0,0.0,0.0,0.0,0.0,0.0,0.0,0.0,0.0,0.0,0.0,0.0,0.0,0.0,0.0,0.0,0.0,0.0,0.0,0.0,0.0,0.0,0.0,0.0,0.0,0.0,0.0,0.0,0.0,0.0,0.0,0.0,0.0,0.0,0.0,0.0,0.0,0.0,0.0,0.0,0.0,0.0,0.0,0.0,0.0,0.0,0.0,0.0,0.0,0.0,0.0,0.0,0.0,0.0,24.66263771057129,0.0,0.0,0.0,0.0,0.0,0.0,0.0,0.0,0.0,0.0,0.0,0.0,0.0,0.0,0.0,0.0,0.0,0.0,0.0,0.0,0.0,0.0,0.0,0.0,0.0,0.0,0.0,0.0,8.424971580505371,0.0,0.0,0.0,0.0,0.0,0.0,0.0,0.0,0.0,0.0,0.0,0.0,0.0,0.0,0.0,43.28191375732422,0.0,0.0,0.0,0.0,0.0,0.0,0.0,0.0,0.0,0.0,0.0,0.0,0.0,0.0,0.0,0.0,0.0,0.0,0.0,0.0,0.0,0.0,0.0,0.0,0.0,0.0,0.0,0.0,0.0,0.0,0.0,0.0,0.0,0.0,0.0,0.0,0.0,0.0,0.0,0.0,0.0,0.0,0.0,0.0,0.0,0.0,0.0,0.0,0.0,0.0,0.0,0.0,0.0,0.0,0.0,0.0,0.0,0.0,0.0,0.0,0.0,0.0,0.0,0.0,0.0,0.0,0.0,0.0,0.0,0.0,0.0,0.0,0.0,0.0,0.0,0.0,0.0,0.0,0.0,0.0,0.0,0.0,0.0,0.0,0.0,0.0,0.0,0.0,0.0,0.0,0.0,0.0,0.0,0.0,0.0,0.0,2.6534337997436523,0.0,0.0,0.0,0.0,0.0,0.0,0.0,0.0,0.0,0.0,0.0,0.0,0.0,0.0,0.0,0.0,0.0,0.0,0.0,0.0,15.544428825378418,0.0,0.0,0.0,0.0,0.0,0.0,12.135920524597168,0.0,0.0,0.0,0.0,0.0,0.0,0.0,0.0,0.0,0.0,0.0,0.0,0.0,0.0,0.0,0.0,0.0,0.0,0.0,0.0,0.0,0.0,0.0,0.0,0.0,0.0,0.0,0.0,0.0,0.0,0.0,0.0,0.0,0.0,0.0,0.0,0.0,0.0,0.0,0.0,0.0,0.0,3.954559564590454,0.0,0.0,60.63829040527344,0.0,0.0,0.0,0.0,0.0,0.0,0.0,0.0,0.0,0.0,0.0,0.0,0.0,0.0,0.0,0.0,0.0,0.0,0.0,0.0,0.0,0.0,0.0,0.0,0.0,0.0,0.0,0.0,0.0,0.0,0.0,0.0,0.0,0.0,0.0,0.0,0.0,0.0,0.0,0.0,0.0,0.0,0.0,0.0,0.0,0.0,0.0,0.0,0.0,16.514760971069336,0.0,1.156653642654419,0.0,0.0,0.0,0.0,0.0,0.0,0.0,0.0,0.0,0.0,0.0,0.0,0.0,0.0,0.0,0.0,0.0,0.0,0.0,0.0,0.0,0.0,0.0,0.0,0.0,0.0,0.0,0.0,0.0,0.0,0.0,0.0,0.0,0.0,0.0,0.0,0.0,0.0,0.0,0.0,0.0,0.0,0.0,0.0,0.0,0.0,0.0,0.0,0.0,0.0,0.0,0.0,0.0,0.0,0.0,0.0,0.0,0.0,0.0,0.0,0.0,0.0,0.0,0.0,0.0,0.0,0.0,0.0,0.0,0.0,0.0,0.0,0.0,0.0,0.0,0.0,0.0,0.0,0.0,0.0,0.0,0.0,0.0,0.0,0.0,0.0,0.0,0.0,0.0,0.0,0.0,0.0,0.0,0.0,0.0,0.0,0.0,0.0,0.0,0.0,0.0,0.0,0.0,0.0,0.0,0.0,0.0,0.0,0.0,0.0,0.0,0.0,0.0,0.0,0.0,0.0,0.0,0.0,0.0,0.0,0.0,9.018851280212402,0.0,0.0,0.0,0.0,0.0,0.0,0.0,0.0,0.0,0.0,0.0,0.0,0.0,0.0,0.0,0.0,0.0,0.0,0.0,0.0,0.0,0.0,0.0,0.0,0.0,0.0,0.0,0.0,0.0,0.0,0.0,0.0,0.0,0.0,0.0,0.0,0.0,0.0,0.0,0.0,0.0,0.0,0.0,0.0,0.0,0.0,0.0,0.0,0.0,0.0,0.0,0.0,0.0,0.0,0.0,0.0,0.0,1.7707768678665161,0.0,0.0,0.0,0.0,0.0,0.0,0.0,0.0,0.0,0.0,0.0,0.0,0.0,0.0,0.0,0.0,0.0,0.0,0.0,0.0,0.0,0.0,0.0,0.0,0.0,0.0,0.0,0.0,0.0,0.0,0.0,0.0,0.0,0.0,0.0,0.0,0.0,0.0,0.0,0.0,0.0,0.0,0.0,0.0,0.0,0.0,0.0,0.0,0.0,0.0,0.0,0.0,0.0,0.0,0.0,0.0,0.0,0.0,0.0,0.0,0.0,0.0,0.0,62.97946548461914,0.0,0.0,0.0,0.0,0.0,0.0,0.0,0.0,0.0,0.0,0.0,0.0,0.0,0.0,0.0,0.0,0.0,0.0,0.0,0.0,0.0,0.0,22.903270721435547,12.953451156616211,0.0,0.0,0.0,0.0,12.753976821899414,0.0,0.0,0.0,0.0,0.0,0.0,0.0,0.0,0.0,0.0,0.0,0.0,0.0,0.0,0.0,59.853981018066406,0.0,0.0,0.0,0.0,0.0,0.0,0.0,0.0,0.0,0.0,0.0,0.0,0.0,0.0,0.0,0.0,0.0,0.0,0.0,0.0,4.706248760223389,0.0,0.0,0.0,0.0,0.0,0.0,0.0,5.662307262420654,0.0,0.0,0.0,0.0,0.0,0.0,0.0,0.0,0.0,0.0,0.0,0.0,0.0,0.0,0.0,0.0,0.0,0.0,0.0,0.0,0.0,0.0,0.0,0.0,0.0,0.0,21.88483238220215,0.0,0.0,0.0,0.0,0.0,0.0,0.0,0.0,0.0,0.0,0.0,0.0,0.0,0.0,0.0,0.0,0.0,0.0,0.0,0.0,0.0,0.0,0.0,0.0,0.0,0.0,0.0,0.0,0.0,0.0,0.0,0.0,0.0,0.0,0.0,0.0,0.0,0.0,0.0,0.0,0.0,0.0,0.0,0.0,0.0,0.0,0.0,0.0,0.0,0.0,0.0,0.0,0.0,0.0,0.0,0.0,0.0,0.0,40.34788131713867,0.0,0.0,0.0,0.0,0.0,0.0,0.0,0.0,0.0,4.898341178894043,0.0,0.0,0.0,0.0,0.0,0.0,0.0,0.0,0.0,0.0,0.0,0.0,0.0,0.0,0.0,0.0,0.0,0.0,0.0,0.0,0.0,0.8780028820037842,18.66543960571289,0.0,0.0,0.0,0.0,0.0,0.0,25.966190338134766,0.0,0.0,0.0,0.0,0.0,0.0,0.0,0.0,0.0,0.0,0.0,0.0,0.0,0.0,0.0,52.979461669921875,0.0,0.0,0.0,0.0,3.4807958602905273,0.0,0.0,0.0,0.0,0.0,0.0,0.0,0.0,0.0,0.0,2.996121883392334,0.0,0.0,0.0,0.0,0.0,0.0,0.0,0.0,0.0,0.0,0.0,0.0,0.0,0.0,0.0,0.0,0.0,0.0,0.0,0.0,0.0,0.0,0.0,0.0,0.0,0.0,0.0,0.0,0.0,0.0,0.0,0.0,0.0,10.554290771484375,0.0,0.0,0.0,0.0,0.0,0.0,0.0,0.0,0.0,0.0,0.0,0.0,0.0,0.0,0.0,0.0,0.0,0.0,0.0,0.0,0.0,0.0,0.0,0.0,0.0,0.0,0.0,0.0,0.0,0.0,0.0,0.0,0.0,0.0,0.0,0.0,0.0,0.0,0.0,0.0,0.0,0.0,0.0,0.0,0.0,0.0,0.0,0.0,0.0,0.0,0.0,0.0,0.0,0.0,0.0,0.0,0.0,0.0,0.0,0.0,0.0,0.0,0.0,0.0,0.0,0.0,0.0,0.0,0.0,0.0,0.0,0.0,0.0,0.0,0.0,0.0,0.0,0.0,0.0,0.0,0.0,0.31571152806282043,0.0,0.0,0.0,2.6391477584838867,0.0,0.0,0.0,0.0,0.0,0.0,0.0,0.0,0.0,0.0,0.0,0.0,0.0,0.0,0.0,0.0,0.0,0.0,0.0,0.0,0.0,0.0,0.0,0.0,0.0,55.45732116699219,0.0,0.0,0.0,0.0,0.0,0.0,0.0,0.0,0.0,0.0,0.0,2.1089720726013184,0.0,0.0,0.0,0.0,0.0,0.0,0.0,0.0,0.0,0.0,0.0,0.0,0.0,0.0,3.046170234680176,0.0,0.0,0.0,0.0,0.0,0.0,0.0,0.0,0.0,0.0,22.33757972717285,0.0,0.0,0.0,0.0,0.0,0.0,0.0,20.269620895385742,0.0,0.0,0.0,0.0,19.670061111450195,0.0,0.0,0.0,0.0,0.0,0.0,0.0,0.0,0.0,0.0,0.0,0.0,0.0,0.0,0.0,0.0,0.0,9.432336807250977,46.23613357543945,0.0,0.0,0.0,0.0,0.0,0.0,0.0,0.0,0.0,0.0,0.0,0.0,0.0,0.0,0.0,0.0,0.0,0.0,0.0,0.0,0.0,0.0,0.0,0.0,0.0,0.0,0.0,0.0,0.0,0.0,0.0,0.0,0.0,0.0,0.0,0.0,0.0,0.0,0.0,0.0,0.0,0.0,3.6993093490600586,0.0,0.0,0.0,0.0,0.0,0.0,0.0,0.0,0.0,1.189002513885498,0.0,0.0,0.0,0.0,0.0,0.0,24.30913734436035,0.0,0.0,0.0,60.799171447753906,0.0,0.0,0.0,0.0,0.0,22.205028533935547,0.0,0.0,0.0,0.0,0.0,23.29999542236328,0.0,0.0,0.0,0.0,0.0,0.0,0.0,0.0,0.0,0.0,49.84514236450195,21.461753845214844,0.0,0.0,0.0,0.0,8.721928596496582,0.0,0.0,0.0,0.0,0.0,0.0,0.0,0.0,0.0,1.6342415809631348,0.0,0.0,0.0,0.0,0.0,53.45706558227539,0.0,0.0,0.0,0.0,0.0,0.0,0.0,0.0,0.0,0.0,3.622089385986328,0.0,0.0,0.0,0.0,0.0,0.0,0.0,0.0,0.0,9.172529220581055,0.0,0.0,0.0,0.0,0.0,0.0,0.0,22.64826011657715,0.0,0.0,0.0,0.0,0.0,0.0,0.0,0.0,0.0,0.0,0.0,0.0,0.0,0.0,0.0,0.0,0.0,0.0,0.0,0.0,14.111416816711426,0.0,0.0,0.0,0.0,0.0,36.071624755859375,0.0,0.0,0.0,0.0,0.0,0.0,0.0,0.0,0.0,0.0,0.0,0.0,0.0,0.0,0.0,0.0,0.0,0.0,0.0,0.0,0.0,0.0,0.0,0.0,0.0,0.0,0.0,0.0,0.0,0.0,0.0,0.0,0.0,0.0,0.0,0.0,0.0,25.81772804260254,0.0,0.0,0.0,12.804627418518066,0.0,0.0,0.0,0.0,0.0,7.6257734298706055,0.0,0.0,0.0,0.0,0.0,0.0,0.0,0.0,0.0,0.0,48.26542282104492,0.0,0.0,0.0,0.0,0.0,0.0,0.0,0.0,0.0,0.0,0.0,0.0,0.0,0.0,0.0,0.0,0.0,0.0,0.0,0.0,0.0,0.0,0.0,0.0,0.0,0.0,0.0,0.0,0.0,0.0,0.0,34.272029876708984,23.453062057495117,0.0,0.0,0.0,2.7299680709838867,5.137404918670654,0.0,33.79008865356445,0.0,0.0,0.0,0.0,0.0,0.0,0.0,0.0,0.0,0.0,0.0,0.0,0.0,4.821331024169922,0.0,17.025562286376953,0.0,0.0,0.0,0.0,0.0,0.0,0.0,0.0,0.0,0.0,0.0,0.0,0.0,0.0,0.0,13.246320724487305,0.0,0.1683593988418579,0.0,0.0,0.0,0.0,0.0,0.0,0.0,0.0,0.0,0.0,0.0,0.0,0.0,0.0,0.0,0.0,0.0,0.0,0.0,15.52163314819336,0.0,0.0,0.0,0.0,0.0,0.0,0.0,0.0,0.0,0.0,0.0,15.151511192321777,0.0,0.0,0.0,0.0,0.0,0.0,0.0,0.0,0.0,0.0,0.0,0.0,0.0,0.0,0.0,0.0,0.0,0.0,0.0,0.0,0.0,0.0,5.882154941558838,0.0,0.0,0.0,0.0,0.0,0.0,0.0,0.0,0.0,0.0,0.0,0.0,10.671544075012207,0.0,0.0,0.0,0.0,0.0,0.0,0.0,0.0,0.0,0.0,0.0,0.0,0.0,0.0,0.0,0.0,0.0,0.0,0.0,0.0,0.0,0.0,0.0,0.0,0.0,0.0,0.0,0.0,0.0,0.0,7.117498397827148,0.0,0.0,0.0,0.0,0.0,0.0,0.0,0.0,0.0,0.0,0.0,0.0,0.0,0.0,0.0,0.0,0.0,0.0,0.0,0.0,0.0,0.0,10.21634292602539,0.0,0.0,0.0,0.0,0.0,0.0,0.0,0.0,0.0,0.0,0.0,0.0,0.0,0.0,0.0,0.0,0.0,0.0,0.0,0.0,0.0,62.09230422973633,0.0,0.0,0.0,0.0,0.0,0.0,0.0,0.0,0.0,0.0,15.520917892456055,0.0,0.0,0.0,0.0,0.0,0.0,0.0,0.0,0.0,0.0,0.0,0.0,0.0,0.0,0.0,10.89820671081543,0.0,0.0,0.0,0.0,0.0,0.0,0.0,0.0,0.0,0.0,19.281396865844727,0.0,0.0,0.0,0.0,0.0,0.0,0.0,25.285940170288086,0.0,0.0,0.0,0.0,7.912517547607422,0.0,0.0,0.0,0.0,0.0,0.0,0.0,0.0,0.0,0.0,0.0,2.2391653060913086,0.0,0.0,21.06198501586914,0.0,0.0,1.380967140197754,49.00618362426758,0.0,0.0,0.0,0.0,0.0,0.0,0.0,0.0,0.0,0.0,0.0,0.0,0.0,0.0,0.0,0.0,0.0,0.0,0.0,0.0,0.0,0.0,0.0,0.0,0.0,0.0,0.0,0.0,0.0,0.0,0.0,0.0,0.0,0.0,0.0,0.0,0.0,0.0,0.0,0.0,0.0,0.0,0.0,0.0,0.0,0.0,0.0,0.0,0.0,0.0,0.0,0.0,0.9095029234886169,0.0,0.0,0.0,0.0,0.0,0.0,10.386246681213379,0.0,0.0,0.0,23.065479278564453,0.0,0.0,0.0,0.0,0.0,7.628055095672607,0.0,8.292768478393555,0.0,0.0,0.0,22.670833587646484,0.0,0.0,0.0,0.0,0.0,0.0,0.0,0.0,0.0,0.0,27.151874542236328,0.0,0.0,0.0,0.0,0.0,1.9122841358184814,0.0,0.0,0.0,0.0,0.0,0.0,0.0,0.0,0.0,0.0,0.0,0.0,0.0,0.0,0.0,45.854061126708984,0.0,0.0,0.0,0.0,0.0,0.0,0.0,0.0,0.0,0.0,0.0,0.0,0.0,0.0,0.0,0.0,0.0,0.0,0.0,0.0,0.0,0.0,0.0,0.0,0.0,0.0,0.0,0.0,21.289203643798828,0.0,0.0,0.0,0.0,0.0,0.0,0.0,0.0,0.0,0.0,0.0,0.0,0.0,0.0,0.0,0.0,0.0,0.0,0.0,0.0,10.141800880432129,0.0,0.0,0.0,0.0,0.0,42.662513732910156,0.0,0.0,0.0,0.0,0.0,0.0,0.0,0.0,0.0,0.0,0.0,0.0,0.0,0.0,0.0,0.0,0.0,0.0,0.0,0.0,0.0,0.0,0.0,0.0,0.0,0.0,0.0,0.0,0.0,0.0,0.0,0.0,0.0,1.1995550394058228,0.0,0.0,0.0,0.0,0.0,0.0,0.0,0.0,0.0,0.0,0.0,0.0,0.0,0.0,0.0,0.0,0.0,0.0,0.0,0.0,0.0,5.478524208068848,0.0,0.0,44.304901123046875,0.0,0.0,0.0,0.0,0.0,0.0,0.0,0.0,0.0,0.0,0.0,0.0,0.0,0.0,0.0,0.0,0.0,0.0,0.0,0.0,0.0,0.0,0.0,0.0,0.0,0.0,0.0,0.0,0.0,0.0,0.0,9.973640441894531,0.0,0.0,0.0,0.0,0.0,0.0,0.0,34.06797790527344,0.0,0.0,0.0,0.0,0.0,0.0,0.0,0.0,0.0,0.0,0.0,0.0,35.25877380371094,0.0,0.0,55.383567810058594,0.0,0.0,0.0,0.0,0.0,0.0,0.0,0.0,0.0,0.0,0.0,0.0,0.0,0.0,0.0,0.0,0.0,0.0,0.0,0.0,0.0,0.0,0.0,0.0,0.0,0.0,0.0,0.0,0.0,0.0,0.0,0.0,0.0,0.0,0.0,0.0,0.0,5.095917701721191,0.0,0.0,0.0,0.0,0.0,0.0,0.0,0.0,0.0,0.0,0.0,0.0,0.0,0.0,0.0,0.0,0.0,0.0,0.0,0.0,0.0,0.0,0.0,0.0,0.0,0.0,0.0,0.0,0.0,0.0,0.0,0.0,0.0,0.0,1.583821177482605,0.0,0.0,0.0,0.0,0.0,0.0,0.0,0.0,0.0,0.0,0.0,0.0,49.725460052490234,0.0,0.0,0.0,0.0,0.0,0.0,0.0,0.0,0.0,0.0,0.0,0.0,0.0,0.0,0.0,0.0,0.0,0.0,0.0,0.0,0.0,5.509955883026123,0.0,0.0,0.0,0.0,0.0,0.0,0.0,0.0,0.0,0.0,0.0,0.0,0.0,0.0,0.0,0.0,0.0,0.0,0.0,0.0,0.0,0.0,0.0,0.0,0.0,0.0,0.0,0.0,0.0,0.0,0.0,0.0,0.0,0.0,0.0,0.0,0.0,0.0,0.0,0.0,0.0,0.0,0.0,0.0,0.0,0.0,0.0,0.0,0.0,0.0,0.0,0.0,0.0,0.0,0.0,0.0,0.0,0.0,0.0,0.0,0.0,0.0,0.0,0.0,21.92601203918457,0.0,0.0,0.0,0.0,0.0,0.0,0.0,0.0,0.0,0.0,0.0,0.0,0.0,0.0,0.0,1.7803657054901123,0.0,0.0,0.0,0.0,0.0,0.0,0.0,0.0,0.0,0.0,1.7280572652816772,0.0,0.0,0.0,0.0,0.0,0.0,0.0,11.836328506469727,0.0,0.0,0.0,0.0,0.0,0.0,0.0,0.0,0.0,0.0,0.0,0.0,0.0,0.0,0.0,0.0,0.0,0.0,0.0,1.5926159620285034,0.0,0.0,14.124969482421875,0.0,0.0,0.0,0.0,0.0,0.0,0.0,0.0,0.0,0.0,0.0,0.0,0.0,0.0,0.0,0.0,0.0,0.0,0.0,0.0,0.0,0.0,0.0,0.0,0.0,0.0,0.0,0.0,0.0,0.0,0.0,0.0,0.0,0.0,0.0,0.0,0.0,0.0,0.0,0.0,0.0,0.0,0.0,0.0,0.0,0.0,0.0,0.0,0.0,0.0,0.0,0.0,0.0,0.0,0.0,0.0,0.0,0.0,0.0,0.0,0.0,0.0,0.0,0.0,49.022884368896484,0.0,0.0,0.0,0.0,0.0,0.0,0.0,21.9708251953125,0.0,0.0,0.0,0.0,0.0,0.0,0.0,0.0,0.0,0.0,0.0,0.0,0.0,0.0,0.0,0.0,0.0,0.0,0.0,0.0,32.723419189453125,0.0,0.0,0.0,0.0,0.0,0.0,0.0,0.0,0.0,0.0,0.0,0.0,0.0,0.0,0.0,86.15265655517578,0.0,0.0,0.0,0.0,0.0,0.0,0.0,0.0,0.0,0.0,0.0,0.0,0.0,0.0,0.0,0.0,0.0,0.0,0.0,0.0,0.0,0.0,0.0,0.0,0.0,0.0,0.0,0.0,0.0,0.0,0.0,0.0,0.0,0.0,0.0,0.0,0.0,0.0,0.0,0.0,0.0,0.0,0.0,0.0,0.0,0.0,0.0,0.0,1.590319275856018,0.0,0.0,0.0,0.0,0.0,0.0,27.795394897460938,0.0,0.0,0.0,1.5420424938201904,0.0,0.0,0.0,0.0,0.0,0.0,0.0,0.0,0.0,0.0,0.0,0.0,0.0,0.0,0.0,0.0,0.0,0.0,0.0,0.0,0.0,0.0,0.0,0.0,0.0,0.0,0.0,0.0,0.0,0.0,0.0,0.0,0.0,0.0,0.0,0.0,0.0,0.0,0.0,0.0,0.0,0.0,0.0,0.0,0.0,0.0,0.0,0.0,0.0,0.0,0.0,0.0,0.0,0.0,25.105331420898438,0.0,0.0,13.255090713500977,0.0,0.0,0.0,0.0,0.0,0.0,0.0,0.0,0.0,0.0,0.0,0.0,0.0,0.0,0.0,0.0,0.0,0.0,0.0,0.0,0.0,0.0,0.0,0.0,0.0,0.0,0.0,0.0,0.0,0.0,0.0,0.0,0.0,0.0,0.0,0.0,12.435386657714844,0.0,0.0,0.0,0.0,0.0,0.0,0.0,0.0,0.0,0.0,0.0,0.0,47.23836898803711,0.0,0.0,72.70687103271484,0.0,0.0,0.0,0.0,0.0,0.0,0.0,0.0,0.0,0.0,0.0,0.0,0.0,0.0,0.0,0.0,0.0,0.0,0.0,0.0,0.0,0.0,0.0,0.0,0.0,0.0,0.0,0.0,0.0,0.0,0.0,0.0,0.0,0.0,0.0,0.0,0.0,0.0,0.0,0.0,0.0,0.0,0.0,0.0,0.0,0.0,0.0,0.0,0.0,1.9455114603042603,0.0,0.0,0.0,0.0,0.0,0.0,0.0,0.0,0.0,0.0,0.0,0.0,0.0,0.0,0.0,0.0,0.0,0.0,0.0,0.0,0.0,0.0,0.0,0.0,0.0,0.0,0.0,0.0,0.0,2.7803092002868652,0.0,0.0,0.0,0.0,0.0,32.64371109008789,0.0,0.0,0.0,0.0,0.0,0.0,0.0,0.0,0.0,0.0,0.0,0.0,0.0,0.0,0.0,0.0,0.0,0.0,0.0,0.0,0.0,17.2442626953125,6.611532688140869,0.0,0.0,0.0,0.0,0.0,0.0,0.0,0.0,0.0,0.0,0.0,0.0,0.0,0.0,0.0,0.0,0.0,0.0,0.0,0.0,0.0,0.0,0.0,0.0,0.0,13.551851272583008,0.0,0.0,10.752226829528809,0.0,0.0,0.0,0.0,0.0,0.0,0.0,0.0,0.0,0.0,0.0,0.0,0.0,0.0,0.0,0.0,0.0,0.0,0.0,0.0,0.0,0.0,0.0,0.0,0.0,0.0,0.0,0.0,0.0,0.0,0.0,0.0,0.0,0.0,10.912454605102539,0.0,0.0,1.3125392198562622,0.0,0.0,0.0,0.0,0.0,0.0,0.0,0.0,0.0,0.0,4.733842849731445,0.0,3.398268222808838,0.0,0.0,1.3942738771438599,0.0,0.0,0.0,0.0,0.0,0.0,0.0,0.0,0.0,0.0,0.0,0.0,0.0,0.0,0.0,0.0,0.0,0.0,0.0,0.0,0.0,12.936788558959961,12.39415168762207,0.0,0.0,0.0,0.0,0.0,0.0,0.0,0.0,0.0,0.0,0.0,0.0,0.0,0.0,0.0,13.739264488220215,0.0,6.808070659637451,0.0,0.0,0.0,0.0,0.0,0.0,0.0,0.0,0.0,0.0,0.0,0.0,0.0,0.0,0.0,0.0,0.0,0.0,0.0,0.0,0.0,0.0,0.0,0.0,0.0,0.0,0.0,0.0,0.0,8.138825416564941,0.0,0.0,0.0,0.0,0.0,0.0,0.0,0.0,11.849642753601074,0.0,0.0,0.0,0.0,0.0,0.0,0.0,0.0,0.0,0.0,0.0,0.0,0.0,0.0,0.0,0.0,0.0,0.0,0.0,0.0,0.0,0.0,0.0,27.803760528564453,0.0,0.0,0.0,0.0,0.0,0.0,0.0,0.0,0.0,0.0,0.0,0.0,0.0,0.0,0.0,0.0,0.0,0.0,0.0,0.0,0.0,0.0,0.0,0.0,0.0,0.0,0.0,0.0,30.46465301513672,0.0,0.0,0.0,0.0,3.435478687286377,0.0,17.169761657714844,0.0,0.0,0.0,0.0,0.0,0.0,0.0,0.0,63.51543045043945,0.0,0.30544012784957886,0.0,0.0,0.0,9.267513275146484,8.459013938903809,0.0,3.297417402267456,15.367612838745117,0.0,0.0,0.0,0.0,0.0,0.0,0.0,0.0,0.0,0.0,0.0,0.0,0.0,0.0,0.0,12.93423843383789,0.0,0.0,0.0,0.0,0.0,0.0,0.0,0.0,0.0,0.0,0.0,0.0,0.0,0.0,0.0,0.0,0.0,0.0,0.0,0.0,0.0,0.0,0.0,0.0,0.0,0.0,0.0,0.0,0.0,27.240432739257812,0.0,0.0,0.0,36.899600982666016,0.0,0.0,0.0,0.0,0.0,0.0,0.0,0.0,0.0,0.0,0.0,0.0,0.0,0.0,0.0,0.0,0.0,0.0,0.0,0.0,0.0,0.0,0.0,0.0,0.0,0.0,0.0,0.0,0.0,0.0,0.0,0.0,0.0,0.0,0.0,0.0,5.3057756423950195,0.0,0.0,0.0,15.16800594329834,0.0,0.0,0.0,0.0,0.0,0.0,0.0,0.0,0.0,0.0,0.0,0.0,0.0,7.128000736236572,0.0,0.0,0.0,0.0,0.0,0.0,0.0,0.0,1.2603412866592407,0.0,0.0,0.0,0.0,0.0,0.0,0.0,0.0,0.0,0.0,0.4078007936477661,0.0,0.0,14.204435348510742,0.0,10.773482322692871,0.0,0.0,0.0,0.0,0.0,15.629058837890625,0.0,0.0,0.0,0.0,0.0,7.335764408111572,0.0,0.0,0.0,0.0,0.0,0.0,0.0,0.0,0.0,0.0,0.0,0.0,0.0,0.0,0.0,13.59745979309082,0.0,0.0,36.931766510009766,8.767274856567383,0.0,12.96968936920166,0.0,11.418012619018555,1.3028627634048462,0.0,6.900053977966309,0.0,0.0,0.0,0.0,0.0,0.0,0.0,0.0,0.0,0.0,0.0,0.0,0.0,0.0,0.0,0.0,0.0,0.0,0.0,0.0,0.0,18.59743309020996,0.0,0.0,0.0,0.0,0.0,0.0,7.919495582580566,0.0,0.0,0.0,0.0,0.0,0.0,0.0,0.0,0.0,0.0,0.0,0.0,1.8203529119491577,0.0,1.272810935974121,0.0,0.0,0.0,0.0,0.0,0.0,0.0,0.0,0.0,0.0,0.0,0.0,0.0,0.0,0.0,0.0,0.0,0.0,0.0,0.0,0.0,0.0,0.0,0.0,0.0,4.2606048583984375,6.892482757568359,0.0,16.289710998535156,0.0,0.0,0.0,0.0,0.0,0.0,0.0,0.0,0.0,0.0,0.0,0.0,0.0,0.0,9.104538917541504,0.0,0.0,0.0,0.0,0.0,0.0,0.0,0.0,0.0,0.0,0.0,0.0,0.0,0.0,0.0,0.0,0.0,0.0,0.0,14.359915733337402,1.8175415992736816,0.0,0.0,0.0,0.0,0.0,0.0,0.0,0.0,0.0,0.0,0.0,0.0,0.0,0.23073142766952515,3.2082912921905518,0.0,0.0,0.0,0.0,0.0,0.0,0.0,0.0,0.0,0.0,0.0,0.0,0.0,0.0,0.0,0.0,0.0,0.0,0.0,0.0,0.0,0.0,0.0,0.0,0.0,0.0,0.0,0.0,19.022361755371094,0.0,0.0,16.324474334716797,0.0,0.0,0.0,0.0,0.0,0.0,0.0,0.0,0.0,0.0,0.0,0.0,0.0,0.0,0.0,0.0,23.662466049194336,0.0,0.0,0.0,0.0,35.48672866821289,0.0,0.0,0.0,0.0,0.0,3.2355828285217285,0.0,0.0,0.0,0.0,1.9196255207061768,0.0,36.500526428222656,0.0,0.0,0.0,33.41508865356445,0.0,0.0,0.0,35.25126266479492,0.0,0.0,0.0,0.0,0.0,0.0,0.0,0.0,0.0,0.0,7.759880542755127,0.0,0.0,0.0,0.0,0.0,0.0,0.0,0.0,5.856625556945801,0.0,0.3341265916824341,0.0,4.106101036071777,0.0,0.0,0.0,0.0,23.873374938964844,0.0,0.0,10.478271484375,0.0,0.0,0.0,0.0,0.0,22.36903190612793,0.0,0.0,0.0,0.0,0.0,0.0,0.0,0.0,0.0,24.999849319458008,0.0,0.0,0.0,0.0,0.0,30.63144874572754,0.0,28.060762405395508,0.0,0.0,0.0,0.0,0.0,23.470172882080078,0.0,0.0,0.0,0.0,0.0,0.0,0.0,0.0,0.0,0.0,0.0,0.0,0.0,0.0,0.0,0.0,0.0,4.499797821044922,3.949268102645874,0.0,0.0,0.0,0.0,0.0,0.0,0.0,0.28126248717308044,0.0,9.992384910583496,0.0,2.653017520904541,0.0,0.0,0.0,0.0,0.0,0.0,0.0,0.0,0.0,0.0,0.0,0.0,0.0,0.0,0.0,0.0,0.0,0.0,0.0,0.0,0.0,0.0,0.0,0.0,0.6575539112091064,0.0,0.0,0.0,0.0,0.0,0.0,0.0,0.0,0.0,0.0,0.0,0.0,0.0,0.0,0.0,0.0,0.0,0.0,0.0,19.086524963378906,0.0,30.772212982177734,0.0,0.0,0.0,0.0,0.0,0.0,0.0,0.0,0.0,0.0,0.0,0.0,0.0,0.0,0.0,0.0,0.0,4.834469318389893,0.0,23.125381469726562,0.0,4.6419548988342285,28.728515625,35.671485900878906,0.0,0.0,0.0,53.06730270385742,0.0,0.0,0.0,4.2731242179870605,0.0,0.0,0.0,1.033964991569519,0.0,0.0,0.0,0.0,0.0,1.0170657634735107,0.0,0.0,0.0,0.0,0.0,0.0,15.972704887390137,48.78549575805664,0.0,0.0,0.0,0.0,0.0,16.485868453979492,0.0,0.0,0.0,0.0,0.0,0.0,0.0,0.0,0.0,0.0,0.0,0.0,0.0,0.0,0.0,2.966092586517334,0.0,0.0,0.0,0.0,0.0,0.0,0.0,0.0,0.0,0.0,0.0,0.0,52.20863342285156,0.0,0.0,0.0,0.0,0.0,22.92261505126953,1.8591417074203491,13.559062004089355,0.0,0.0,0.0,0.0,0.0,0.0,53.889644622802734,0.0,0.0,23.88365936279297,0.0,0.0,14.7466459274292,0.0,0.0,0.0,0.0,19.059951782226562,0.0,0.0,0.0,0.0,0.0,0.0,0.0,49.03569030761719,0.0,0.0,0.0,0.0,0.0,0.0,0.0,0.0,0.0,0.0,0.0,28.4400634765625,0.0,5.87116003036499,0.0,0.0,0.0,30.46554183959961,0.0,0.0,0.0,0.0,0.0,12.64445686340332,0.0,0.0,8.650224685668945,0.0,0.0,0.0,0.0,0.0,0.0,0.0,22.366832733154297,0.0,16.39848518371582,0.0,0.0,0.0,0.0,0.0,0.0,0.0,0.0,3.731189727783203,0.0,0.0,0.0,0.0,12.287496566772461,0.0,0.0,0.0,0.0,0.0,0.0,0.0,0.0,0.0,0.0,0.0,0.0,0.0,0.0,14.541820526123047,38.258750915527344,0.0,0.0,0.0,0.0,0.0,0.0,2.6507723331451416,0.0,4.525604248046875,0.0,0.0,0.0,0.0,0.0,0.0,0.0,0.0,0.0,0.0,0.0,0.0,0.0,0.0,0.0,0.0,0.0,0.0,0.0,0.0,0.0,0.0,6.153952598571777,0.0,3.4714107513427734,0.0,0.0,0.0,0.0,0.0,0.0,0.0,0.0,0.0,0.0,0.0,0.0,0.0,0.0,0.0,0.0,0.0,0.0,16.57976722717285,0.0,0.0,0.0,0.0,23.63969612121582,0.0,0.0,0.0,0.0,0.0,8.07670783996582,48.90013885498047,0.0,0.0,0.0,0.0,0.0,0.0,0.0,0.0,0.0,0.0,0.0,0.0,0.0,0.0,0.0,0.0,0.0,0.0,0.0,0.0,0.0,0.0,0.0,0.0,0.0,0.0,0.0,0.0,0.0,0.0,0.0,0.0,0.0,0.0,0.0,0.0,0.0,0.0,0.0,0.0,0.0,0.0,0.0,0.0,0.0,0.0,0.0,0.0,0.0,0.0,0.0,0.0,0.0,0.0,0.0,18.77227210998535,0.0,0.0,0.0,0.0,0.0,0.0,0.0,0.0,0.0,0.0,0.0,0.0,0.0,0.0,0.0,0.0,0.0,0.0,0.0,0.0,0.0,0.0,0.0,0.0,0.0,0.0,0.0,0.0,0.0,0.0,0.0,0.0,0.0,0.0,0.0,0.0,0.0,0.0,0.0,0.0,1.1122664213180542,0.0,0.0,0.0,0.0,0.0,0.0,0.0,0.0,0.0,0.0,0.0,0.0,0.0,0.0,0.0,0.0,0.0,0.0,0.0,0.0,0.0,0.0,0.0,0.0,0.0,0.0,0.0,0.0,0.0,0.0,0.0,0.0,0.0,0.0,0.0,0.0,0.0,0.0,0.0,0.0,0.0,0.0,0.0,0.0,0.0,0.0,0.0,0.0,0.0,0.0,0.0,0.0,0.0,0.0,0.0,0.0,0.0,0.0,0.0,0.0,0.0,0.0,0.0,0.0,0.0,0.0,7.649584770202637,0.0,0.0,0.0,0.0,0.0,0.0,0.0,0.0,0.0,0.0,0.0,0.0,52.589630126953125,0.0,0.0,0.0,0.0,0.0,6.804261207580566,0.0,0.0,0.0,0.0,0.0,0.0,0.0,0.0,0.0,0.0,0.0,0.0,0.0,0.0,0.0,0.0,0.0,0.0,0.0,0.0,0.0,0.0,0.0,0.0,0.0,0.0,44.108367919921875,0.0,0.0,0.0,0.0,0.0,0.0,0.0,0.0,0.0,0.0,0.0,0.0,0.0,0.0,0.0,0.0,0.0,0.0,0.0,0.0,0.0,0.0,0.0,0.0,0.0,0.0,0.0,0.0,24.498178482055664,0.0,0.0,0.0,2.9715447425842285,0.0,0.0,0.0,0.0,0.0,0.0,0.0,0.0,0.0,0.0,0.0,70.76736450195312,0.0,0.0,0.0,0.0,0.0,11.862268447875977,0.0,6.339826583862305,0.0,4.752274036407471,3.2296886444091797,0.0,0.18421155214309692,0.0,0.0,0.0,0.0,0.0,0.0,0.0,0.0,23.61026954650879,0.0,0.0,0.0,27.477365493774414,0.0,0.0,0.0,0.0,0.0,0.0,0.0,2.9483871459960938,0.0,0.0,0.0,0.0,0.0,0.0,0.0,0.0,0.0,0.0,0.0,0.0,0.0,0.0,0.0,0.0,0.0,0.0,0.0,0.0,31.56161880493164,26.08710479736328,0.0,0.0,0.0,0.0,0.0,0.0,0.0,0.0,0.0,0.0,0.0,0.0,0.0,0.0,0.0,0.0,0.0,1.0445911884307861,0.0,0.0,0.0,0.0,0.0,0.0,0.0,0.0,0.0,0.0,0.0,0.0,0.0,0.0,0.0,0.0,0.0,0.0,0.0,0.0,0.0,0.0,50.0812873840332,0.0,0.0,0.0,0.0,0.0,0.0,0.0,0.0,0.0,0.0,0.0,30.377418518066406,0.0,0.0,0.0,0.0,0.0,0.0,0.0,0.0,0.0,0.0,0.0,0.0,0.0,0.0,0.0,13.908775329589844,0.0,0.0,0.0,0.0,0.0,0.0,0.0,0.0,0.0,0.0,3.873333692550659,0.0,0.0,0.0,9.717334747314453,0.0,0.0,9.647116661071777,0.0,0.0,0.0,0.0,0.0,0.0,0.0,0.0,0.0,0.0,0.0,0.0,0.0,0.0,0.0,0.0,0.0,0.0,0.0,0.0,0.0,0.0,0.0,0.0,2.3142549991607666,0.0,0.0,44.050758361816406,0.0,0.0,0.0,0.0,0.0,0.0,0.0,0.0,0.0,0.0,0.0,0.0,0.0,0.0,3.8501808643341064,0.0,0.0,0.0,0.0,0.0,0.0,0.0,0.0,0.0,0.0,13.211712837219238,0.0,0.0,0.0,32.62948989868164,0.0,0.0,0.0,0.0,0.0,0.0,0.0,0.0,0.0,0.0,0.0,0.0,0.0,0.0,0.0,0.0,0.0,0.0,0.0,0.0,0.0,33.35280227661133,0.0,0.0,6.865108013153076,0.0,0.0,0.0,0.0,0.0,0.0,0.0,0.0,0.0,0.0,0.0,0.0,0.0,0.0,0.0,0.0,0.0,0.0,0.0,0.0,0.0,0.0,0.0,0.0,0.0,0.0,0.0,0.0,0.0,0.0,36.38758087158203,0.0,0.0,0.0,0.0,0.0,0.0,0.0,0.0,0.0,0.0,0.0,0.0,0.0,0.0,0.0,0.0,0.0,0.0,0.0,0.0,0.0,0.0,0.0,0.0,0.0,0.0,0.0,0.0,0.0,0.0,0.0,0.0,0.0,0.0,0.0,0.0,0.0,0.0,0.0,0.0,0.0,0.0,0.0,0.0,0.0,0.0,0.0,0.0,0.0,0.0,0.0,0.0,0.0,0.0,0.0,0.0,0.0,0.0,0.0,0.0,0.0,0.0,0.0,0.0,0.0,0.0,0.0,0.0,0.0,0.0,0.0,0.0,0.0,0.0,0.0,0.0,0.0,0.0,0.0,0.0,0.0,0.0,0.0,0.0,0.0,0.0,0.0,0.0,0.0,0.0,0.0,0.0,0.0,0.0,0.0,0.0,0.0,0.0,0.0,0.0,0.0,0.0,0.0,0.0,0.0,0.0,0.0,0.0,0.0,0.0,0.0,0.0,0.0,0.0,0.0,0.0,0.0,0.0,0.0,0.0,0.0,0.0,0.0,0.0,0.0,0.0,0.0,0.0,0.0,0.0,0.0,0.0,0.0,0.0,0.0,0.0,0.0,0.0,0.0,0.0,0.0,0.0,0.0,0.0,0.0,0.0,0.0,0.0,0.0,0.0,0.0,0.0,0.0,0.0,0.0,0.0,0.0,0.0,0.0,0.0,0.0,0.0,0.0,0.0,0.0,0.0,0.0,0.0,0.0,0.0,0.0,0.0,0.0,0.0,0.0,0.0,0.0,0.0,0.0,0.0,0.0,0.0,0.0,0.0,0.0,0.0,0.0,0.0,0.0,0.0,0.0,0.0,0.0,0.0,0.0,0.0,0.0,0.0,0.0,0.0,0.0,0.0,0.0,0.0,0.0,0.0,0.0,0.0,0.0,81.01187133789062,0.0,0.0,0.0,0.0,0.0,0.0,0.0,0.20805473625659943,0.0,0.0,0.0,0.0,0.0,0.0,0.0,0.0,0.0,0.0,0.0,0.0,0.0,0.0,24.155521392822266,13.69983196258545,0.0,0.0,0.0,0.0,32.12861251831055,0.0,0.0,0.0,0.0,0.0,0.0,0.0,0.0,0.0,0.0,0.0,0.0,0.0,0.0,0.0,69.98638916015625,0.0,0.0,0.0,0.0,0.0,0.0,0.0,0.0,0.0,0.0,18.683507919311523,0.0,0.0,0.0,0.0,0.0,0.0,0.0,0.0,0.0,0.0,0.0,0.0,0.0,0.0,0.0,0.0,0.0,0.0,0.0,0.0,0.0,0.0,0.0,0.0,0.0,0.0,0.0,0.0,0.0,0.0,0.0,0.0,0.0,0.0,0.0,0.0,0.0,0.0,0.0,0.0,0.0,0.0,0.0,0.0,0.0,0.0,0.0,0.0,0.0,0.0,0.0,0.0,0.0,0.0,0.0,0.0,0.0,0.0,0.0,0.0,0.0,0.0,0.0,0.0,0.0,0.0,0.0,0.0,0.0,0.0,0.0,0.0,0.0,0.0,0.0,0.0,0.0,0.0,0.0,0.0,0.0,0.0,11.892685890197754,0.0,0.0,17.997970581054688,0.0,0.0,0.0,0.0,0.0,0.0,0.0,0.0,0.0,0.0,0.0,15.3886137008667,0.0,0.0,0.0,0.0,0.0,0.0,0.0,0.0,0.0,0.0,0.0,0.0,0.0,0.0,0.0,0.0,0.0,0.0,0.0,0.0,0.0,0.0,0.0,0.0,0.0,0.0,0.0,0.0,0.0,0.0,0.0,0.0,0.0,0.0,0.0,0.0,0.0,18.696813583374023,11.177014350891113,0.0,0.0,0.0,0.0,0.0,0.0,23.296693801879883,0.0,0.0,0.0,0.0,0.0,0.0,0.0,0.0,0.0,0.0,0.0,0.0,0.0,0.0,0.0,49.115196228027344,0.0,0.0,0.0,0.0,0.0,0.0,0.0,0.0,0.0,0.0,0.0,0.0,0.0,0.0,0.0,0.0,0.0,0.0,0.0,0.0,0.0,0.0,0.0,0.0,0.0,0.0,0.0,0.0,0.0,0.0,0.0,0.0,0.0,0.0,0.0,0.0,0.0,0.0,0.0,0.0,0.0,0.0,0.0,0.0,0.0,0.0,0.0,0.0,0.0,14.682579040527344,0.0,0.0,0.0,0.0,0.0,0.0,0.0,0.0,0.0,0.0,0.0,0.0,0.0,0.0,0.0,0.0,0.0,0.0,0.0,0.0,0.0,0.0,0.0,0.0,0.0,0.0,0.0,0.0,0.0,0.0,0.0,0.0,0.0,0.0,0.0,0.0,0.0,0.0,0.0,0.0,0.0,0.0,0.0,0.0,0.0,0.0,0.0,0.0,0.0,0.0,0.0,0.0,0.0,0.0,0.0,0.0,0.0,0.0,0.0,0.0,0.0,0.0,0.0,0.0,0.0,0.0,0.0,0.0,0.0,0.0,0.0,0.0,0.0,0.0,0.0,0.0,0.0,0.0,0.0,0.0,0.0,0.0,0.0,0.0,0.0,0.0,0.0,4.628607749938965,0.0,0.0,0.0,0.0,0.0,0.0,0.0,0.0,0.0,0.0,0.0,0.0,0.0,0.0,0.0,0.0,0.0,0.0,0.0,0.0,0.0,0.0,0.0,42.15927505493164,0.0,0.0,0.0,0.0,0.0,0.0,0.0,0.0,0.0,0.0,0.0,0.0,0.0,0.0,0.0,0.0,0.0,0.0,0.0,0.0,0.0,0.0,0.0,0.0,0.0,0.0,0.0,0.0,0.0,0.0,0.0,0.0,0.0,0.0,0.0,0.0,0.0,0.0,0.0,0.0,0.0,0.0,0.0,0.0,0.0,3.614516019821167,0.0,0.0,0.0,0.0,0.0,0.0,0.0,0.0,0.0,0.0,0.0,0.0,0.0,0.0,0.0,0.0,0.0,0.0,0.0,0.0,0.0,0.0,0.0,38.96135711669922,0.0,0.0,0.0,0.0,0.0,0.0,0.0,0.0,0.0,0.0,0.0,0.0,0.0,0.0,0.0,0.0,0.0,0.0,0.0,0.0,0.0,0.0,0.0,0.0,0.0,0.0,0.0,0.0,0.0,0.0,0.0,0.0,0.0,0.0,0.0,0.0,0.0,0.0,0.0,0.0,0.0,0.0,0.0,0.0,0.0,0.0,0.0,0.0,0.0,0.0,0.0,0.0,0.0,0.0,0.0,0.0,0.0,0.0,0.0,0.0,0.0,0.0,0.0,76.85467529296875,0.0,0.0,0.0,0.0,0.0,0.0,0.0,0.0,0.0,0.0,0.0,25.492860794067383,0.0,0.0,0.0,0.0,0.0,0.0,0.0,0.0,0.0,0.0,52.459964752197266,9.677974700927734,0.0,0.0,0.0,0.0,23.783533096313477,0.0,0.0,0.0,0.0,0.0,0.0,0.0,0.0,0.0,0.0,0.0,0.0,0.0,0.0,0.0,61.55964279174805,0.0,0.0,0.0,0.0,0.0,0.0,0.0,0.0,0.0,0.0,10.264344215393066,0.0,0.0,0.0,0.0,0.0,0.0,0.0,0.0,0.0,0.0,0.0,0.0,0.0,0.0,0.0,0.0,0.0,0.0,0.0,0.0,0.0,0.0,0.0,0.0,0.0,0.0,0.0,0.0,3.127817392349243,0.0,0.0,0.0,0.0,0.0,0.0,0.0,0.0,0.0,2.0308098793029785,0.0,0.0,0.0,0.0,0.0,0.0,0.0,0.0,0.0,0.0,0.0,0.0,0.0,0.0,0.0,0.0,0.0,0.0,0.0,0.0,0.0,0.0,0.0,0.0,0.0,0.0,0.0,0.0,0.0,0.0,0.0,0.0,0.0,0.0,29.21188735961914,0.0,0.0,0.0,0.0,0.0,0.0,0.0,0.0,30.106122970581055,0.0,0.0,7.657114028930664,0.0,0.0,0.0,0.0,0.0,0.0,0.0,0.0,0.0,0.0,0.0,0.0,0.0,0.0,0.0,0.0,0.0,0.0,0.0,0.0,0.0,0.0,0.0,0.0,0.0,0.0,0.0,0.0,0.0,0.0,0.0,0.0,0.0,0.0,0.0,0.0,0.0,0.0,0.0,0.0,0.0,0.0,0.0,0.0,0.0,0.0,0.0,0.0,0.0,44.5412712097168,24.848623275756836,0.0,0.0,0.0,0.0,0.0,0.0,34.63922119140625,0.0,0.0,0.0,0.0,0.0,0.0,0.0,0.0,0.0,0.0,0.0,0.0,0.0,0.0,0.0,31.488265991210938,0.0,0.0,0.0,0.0,0.0,0.0,0.0,0.0,0.0,0.0,0.0,0.0,0.0,0.0,0.0,0.0,0.0,6.106357097625732,0.0,0.0,0.0,0.0,0.0,0.0,0.0,0.0,0.0,0.0,0.0,0.0,0.0,0.0,0.0,0.0,0.0,0.0,0.0,5.691564559936523,0.0,0.0,0.0,0.0,0.0,0.0,0.0,0.0,0.0,0.0,0.0,29.28655433654785,0.0,0.0,0.0,0.0,0.0,0.0,0.0,0.0,0.0,0.0,0.0,0.0,0.0,0.0,0.0,0.0,0.0,0.0,0.0,0.0,0.0,0.0,0.0,0.0,0.0,0.0,0.0,0.0,0.0,0.0,0.0,0.0,0.0,0.0,0.0,15.60189151763916,0.0,0.0,0.0,0.0,0.0,0.0,0.0,0.0,0.0,0.0,0.0,0.0,0.0,0.0,0.0,0.0,0.0,0.0,0.0,0.0,0.0,0.0,0.0,0.0,0.0,0.0,0.0,0.0,0.0,0.0,0.0,0.0,0.0,0.0,0.0,0.0,0.0,0.0,0.0,0.0,0.0,0.0,0.0,0.0,0.0,0.0,0.0,0.0,0.0,0.0,0.0,0.0,0.0,0.0,0.0,0.0,0.0,0.0,0.0,0.0,0.0,0.0,0.0,0.0,0.0,0.0,0.0,0.0,0.0,0.0,0.0,0.0,0.0,0.0,0.0,42.77986526489258,0.0,0.0,0.0,0.0,0.0,0.0,0.0,0.0,0.0,0.0,0.0,0.0,0.0,0.0,0.0,0.0,0.0,0.0,0.0,0.0,0.0,0.0,0.0,0.0,0.0,0.0,0.0,0.0,0.0,0.0,0.0,0.0,0.0,0.0,0.0,0.0,0.0,0.0,0.0,0.0,0.0,0.0,0.0,0.0,0.0,0.0,0.0,0.0,0.0,0.0,0.0,0.0,0.0,0.0,0.0,0.0,0.0,0.0,0.0,0.0,0.0,0.0,0.0,0.0,0.0,0.0,0.0,0.0,0.0,30.196514129638672,0.0,0.0,0.0,0.0,0.0,0.0,0.0,0.0,0.0,0.0,0.0,0.0,0.0,0.0,0.0,0.0,0.0,0.0,0.0,0.0,0.0,0.0,0.0,0.0,0.0,0.0,0.0,0.0,0.0,0.0,0.0,0.0,0.0,0.0,0.0,0.0,0.0,0.0,0.0,0.0,0.0,0.0,0.0,0.0,0.0,0.0,0.0,0.0,0.0,0.0,0.0,0.0,0.0,0.0,0.0,0.0,0.0,0.0,0.0,0.0,0.0,0.0,0.0,62.388912200927734,0.0,0.0,0.0,0.0,0.0,0.0,0.0,0.0,0.0,0.0,0.0,27.160539627075195,0.0,0.0,0.0,0.0,0.0,0.0,0.0,0.0,0.0,0.0,13.420631408691406,0.0,0.0,0.0,0.0,0.0,4.867487907409668,0.0,0.0,0.0,0.0,0.0,0.0,0.0,0.0,0.0,0.0,0.0,0.0,0.0,0.0,0.0,60.351924896240234,0.0,0.0,0.0,0.0,0.0,0.0,0.0,0.0,0.0,0.0,4.542130470275879,0.0,0.0,0.0,0.0,0.0,0.0,0.0,0.0,0.0,0.0,0.0,0.0,0.0,0.0,0.0,0.0,0.0,0.0,0.0,0.0,0.0,0.0,0.0,0.0,0.0,0.0,0.0,0.0,0.0,0.0,0.0,0.0,0.0,0.0,0.0,0.0,0.0,0.0,8.037005424499512,0.0,0.0,0.0,0.0,0.0,18.92117691040039,0.0,0.0,0.0,0.0,0.0,0.0,0.0,0.0,0.0,0.0,0.0,0.0,0.0,0.0,0.0,0.0,0.0,0.0,0.0,0.0,0.0,0.0,0.0,0.0,0.0,0.0,0.0,0.0,13.602660179138184,0.0,0.0,0.0,0.0,0.0,0.0,0.0,0.0,0.0,0.0,0.0,0.0,0.0,0.0,0.0,0.0,0.0,0.0,0.0,0.0,0.0,0.0,0.0,11.237693786621094,0.0,0.0,0.0,0.0,0.0,0.0,0.0,0.0,0.0,0.0,0.0,0.0,0.0,0.0,0.0,0.0,0.0,0.0,0.0,0.0,0.0,0.0,0.0,0.0,0.0,0.0,0.0,0.0,0.0,0.0,0.0,0.0,0.0,0.0,0.0,0.0,0.0,6.987730503082275,0.0,0.0,0.0,0.0,0.0,0.0,0.0,33.40044403076172,0.0,0.0,0.0,0.0,0.0,0.0,0.0,0.0,0.0,0.0,0.0,0.0,0.0,0.0,0.0,63.69300079345703,0.0,0.0,0.0,0.0,0.0,0.0,0.0,0.0,0.0,0.0,0.0,0.0,0.0,0.0,0.0,0.0,0.0,0.0,0.0,0.0,0.0,0.0,0.0,0.0,0.0,0.0,0.0,0.0,0.0,0.0,0.0,0.0,0.0,0.0,0.0,0.0,0.0,0.0,0.0,0.0,0.0,0.0,0.0,0.0,0.0,0.0,0.0,0.0,0.0,3.384854316711426,0.0,0.0,0.0,0.0,0.0,0.0,0.0,0.0,0.0,0.0,0.0,0.0,0.0,0.0,0.0,0.0,0.0,0.0,0.0,0.0,0.0,0.0,0.0,0.0,0.0,0.0,0.0,0.0,18.979488372802734,0.0,0.0,0.0,0.0,0.0,0.0,94.19888305664062,0.0,0.0,0.0,0.0,0.0,0.0,0.0,0.0,0.0,0.0,0.0,0.0,0.0,0.0,0.0,0.0,0.0,0.0,0.0,0.0,0.0,0.0,16.195682525634766,0.0,0.0,0.0,0.0,0.0,0.0,0.0,0.0,0.0,0.0,0.0,0.0,0.0,0.0,0.0,0.0,0.0,0.0,0.0,0.0,0.0,0.0,0.0,0.0,0.0,3.433457136154175,0.0,0.0,0.5253102779388428,0.0,0.0,0.0,26.251684188842773,0.0,4.658689498901367,0.0,0.0,0.0,0.0,0.0,0.0,0.0,0.0,0.0,0.0,0.0,0.0,0.0,0.0,0.0,0.0,0.0,0.0,0.0,0.0,0.0,0.0,0.5174250602722168,0.0,0.0,0.0,0.0,0.0,53.13479995727539,0.0,0.0,0.0,0.0,0.0,0.0,0.0,0.0,0.0,0.0,0.0,0.0,0.0,13.645843505859375,0.0,0.0,0.0,0.0,0.0,0.0,0.0,0.0,0.0,0.0,0.0,0.0,0.0,0.0,0.0,0.0,0.0,0.0,0.0,0.0,0.0,0.0,0.0,0.0,0.0,0.0,0.0,0.0,0.0,0.0,0.0,0.0,0.0,0.0,0.0,0.0,0.0,0.0,0.0,0.0,0.0,0.0,0.0,3.4530224800109863,0.0,13.065122604370117,0.0,0.0,0.0,0.0,0.0,0.0,0.0,0.0,0.0,0.0,0.0,0.0,0.0,0.0,0.0,0.0,2.8939924240112305,0.0,0.0,0.0,0.0,0.0,0.0,0.0,0.0,0.0,0.0,0.0,0.0,8.538698196411133,0.0,0.0,0.0,0.0,0.0,25.843347549438477,0.0,0.0,3.9216110706329346,0.0,0.0,0.0,0.0,0.0,1.8356248140335083,0.0,0.0,0.0,0.0,0.0,0.0,0.0,0.0,0.0,0.0,0.0,0.0,0.0,0.0,0.0,0.0,0.0,67.36067199707031,0.0,0.0,0.0,0.0,0.0,0.0,12.031113624572754,0.0,0.0,0.0,0.0,0.0,0.0,0.0,0.0,0.0,0.0,0.0,0.0,0.0,0.0,0.0,19.579233169555664,0.0,0.0,0.0,0.0,0.0,63.833030700683594,0.0,0.0,0.0,9.10156536102295,0.0,0.0,0.0,0.0,0.0,0.0,0.0,0.0,0.0,0.0,0.0,95.9875717163086,0.0,0.0,0.0,0.0,11.188554763793945,21.355100631713867,0.0,0.0,0.0,16.19952392578125,7.829495429992676,0.0,0.0,0.0,0.0,0.0,0.0,0.0,0.0,0.0,0.0,0.0,0.0,0.0,0.0,9.985849380493164,0.0,0.0,0.0,0.0,0.0,0.0,0.0,0.0,0.0,0.0,0.0,0.0,0.0,0.0,0.0,0.0,0.0,0.0,0.0,0.0,0.0,0.0,0.0,0.0,0.0,0.0,0.0,0.0,0.0,29.315156936645508,0.0,8.689550399780273,0.0,25.30617904663086,0.0,0.0,0.0,0.0,0.0,0.0,0.0,0.0,0.0,0.0,0.0,0.0,0.0,0.0,0.0,0.0,0.0,0.0,0.0,0.0,0.0,0.0,0.0,0.0,0.0,0.0,0.0,0.0,0.0,0.0,0.0,0.0,0.0,0.0,0.0,0.0,36.91518020629883,0.0,0.0,0.0,0.0,0.0,0.0,0.0,0.0,0.0,0.0,0.0,24.263885498046875,0.0,0.0,0.0,0.0,0.0,0.0,0.0,0.0,16.806425094604492,0.0,0.0,0.0,0.0,0.0,0.0,0.0,0.0,0.0,0.0,0.0,0.0,0.0,0.0,0.0,0.0,0.0,0.0,0.0,0.0,0.0,0.0,0.0,0.0,0.0,0.0,0.0,0.0,0.0,0.0,0.0,0.0,0.0,0.0,0.0,0.0,0.0,0.0,0.0,0.0,0.0,0.0,0.0,0.0,0.0,0.0,0.0,0.0,0.0,12.126843452453613,0.0,0.0,86.53528594970703,23.540037155151367,0.0,0.0,0.0,0.0,0.0,0.0,0.0,0.0,0.0,0.0,0.0,0.0,0.0,0.0,0.0,0.0,0.0,0.0,0.0,0.0,0.0,0.0,0.0,0.0,0.0,0.0,0.0,0.0,0.0,0.0,0.0,0.0,0.0,0.0,0.0,0.0,0.0,0.0,0.0,0.0,0.0,0.0,0.0,0.0,0.0,0.0,0.0,0.0,0.0,0.0,0.0,0.0,0.0,0.0,0.0,0.0,0.0,0.0,0.0,0.0,0.0,0.0,0.0,0.0,0.0,0.0,0.0,0.0,0.0,0.0,0.0,0.0,0.0,0.0,2.8564035892486572,0.0,0.0,38.585533142089844,0.35513967275619507,0.0,0.0,0.0,0.0,19.519908905029297,84.22673797607422,0.0,0.0,0.0,0.0,0.0,0.0,0.0,0.0,2.8582301139831543,0.0,0.0,0.0,0.0,0.0,0.0,0.0,0.0,0.0,0.0,0.0,0.0,5.416812419891357,16.705669403076172,0.0,0.0,8.445886611938477,0.0,0.0,0.0,0.0,0.0,0.0,0.0,0.0,0.0,0.0,4.981097221374512,0.0,0.0,0.0,0.0,0.0,0.0,0.0,11.641483306884766,0.0,0.0,0.0,31.225627899169922,0.0,8.36353874206543,28.098602294921875,0.0,0.0,0.0,37.32414627075195,0.0,4.546158790588379,0.0,0.0,0.0,0.0,0.0,0.0,0.0,0.0,0.0,0.0,0.0,0.0,1.378887414932251,0.0,0.0,0.0,2.298393487930298,0.0,13.123885154724121,0.0,0.0,0.0,28.419694900512695,0.0,0.0,0.0,0.0,0.0,38.412109375,0.0,1.9664397239685059,0.0,0.0,0.0,0.0,0.0,0.0,0.0,0.0,0.0,0.0,0.0,32.62032699584961,0.0,4.284127712249756,0.0,0.0,0.0,0.0,0.0,0.0,0.0,0.0,0.0,0.0,0.0,0.0,0.0,0.0,0.0,0.0,0.0,8.048340797424316,0.0,0.0,0.0,0.0,0.0,0.0,8.251470565795898,0.0,0.0,0.0,2.8918209075927734,0.0,0.0,0.0,0.0,0.0,0.0,0.0,0.29197946190834045,0.0,0.0,0.0,0.0,13.74835205078125,0.0,19.90918731689453,0.0,0.0,0.0,0.0,0.0,0.0,0.0,0.0,0.0,0.0,0.0,0.0,0.0,0.0,0.0,0.0,9.486230850219727,4.0868916511535645,0.0,0.0,0.0,0.0,0.0,0.0,0.0,0.0,0.0,0.0,0.0,59.14589309692383,0.0,0.0,0.0,0.0,0.0,11.401151657104492,0.0,0.0,23.686634063720703,0.0,11.01047134399414,0.0,0.0,0.0,12.184099197387695,0.0,0.0,0.0,0.0,0.0,0.0,0.0,0.0,0.0,12.082023620605469,0.0,0.0,0.0,0.0,0.0,0.0,0.0,28.946033477783203,0.0,0.0,0.0,0.0,0.0,0.0,19.28434181213379,0.0,0.0,0.0,0.0,0.0,0.0,0.0,12.342460632324219,0.0,0.0,0.0,0.0,0.0,0.0,0.0,2.4048736095428467,0.0,0.0,0.0,0.0,0.0,82.10132598876953,0.0,0.0,0.0,0.0,0.0,25.31296730041504,17.45053482055664,0.0,0.0,0.0,0.0,0.0,0.0,0.0,0.0,61.72585678100586,6.037116050720215,5.481985569000244,0.0,0.0,20.001811981201172,39.904476165771484,0.0,26.443666458129883,21.026199340820312,17.663738250732422,0.0,0.0,0.0,0.0,0.0,10.201436996459961,0.0,0.0,0.0,0.0,0.0,0.0,0.0,0.0,0.0,22.334453582763672,0.0,0.0,0.0,0.41677239537239075,0.0,0.0,0.0,0.0,0.0,0.0,0.0,0.0,0.0,0.0,0.0,0.0,0.0,0.0,0.0,0.0,0.0,0.0,0.0,0.8512023687362671,14.874279022216797,0.0,0.0,0.0,3.0529823303222656,47.08978271484375,0.0,12.912075996398926,0.0,57.02246856689453,0.0,0.0,0.0,0.0,9.175016403198242,0.0,0.0,0.0,0.0,0.0,0.0,0.0,0.0,0.0,15.992613792419434,0.0,0.0,0.0,0.0,0.0,0.0,0.0,7.643856525421143,0.0,0.0,0.0,0.0,0.0,0.0,0.0,16.828903198242188,0.0,0.0,0.0,0.0,0.0,62.1302604675293,0.0,0.0,10.839287757873535,0.0,0.0,0.0,0.0,0.0,0.0,0.0,3.0847795009613037,0.0,0.0,0.0,0.0,0.0,0.0,0.0,0.0,0.0,0.0,0.7220234274864197,0.0,0.0,0.0,0.0,0.0,5.0693230628967285,0.0,0.0,6.994940757751465,0.0,0.0,0.0,0.0,0.0,5.569692134857178,4.15024471282959,0.0,0.39660993218421936,0.0,0.0,21.423574447631836,0.0,0.0,0.0,0.0,0.0,23.99178695678711,0.0,0.0,0.0,0.0,0.0,0.0,0.0,0.0,0.0,0.0,0.0,0.0,0.0,0.0,0.0,9.2898530960083,0.0,0.0,0.0,0.0,0.0,0.0,0.0,0.0,38.850181579589844,55.34685516357422,0.0,7.0304741859436035,0.0,0.0,12.17107105255127,0.0,12.807083129882812,0.0,0.0,0.0,0.0,0.0,0.0,0.0,0.0,0.0,3.918552875518799,0.0,0.40379470586776733,0.0,0.0,0.0,0.0,0.0,0.0,0.0,0.0,0.0,23.36408233642578,0.0,17.27010154724121,6.791337966918945,1.825074553489685,0.0,0.0,0.0,0.0,0.0,35.886207580566406,0.0,0.0,0.0,0.0,0.0,0.0,0.0,0.0,0.0,0.0,0.0,28.4897403717041,0.0,0.0,0.0,0.0,0.0,1.9097846746444702,4.925873756408691,0.0,0.0,0.0,0.0,0.0,0.0,0.0,0.0,0.0,0.0,0.0,0.0,0.0,0.0,3.711488723754883,0.0,0.0,0.0,0.0,0.0,0.0,4.150781631469727,0.0,0.0,0.0,4.82680606842041,0.0,0.0,0.0,0.0,0.0,0.0,0.0,0.0,0.0,0.0,23.463788986206055,0.0,4.7272772789001465,0.0,0.0,0.0,0.0,3.0507349967956543,0.0,0.0,0.0,0.0,0.0,0.0,0.0,0.0,0.0,3.6273353099823,0.0,0.0,0.0,0.0,5.1713128089904785,0.0,0.0,0.0,0.0,0.0,0.0,10.069519996643066,0.0,0.0,0.0,0.0,0.0,1.8386800289154053,0.0,0.0,0.0,0.0,0.0,0.0,0.0,0.0,0.0,0.0,0.0,0.0,0.0,0.0,0.0,0.0,0.0,0.0,0.0,0.0,0.0,0.0,0.0,0.0,0.0,0.0,0.0,0.0,0.0,20.07370376586914,0.0,0.0,40.59248733520508,0.0,0.0,0.0,0.0,0.0,2.7806549072265625,0.0,0.0,0.0,0.0,4.337028503417969,0.0,0.0,0.0,19.311124801635742,0.0,31.71833610534668,0.0,0.0,0.0,0.0,10.352254867553711,0.0,0.0,0.0,0.0,0.0,0.0,0.0,12.97520923614502,0.0,0.0,0.0,0.0,7.455106258392334,0.0,0.0,0.0,26.235389709472656,0.0,0.0,0.0,14.002405166625977,1.2871063947677612,0.0,0.0,0.0,0.0,0.0,0.0,0.0,0.0,0.0,0.0,0.0,0.0,0.0,0.0,19.51547622680664,0.0,0.0,0.0,20.07335090637207,0.0,7.502658843994141,0.0,9.298725128173828,0.0,0.0,0.0,0.0,20.48307991027832,0.0,0.0,0.0,0.0,0.0,0.0,0.0,0.0,4.834765911102295,0.0,0.0,0.0,0.0,0.0,0.0,0.0,0.0,0.0,0.0,7.1185760498046875,0.0,0.0,0.0,0.0,19.176071166992188,0.0,9.510175704956055,0.0,0.0,0.0,0.0,0.0,7.351866722106934,0.0,0.0,0.0,0.0,0.0,20.265260696411133,0.0,0.0,0.0,0.0,0.0,0.0,0.0,0.0,0.0,0.0,0.0,25.245691299438477,5.470485687255859,0.0,0.0,0.0,6.123779773712158,0.0,0.0,0.0,0.0,0.0,0.0,0.0,0.0,0.0,0.0,0.0,0.0,0.0,0.0,0.0,0.0,0.0,0.0,0.0,0.0,0.0,0.0,0.0,0.0,0.0,0.0,0.0,0.0,0.0,0.0,0.0,0.0,0.694469690322876,0.0,0.0,1.7295664548873901,0.0,0.0,0.0,0.0,0.0,0.0,0.0,2.8854570388793945,0.0,0.0,0.0,0.0,0.0,0.0,9.430310249328613,0.0,12.608670234680176,0.0,36.14918518066406,0.0,0.0,0.0,0.0,0.0,0.0,0.0,0.0,0.0,0.0,0.0,0.0,0.0,2.1838302612304688,0.0,0.0,0.0,0.0,0.0,8.917712211608887,0.0,0.0,39.60816955566406,63.35985565185547,0.0,0.0,6.39451265335083,40.43886184692383,0.0,0.0,0.0,2.8603572845458984,0.0,0.0,0.0,0.0,0.0,0.0,0.0,0.0,0.0,10.172788619995117,0.0,47.08721160888672,0.0,0.0,0.0,0.0,0.0,56.67515563964844,0.0,0.0,0.0,0.0,0.0,0.0,0.0,0.0,0.0,0.0,0.0,0.0,0.6956688761711121,0.0,0.0,0.0,0.0,0.0,0.0,0.0,0.0,0.0,0.0,0.0,0.0,0.0,0.0,0.0,0.0,0.0,0.0,0.0,0.0,0.0,40.861167907714844,0.0,0.0,0.0,0.0,0.0,0.0,13.646687507629395,27.17673683166504,9.837852478027344,0.0,0.0,0.0,0.0,0.0,31.730627059936523,0.0,0.0,12.368967056274414,0.0,0.0,2.7395520210266113,0.0,0.0,0.0,0.0,0.0,0.0,0.0,0.0,0.0,0.0,0.0,0.0,34.024024963378906,0.0,0.0,0.0,0.0,13.79942512512207,0.0,0.0,0.0,7.352566242218018,0.0,3.0829455852508545,31.757417678833008,0.0,0.0,0.0,0.0,0.0,9.60258960723877,0.0,0.0,0.0,0.0,0.0,0.8243297934532166,0.0,0.0,12.34525203704834,0.0,0.0,0.0,0.0,0.0,0.0,0.0,0.0,0.0,16.80228042602539,0.0,0.0,0.0,0.0,0.0,0.0,0.0,0.0,4.969379425048828,0.0,0.0,0.0,0.0,5.586908340454102,0.0,0.0,0.0,6.738881587982178,0.0,0.0,16.468507766723633,0.0,0.0,0.0,0.0,0.0,0.0,0.0,0.0,29.870981216430664,0.0,0.0,0.0,0.0,0.0,4.441990852355957,0.0,0.0,0.0,0.0,0.0,0.0,0.0,0.0,0.0,0.0,0.0,0.0,0.0,0.0,0.0,0.0,0.0,0.0,0.0,0.0,0.0,0.0,0.0,0.0,0.0,0.0,6.157838821411133,0.0,0.0,0.0,0.0,0.0,0.0,0.0,0.0,5.368875026702881,0.0,0.0,0.0,0.0,0.0,0.0,0.0,0.0,0.0,0.0,19.309925079345703,0.0,0.0,0.0,0.0,3.6186273097991943,0.0,6.186484336853027,0.0,0.0,0.0,21.46711540222168,24.037708282470703,0.0,0.0,0.0,0.0,0.0,0.0,0.0,0.0,0.0,4.241087436676025,0.0,10.826562881469727,3.5010905265808105,9.452188491821289,0.0,0.0,0.0,0.0,0.0,0.0,0.0,0.0,0.0,0.0,0.0,0.0,0.0,0.0,0.0,14.320454597473145,9.289860725402832,0.0,0.0,0.0,0.0,0.0,0.0,0.0,0.0,0.0,0.0,0.0,0.0,0.0,0.0,1.2227541208267212,0.0,0.0,0.0,0.0,0.0,0.0,0.0,0.0,0.0,0.0,0.0,0.0,0.0,0.0,0.0,0.0,0.0,0.0,0.0,0.0,0.0,0.0,0.0,0.0,0.0,10.65796184539795,0.0,0.0,29.833051681518555,0.0,5.698854446411133,14.461443901062012,0.0,0.0,0.0,0.0,0.0,0.0,0.0,0.0,0.0,0.0,0.0,0.0,0.0,0.0,0.0,0.0,16.759843826293945,8.165446281433105,0.0,0.0,0.0,8.284687995910645,0.0,0.0,2.8816800117492676,0.0,0.0,13.707901954650879,0.0,13.310601234436035,0.0,0.0,0.0,0.0,0.32309290766716003,0.0,0.0,0.0,28.479759216308594,0.0,0.0,0.0,27.917505264282227,0.0,0.0,0.0,0.0,0.0,0.0,0.0,0.0,0.0,0.0,16.417680740356445,0.0,0.0,0.0,0.0,19.953702926635742,0.0,0.0,0.0,0.0,0.0,17.033178329467773,0.0,5.410932540893555,0.0,6.699650287628174,0.0,0.0,0.0,0.0,0.0,0.0,0.0,0.0,0.0,0.0,0.0,0.0,0.0,0.0,0.0,0.0,4.655046463012695,0.0,0.0,0.0,0.0,12.621612548828125,22.917360305786133,0.0,0.0,0.0,0.0,8.084033012390137,0.0,48.14870071411133,0.0,0.0,0.0,0.0,5.658815860748291,25.513343811035156,0.0,0.0,0.0,0.0,0.0,0.0,0.0,0.0,0.0,0.0,0.0,0.0,0.0,0.0,0.0,0.0,0.0,4.8520121574401855,0.0,0.0,0.0,0.0,0.0,0.0,0.0,0.0,19.698293685913086,2.2476842403411865,0.0,0.0,13.206805229187012,0.0,0.0,2.132399320602417,0.0,0.0,0.0,0.0,0.0,0.0,0.0,0.0,0.0,0.0,0.0,0.0,0.0,3.0304794311523438,0.0,0.0,0.0,0.0,0.0,0.0,0.0,10.327224731445312,0.0,0.0,0.0,0.0,0.0,0.0,0.0,0.0,0.0,0.0,0.0,0.0,0.0,0.0,0.0,5.7178730964660645,0.0,0.0,0.0,14.56877326965332,0.0,16.012243270874023,0.0,1.6641485691070557,0.0,1.5201020240783691,0.9838229417800903,0.0,5.962385177612305,0.0,0.0,0.0,0.0,0.0,0.0,0.0,0.0,22.813901901245117,0.0,0.0,0.0,62.14035415649414,0.0,0.0,0.0,27.51643180847168,0.0,0.0,0.0,18.513578414916992,7.498571872711182,0.0,0.0,0.0,0.0,0.0,16.43679428100586,0.0,0.0,0.0,0.0,0.0,0.0,0.0,0.0,8.362751007080078,0.0,0.0,0.0,0.0,7.827690124511719,82.94759368896484,0.0,0.0,0.0,0.0,0.0,0.0,0.0,0.0,0.0,0.0,0.0,0.0,1.3329342603683472,0.0,0.0,0.0,0.0,2.7642574310302734,0.0,0.0,0.0,0.0,0.0,0.0,0.0,0.0,0.0,0.0,0.0,0.0,0.0,0.0,0.0,0.0,39.37558364868164,0.0,0.0,0.0,0.0,0.0,30.542316436767578,0.0,0.0,0.0,0.0,0.0,0.0,0.0,0.0,27.34593391418457,0.0,0.0,29.464412689208984,0.0,0.0,1.8613381385803223,3.3874635696411133,0.012933753430843353,0.0,0.0,0.0,0.0,0.0,0.0,0.0,0.0,0.0,0.0,0.0,0.0,0.0,0.0,6.706982135772705,2.096853256225586,0.0,3.1364729404449463,0.0,1.4851011037826538,0.0,12.744820594787598,0.0,0.0,0.0,0.0,0.0,0.0,17.009340286254883,0.0,0.0,0.0,1.6475499868392944,0.0,0.0,0.0,0.0,0.0,0.0,0.0,0.0,0.0,0.0,0.0,0.0,0.0,0.0,2.8350934982299805,0.0,0.0,0.0,0.0,0.0,0.0,0.0,0.0,7.389166831970215,0.0,0.0,0.0,0.0,0.0,0.0,0.0,0.0,0.0,0.0,0.0,5.050265312194824,0.0,0.0,0.8809926509857178,0.0,0.0,0.0,0.0,0.0,20.248870849609375,0.0,0.0,0.0,0.0,9.456308364868164,0.0,0.0,0.0,32.796199798583984,0.0,0.0,26.061189651489258,0.0,0.0,0.0,0.0,0.0,0.0,0.0,0.0,0.0,0.0,0.0,0.0,0.0,0.0,0.0,0.0,0.0,0.0,0.0,0.0,0.0,0.0,0.0,0.0,0.0,0.0,0.0,0.0,0.0,0.0,0.0,0.0,0.0,0.0,0.0,0.0,0.0,0.0,0.0,0.0,9.616710662841797,0.0,0.0,0.0,0.0,0.0,0.0,0.0,0.0,0.0,0.0,2.5081796646118164,25.88136100769043,0.0,0.0,0.0,0.0,0.0,0.0,0.0,0.0,0.0,0.0,0.0,0.0,10.003792762756348,5.208468437194824,0.0,0.0,0.0,0.0,0.0,0.0,0.0,0.0,0.0,0.0,0.0,0.0,0.0,0.0,0.0,0.0,0.0,0.0,0.0,0.0,0.0,0.0,0.0,0.0,0.0,0.0,0.0,0.0,0.0,0.0,0.0,0.0,0.0,0.0,0.0,0.0,0.0,0.0,0.0,0.0,0.0,0.0,0.0,0.0,0.0,0.0,0.0,0.0,0.0,0.0,0.0,0.0,0.0,0.0,0.0,0.0,0.0,0.0,0.0,0.0,0.0,0.0,6.394565582275391,0.0,0.0,0.0,0.0,0.0,0.0,0.0,0.0,0.0,29.44059944152832,0.0,0.0,0.0,0.0,0.0,0.0,0.0,0.0,10.754273414611816,0.0,0.0,0.0,0.0,0.0,0.0,0.0,0.0,0.0,23.76332664489746,0.0,0.0,0.0,0.0,0.0,0.0,0.0,0.0,0.0,0.0,0.0,0.0,0.0,0.0,0.0,0.0,0.0,0.0,0.0,0.0,0.0,0.0,0.0,0.0,0.0,18.904584884643555,0.0,0.0,0.0,0.0,0.0,0.0,0.0,0.0,0.0,0.0,7.744578838348389,0.0,0.0,0.0,32.800777435302734,0.0,0.0,0.0,0.0,0.0,0.0,0.0,0.0,0.0,0.0,0.0,0.0,0.0,0.0,0.0,0.0,0.0,0.0,0.0,0.0,0.0,0.0,0.0,0.0,0.0,0.0,0.0,0.0,0.0,13.16578483581543,0.0,0.0,0.0,0.0,0.0,1.426070213317871,0.0,0.0,0.0,0.0,0.0,0.0,0.0,0.0,0.0,0.0,0.0,0.0,0.0,0.0,0.0,0.0,0.0,0.0,0.0,0.0,0.0,0.0,0.0,0.0,0.0,0.0,35.645484924316406,0.0,0.0,0.0,12.443098068237305,0.0,0.0,9.071072578430176,0.0,0.0,0.0,0.0,0.0,0.0,0.0,0.0,0.0,0.0,0.0,0.0,0.0,0.0,0.0,0.0,0.0,0.0,0.0,0.0,0.0,14.060290336608887,0.0,0.0,0.0,0.0,0.0,0.0,0.0,0.0,0.0,0.0,0.0,0.0,0.0,0.0,0.0,38.24079895019531,0.0,0.0,0.0,0.0,0.0,0.0,0.0,0.0,0.0,5.467026233673096,0.0,0.0,3.476206064224243,0.0,0.0,0.0,0.0,0.0,0.0,0.0,0.0,0.0,0.0,0.0,0.0,30.728548049926758,0.0,0.0,0.0,0.0,0.0,0.0,0.0,0.0,0.0,0.0,0.0,0.0,0.0,0.0,10.181646347045898,0.0,0.0,0.0,0.0,0.0,0.0,0.0,0.0,2.737720489501953,0.0,0.0,0.0,0.0,0.0,50.060401916503906,0.0,0.0,0.0,0.0,0.0,0.0,0.0,0.0,0.0,0.0,0.0,0.0,0.0,0.0,0.0,0.0,0.0,0.0,0.0,0.0,0.0,0.0,0.0,0.0,0.0,0.0,0.0,0.0,0.0,0.0,0.0,0.0,0.0,0.0,2.2128167152404785,0.0,0.0,0.0,0.0,0.0,33.18947982788086,0.0,0.0,0.0,0.0,0.0,0.0,0.0,0.0,0.0,0.0,0.0,31.208194732666016,0.0,0.0,0.0,0.0,0.0,0.0,0.0,0.0,0.0,0.0,0.0,0.0,0.0,0.0,0.0,0.0,0.0,0.0,0.0,0.0,0.0,0.0,0.0,2.3415462970733643,0.0,0.0,0.0,0.0,0.0,0.0,0.0,0.0,0.0,0.0,0.0,0.0,0.0,0.0,0.0,0.0,0.0,0.0,0.0,0.0,0.0,0.0,0.0,0.0,0.0,0.0,0.0,0.0,0.0,0.0,0.0,0.0,0.0,0.0,2.0385751724243164,0.0,0.0,27.647626876831055,0.0,0.0,0.0,0.0,0.7505025863647461,0.0,0.0,0.0,0.0,0.0,0.0,0.0,0.0,0.0,0.0,0.0,0.0,0.0,0.0,0.0,0.0,0.0,0.0,0.0,0.0,10.701997756958008,0.0,0.0,0.0,4.491191864013672,0.0,0.0,33.7000732421875,0.0,0.0,0.0,0.0,0.0,0.0,0.0,0.0,0.0,0.0,0.0,0.0,11.166438102722168,0.0,0.0,0.0,17.191539764404297,0.0,0.0,0.0,0.0,0.0,0.0,0.0,0.0,0.0,0.0,0.0,0.0,0.0,0.0,0.0,0.0,0.0,0.0,0.0,0.0,0.0,0.0,0.0,0.0,0.0,0.0,0.0,0.0,0.0,0.0,0.0,0.0,0.0,0.0,0.0,20.25519371032715,0.0,0.0,19.869739532470703,0.0,0.0,0.0,0.0,0.0,0.0,0.0,0.0,0.0,8.196063041687012,0.0,0.0,0.0,0.0,0.0,0.0,0.0,0.0,0.0,0.0,0.0,0.0,0.0,0.0,0.0,0.0,0.0,0.0,0.0,0.0,0.0,0.0,0.0,0.0,0.0,0.0,0.0,0.0,0.0,0.0,0.0,0.0,0.0,0.0,0.0,0.0,0.0,0.0,0.0,0.0,0.0,0.0,0.0,0.0,0.0,0.0,0.0,0.0,0.0,0.0,0.0,0.0,0.0,0.0,0.0,0.0,0.0,0.0,0.0,0.0,0.6359986662864685,0.0,0.0,11.089858055114746,0.0,0.0,0.0,0.0,0.0,0.0,0.0,0.0,0.0,38.160804748535156,0.0,0.0,0.0,0.0,0.0,0.0,0.0,0.0,0.0,0.0,0.0,0.0,0.0,0.0,0.0,0.0,0.0,0.0,25.360441207885742,0.0,0.0,0.0,0.0,0.0,0.0,0.0,0.0,0.0,0.0,0.0,0.0,0.0,0.0,0.0,0.0,0.0,0.0,0.0,0.0,0.0,0.0,0.0,0.0,0.0,13.901567459106445,0.0,0.0,0.0,0.0,0.0,0.0,0.0,0.0,0.0,0.0,6.841372966766357,0.0,0.0,0.0,29.811491012573242,0.0,0.0,0.0,0.0,0.0,0.0,0.0,0.0,0.0,0.0,0.0,0.0,0.0,0.0,0.0,0.0,0.0,0.0,0.0,0.0,0.0,0.0,0.0,0.0,0.0,0.0,0.0,0.0,0.0,0.0,0.0,0.0,0.0,0.0,0.0,0.0,0.0,0.0,0.0,0.0,0.0,0.0,0.0,0.0,0.0,0.0,0.0,0.0,0.0,0.0,0.0,0.0,0.0,0.0,0.0,0.0,0.0,0.0,0.0,0.0,0.0,0.0,45.51985549926758,0.0,0.0,0.0,8.646285057067871,0.0,0.0,16.200420379638672,0.0,0.0,0.0,0.0,0.0,0.0,0.0,0.0,0.0,0.0,7.822210788726807,0.0,0.0,0.0,0.0,0.0,0.0,0.0,0.0,0.0,0.0,0.8641325235366821,0.4377126693725586,0.0,0.0,0.0,0.0,0.0,0.0,0.0,0.0,0.0,0.0,0.0,0.0,0.0,0.0,49.70793151855469,0.0,0.0,0.0,0.0,0.0,0.0,0.0,0.0,0.0,9.314834594726562,0.0,0.0,0.0,0.0,0.0,0.0,0.0,0.0,0.0,0.0,0.0,0.0,0.0,0.0,0.0,0.0,0.0,0.0,0.0,0.0,0.0,0.0,0.0,0.0,0.0,0.0,0.0,0.0,0.0,0.0,0.0,0.0,0.0,0.0,0.0,0.0,0.0,0.0,0.0,0.0,0.0,0.0,0.0,0.0,0.0,35.760623931884766,0.0,0.0,0.0,0.0,0.0,0.0,0.0,0.0,0.0,0.0,0.0,0.0,0.0,0.0,0.0,0.0,0.0,0.0,0.0,0.0,0.0,0.0,0.0,0.0,0.0,0.0,0.0,0.0,0.0,0.0,0.0,0.0,0.0,0.0,0.0,0.0,0.0,13.285917282104492,0.0,0.0,28.910221099853516,0.0,0.0,0.0,0.0,0.0,0.0,0.0,0.0,0.0,0.0,0.0,30.40228271484375,0.0,0.0,0.0,0.0,0.0,3.085688829421997,0.0,0.0,3.9647278785705566,0.0,0.0,0.0,0.0,0.0,0.0,0.0,0.0,0.0,0.0,0.0,0.0,0.0,0.0,0.0,0.0,0.0,0.0,0.0,0.0,0.0,0.0,0.0,0.0,0.0,0.0,0.0,0.0,0.0,0.0,0.0,0.0,0.0,0.0,0.0,0.0,0.0,0.0,0.0,0.0,0.0,0.0,0.0,0.0,0.0,0.0,0.0,0.0,0.0,0.0,0.0,0.0,31.336761474609375,0.0,0.0,0.0,0.0,9.337597846984863,0.0,0.0,0.0,0.0,0.0,0.0,0.0,0.0,0.0,0.0,0.0,0.0,0.0,0.0,0.0,0.0,0.0,0.0,0.0,0.0,0.0,0.0,0.0,0.0,0.0,0.0,0.0,8.258721351623535,0.0,0.0,0.0,0.0,0.0,0.0,0.0,0.0,0.0,0.0,0.0,0.0,24.589500427246094,0.0,0.0,0.0,26.291751861572266,0.0,0.0,0.0,0.0,0.0,0.0,0.0,0.0,0.0,0.0,0.0,0.0,0.0,0.0,0.0,0.0,0.0,0.0,0.0,0.0,0.0,0.0,0.0,0.0,0.0,0.0,0.0,0.0,0.0,4.167710781097412,0.0,0.0,0.0,0.0,0.0,25.363527297973633,0.0,0.0,26.2393741607666,0.0,0.0,0.0,0.0,0.0,0.0,0.0,0.0,0.0,0.0,0.0,0.0,0.0,0.0,0.0,0.0,0.0,0.0,0.0,0.0,0.0,0.0,0.0,0.0,0.0,0.0,0.0,0.0,0.0,0.0,0.0,0.0,0.0,0.0,0.0,0.0,0.0,0.0,0.0,0.0,0.0,0.0,0.0,0.0,0.0,0.0,0.0,0.0,0.0,0.0,0.0,0.0,0.0,0.0,0.0,0.0,0.0,0.0,0.0,0.0,0.0,0.0,0.0,0.0,0.0,0.0,0.0,0.0,5.620769023895264,0.0,0.0,0.0,0.0,7.399506092071533,0.0,0.0,0.0,0.0,0.0,0.0,0.0,0.0,0.0,22.49591827392578,0.0,0.0,0.0,0.0,0.0,0.0,0.0,0.0,20.770872116088867,0.0,0.0,0.0,0.0,0.0,0.0,0.0,0.0,0.0,28.064865112304688,0.0,0.0,0.0,0.0,0.0,0.0,0.0,0.0,0.0,0.0,0.0,0.0,0.0,0.0,0.0,0.0,0.0,0.0,0.0,0.0,0.0,0.0,0.0,0.0,0.0,9.006060600280762,0.0,0.0,0.0,0.0,0.0,0.0,0.0,0.0,0.0,0.0,5.849489212036133,0.0,0.32744503021240234,0.0,19.842784881591797,0.0,0.0,0.0,0.0,0.0,0.0,0.0,0.0,0.0,0.0,0.0,0.0,0.0,0.0,0.0,0.0,0.0,0.0,0.0,0.0,0.0,0.0,0.0,0.0,0.0,0.0,0.0,0.0,0.0,0.0,0.0,0.0,0.0,0.0,0.0,18.93477439880371,0.0,0.0,0.0,0.0,5.883260726928711,0.0,0.0,0.0,0.0,0.0,0.0,0.0,0.0,0.0,0.0,0.0,0.0,0.0,0.0,0.0,0.0,0.0,0.0,0.0,0.0,0.0,45.03635787963867,0.0,0.0,0.0,0.0,0.0,0.0,0.0,0.0,0.0,0.0,0.0,0.0,0.0,0.0,0.0,0.0,0.0,0.2911417484283447,0.0,0.0,0.0,0.0,5.259311199188232,0.0,0.0,0.0,0.0,0.0,0.0,4.530484676361084,0.0,0.0,0.0,0.0,0.0,0.0,0.0,0.0,0.0,0.0,0.0,0.0,0.0,0.0,39.145381927490234,0.0,0.0,0.0,0.0,0.0,0.0,0.0,0.0,0.0,0.0,0.0,0.0,0.0,0.0,0.0,0.0,0.0,0.0,0.0,0.0,0.0,0.0,0.0,0.0,0.0,0.0,0.0,0.0,0.0,0.0,0.0,0.0,0.0,0.0,0.0,0.0,0.0,0.0,0.0,0.0,0.0,0.0,0.0,0.0,0.0,0.0,0.0,0.0,0.0,16.27286148071289,0.0,0.0,0.0,0.0,0.0,32.536048889160156,0.0,0.0,0.0,0.0,0.0,0.0,0.0,0.0,0.0,0.0,0.8929770588874817,0.0,0.0,0.0,0.0,0.0,0.0,0.0,0.0,0.0,0.0,0.0,0.0,0.0,0.0,0.0,0.0,0.0,0.0,0.0,0.0,0.0,0.0,0.0,0.0,0.0,0.0,0.0,0.0,0.0,33.374324798583984,0.0,0.0,0.0,0.0,0.0,0.0,0.0,0.0,0.0,0.0,0.0,26.002506256103516,0.0,0.0,0.0,0.0,0.0,0.0,0.0,0.0,2.1048433780670166,0.0,0.0,0.0,0.0,0.0,0.0,0.0,0.0,0.0,0.0,0.0,0.0,0.0,0.0,0.0,0.0,0.0,0.0,0.0,0.0,0.0,0.0,0.0,0.0,0.0,0.0,0.0,0.0,0.0,0.0,0.0,0.0,0.0,0.0,0.0,0.0,0.0,0.0,0.0,0.0,0.0,0.0,0.0,0.0,0.0,0.0,0.0,0.0,0.0,0.0,0.0,0.0,6.157017707824707,0.0,0.0,0.0,0.0,3.181703567504883,0.0,0.0,0.0,0.0,0.0,0.0,0.0,0.0,0.0,0.0,0.0,0.0,0.0,0.0,0.0,0.0,0.0,0.0,0.0,0.0,10.558334350585938,0.0,0.0,0.0,0.0,0.0,0.0,6.429558753967285,0.0,0.0,0.0,0.0,0.0,0.0,0.0,0.0,0.0,0.0,0.0,0.0,15.245591163635254,0.0,0.0,0.0,5.836345672607422,0.0,10.717785835266113,0.0,0.0,0.0,0.0,0.0,0.0,0.0,0.0,0.0,0.0,0.0,0.0,0.0,0.0,0.0,0.0,0.0,0.0,0.0,0.0,0.0,0.0,0.0,0.0,0.0,0.0,10.85526180267334,0.0,20.577970504760742,0.0,0.0,0.0,26.658411026000977,53.31635665893555,0.0,0.0,2.7687315940856934,0.0,0.0,0.0,0.0,0.0,2.2333943843841553,0.0,0.0,13.897174835205078,3.6684393882751465,0.0,0.0,7.159339427947998,0.0,0.0,0.0,0.0,0.0,0.0,5.02634334564209,0.0,0.0,0.0,0.0,0.0,0.0,18.415895462036133,29.84384536743164,0.0,0.0,0.0,0.0,0.0,0.0,0.0,0.0,0.0,0.0,0.0,0.0,0.0,4.045993804931641,0.0,0.0,0.0,0.0,0.0,0.0,0.0,0.0,0.0,1.4254604578018188,0.0,0.0,0.0,0.0,0.0,0.0,0.0,0.0,0.0,0.0,0.0,0.0,0.0,0.0,0.0,0.0,23.865562438964844,0.0,0.0,0.0,0.0,0.0,1.5934224128723145,0.0,0.0,0.0,0.0,0.5308210253715515,0.0,0.0,0.0,26.243667602539062,0.0,0.0,0.0,0.0,0.0,0.0,0.0,0.0,24.64861297607422,0.0,0.0,0.0,0.0,0.0,0.0,0.12503695487976074,0.0,0.0,14.657913208007812,0.0,0.0,0.0,0.0,0.0,0.0,0.0,0.0,0.0,0.0,0.0,0.0,0.0,0.0,16.6757869720459,0.0,0.0,0.0,0.0,0.0,0.0,0.0,0.0,0.0,0.0,0.0,0.0,0.0,0.0,0.0,3.0830814838409424,0.0,0.0,0.0,0.0,0.0,10.056821823120117,0.0,6.895430564880371,0.0,24.03059196472168,0.0,0.0,0.0,0.0,8.597295761108398,0.0,0.0,0.0,12.700573921203613,0.0,0.0,0.0,0.0,0.0,0.0,0.0,0.0,0.0,0.0,0.0,0.0,12.845662117004395,0.0,0.0,0.0,0.0,0.0,0.0,0.0,8.931575775146484,0.0,0.0,0.0,0.0,0.0,26.112995147705078,0.0,0.0,0.0,0.0,3.4284725189208984,0.0,0.0,0.0,0.0,0.0,0.0,0.0,0.0,0.0,0.0,0.0,0.0,0.0,1.6969090700149536,0.0,0.0,0.0,0.0,0.0,0.0,0.0,34.03309631347656,14.125112533569336,0.0,0.0,15.095071792602539,0.0,0.0,4.813299655914307,0.0,0.0,0.0,0.0,0.0,0.0,0.0,0.0,0.0,0.0,0.0,0.0,0.0,0.0,0.0,13.441560745239258,0.0,0.0,0.0,0.0,0.0,36.86298370361328,8.4149169921875,0.0,0.0,0.0,0.0,0.0,0.0,0.0,0.0,0.0,16.59882926940918,0.0,11.091425895690918,0.0,0.0,40.860198974609375,13.915010452270508,0.0,0.0,0.0,0.0,14.108909606933594,0.0,0.0,0.0,0.0,0.0,0.0,6.631204128265381,0.0,0.0,0.0,0.0,0.0,0.0,0.0,0.0,0.0,0.0,0.0,0.0,18.989046096801758,0.0,0.0,0.0,21.988988876342773,0.0,0.0,0.0,0.0,0.0,0.0,0.0,0.0,0.0,0.0,9.84424114227295,0.0,0.0,0.0,0.0,0.0,0.0,0.0,0.0,25.200183868408203,0.0,0.0,0.0,0.0,0.0,58.020591735839844,0.0,5.675478458404541,0.0,0.0,0.0,0.0,0.0,0.0,0.0,1.3439953327178955,3.5805418491363525,0.0,0.0,0.0,3.57580304145813,0.8876875638961792,0.0,0.0,0.0,0.0,0.0,0.0,0.0,0.0,0.0,0.0,0.0,0.0,0.0,0.0,0.0,0.0,0.0,0.0,2.146984815597534,0.0,0.0,0.0,0.0,0.0,34.02471160888672,20.566755294799805,0.0,0.0,0.0,0.0,3.9535133838653564,0.0,0.0,2.83024263381958,0.0,0.0,34.380008697509766,0.0,0.0,0.0,0.0,25.792312622070312,0.0,0.0,0.0,9.828875541687012,0.0,0.0,0.0,0.0,0.0,0.0,0.0,0.0,0.0,8.196398735046387,0.8096117973327637,10.978219985961914,0.0,2.008227586746216,0.0,0.0,0.0,0.0,2.748128652572632,0.0,0.0,0.0,0.0,0.0,0.0,0.0,0.0,0.0,0.0,0.0,0.0,0.0,0.0,0.0,0.0,0.0,0.0,0.0,0.0,0.0,0.0,0.0,0.0,3.217203378677368,0.0,0.0,0.0,0.0,0.0,0.0,0.0,0.0,13.23935317993164,8.79506778717041,0.0,0.0,0.0,0.0,0.0,0.0,0.0,0.0,0.0,0.0,0.0,0.0,0.0,0.0,0.0,0.0,0.0,3.0907394886016846,3.2529821395874023,0.0,0.0,0.0,0.0,0.0,9.401037216186523,0.0,13.50492000579834,0.0,0.0,0.0,0.0,6.877195358276367,20.77404022216797,0.0,2.9361395835876465,0.0,1.1492295265197754,0.0,0.0,0.0,0.0,0.0,0.0,0.0,0.0,0.0,0.0,0.0,0.0,14.774410247802734,16.71703338623047,0.0,0.0,0.0,0.0,0.0,0.0,0.0,0.0,0.0,0.0,0.0,0.0,0.0,0.0,0.0,0.0,0.0,0.0,0.0,0.0,0.0,7.645263195037842,0.0,0.0,0.0,0.0,22.91139030456543,0.0,28.578947067260742,0.0,0.0,0.0,25.11801528930664,36.65568161010742,0.0,0.0,0.0,0.0,0.0,0.0,3.052639961242676,0.0,0.0,14.163374900817871,0.0,33.2732048034668,2.606924533843994,0.0,0.0,0.0,0.0,0.0,0.0,0.0,0.0,0.0,0.0,0.0,0.0,0.0,2.1208558082580566,0.0,0.0,16.656208038330078,7.237749099731445,0.0,0.0,0.0,0.0,0.0,0.0,0.0,1.357072114944458,0.0,0.0,0.0,0.0,0.0,23.253082275390625,0.0,0.0,0.0,0.0,0.0,1.0634175539016724,10.598639488220215,0.0,0.0,16.072675704956055,0.0,0.0,3.6598658561706543,0.538796067237854,0.0,0.0,0.0,0.0,0.0,0.0,0.0,0.0,0.0,0.0,0.0,3.2507166862487793,8.204378128051758,0.0,0.0,0.0,0.0,0.0,31.579931259155273,0.0,0.0,11.264710426330566,0.0,26.172813415527344,0.0,0.0,0.0,0.0,0.0,1.5662212371826172,1.7054381370544434,0.0,0.0,0.0,0.0,3.089141607284546,13.76363754272461,0.0,0.0,0.0,0.0,0.0,0.0,0.0,0.0,0.0,0.0,0.0,7.704278945922852,0.0,0.0,0.0,0.0,24.294265747070312,0.0,0.0,0.0,19.550451278686523,0.0,0.0,0.0,15.702676773071289,0.0,0.0,0.0,0.0,0.0,0.0,0.0,0.0,0.0,0.0,11.762286186218262,5.179184436798096,0.0,0.0,0.0,23.716495513916016,0.0,0.0,0.0,0.0,0.0,0.0,0.0,5.013476848602295,0.0,8.016990661621094,0.0,0.0,0.0,0.0,3.929696798324585,0.0,0.0,0.0,0.0,0.0,0.0,0.0,0.0,0.0,0.0,0.0,0.0,0.0,0.0,0.0,0.0,18.819988250732422,0.0,0.0,0.0,0.0,0.0,0.0,0.0,22.310596466064453,0.0,0.0,0.0,0.0,0.0,1.1756260395050049,0.0,0.0,0.0,0.0,4.306918621063232,15.707183837890625,0.0,0.0,0.0,0.0,0.0,0.0,0.0,0.0,0.0,0.0,0.0,0.0,13.892699241638184,0.0,0.0,0.15740975737571716,0.0,0.0,0.0,0.0,0.0,0.0,0.0,0.0,14.574023246765137,18.570470809936523,0.0,0.0,0.0,0.0,0.0,0.0,0.0,0.0,0.0,15.772674560546875,0.0,0.0,0.0,0.0,0.0,0.0,0.0,0.0,0.0,0.0,0.0,0.0,0.0,49.136322021484375,0.0,0.0,0.0,0.0,0.0,2.7033958435058594,0.0,0.0,0.0,0.0,5.500955581665039,18.234575271606445,33.028419494628906,0.0,0.0,0.0,12.06664752960205,0.0,3.1823718547821045,0.0,0.0,9.546388626098633,0.0,0.0,0.0,0.0,0.0,0.0,0.0,0.0,0.0,1.637648105621338,0.0,0.0,0.0,12.599725723266602,0.0,0.0,0.0,0.0,0.0,0.0,0.0,0.0,0.0,33.0736198425293,0.0,0.0,0.0,15.057199478149414,0.0,0.0,0.0,0.0,0.0,0.0,2.4976072311401367,0.0,0.0,11.432449340820312,0.0,0.0,0.0,6.522377014160156,0.0,36.154170989990234,7.634417533874512,0.0,0.0,0.0,0.0,58.84745788574219,0.0,2.0699098110198975,0.0,0.0,0.0,0.0,1.5074228048324585,0.0,0.0,0.0,8.697813034057617,2.072204828262329,0.0,0.0,2.695883274078369,13.098782539367676,9.423608779907227,0.0,0.0,0.0,0.0,0.0,0.0,0.0,0.0,0.0,15.014036178588867,0.0,0.0,0.0,0.0,0.0,0.0,0.0,25.069459915161133,0.0,0.0,0.0,0.0,0.0,40.551429748535156,40.71898651123047,0.0,16.719703674316406,0.0,0.0,0.0,0.0,0.0,38.16709518432617,0.0,0.0,0.3384495973587036,0.0,0.0,0.0,0.0,39.37824249267578,0.0,0.0,0.0,0.0,0.0,0.0,0.0,0.0,0.0,0.0,17.930644989013672,0.0,0.0,0.0,0.0,20.436676025390625,0.0,5.5206522941589355,0.0,16.613008499145508,0.0,0.0,18.896074295043945,0.0,0.0,0.0,0.0,0.0,11.566622734069824,0.0,0.0,0.0,0.0,0.0,0.0,0.0,0.0,0.0,0.0,0.0,0.0,0.0,0.0,0.0,0.0,0.0,0.0,15.018473625183105,0.0,0.0,0.0,0.0,0.0,0.0,0.0,0.0,0.0,25.58099937438965,0.0,0.0,0.0,0.0,0.0,0.0,0.0,0.0,0.0,0.0,6.774664878845215,0.0,0.0,0.0,0.0,0.0,0.0,0.0,14.874037742614746,0.0,0.0,0.0,0.0,0.0,0.0,0.0,5.980785846710205,0.0,0.0,0.0,0.0,0.0,15.17067813873291,0.0,0.0,0.0,0.0,0.0,17.972917556762695,0.0,0.0,13.842610359191895,0.0,7.8708930015563965,0.0,0.0,0.0,0.0,0.0,0.0,8.907986640930176,0.0,0.0,0.0,0.0,0.0,0.0,0.0,0.0,0.0,0.0,0.0,0.0,0.0,0.0,0.0,0.0,0.0,0.0,0.0,0.0,0.0,15.010007858276367,0.0
n000455_6.jpg,0.0,0.0,0.0,0.0,0.0,0.0,0.0,0.0,0.0,6.46295166015625,5.011434555053711,0.0,0.0,0.0,0.0,0.0,0.0,0.0,0.0,0.0,0.0,0.0,19.398019790649414,0.0,23.59343147277832,0.0,0.0,0.0,0.0,0.0,0.0,0.0,11.828025817871094,21.290996551513672,0.0,24.023183822631836,0.0,21.814571380615234,6.640193939208984,0.0,0.0,0.0,13.322714805603027,0.0,0.0,0.0,0.0,0.0,4.07051420211792,0.0,0.0,0.0,0.0,0.0,0.0,32.54776382446289,0.0,0.0,0.0,17.54424476623535,3.8487367630004883,0.0,7.669102668762207,0.0,0.0,0.0,0.0,0.0,38.64276885986328,0.0,28.533283233642578,0.0,0.0,0.0,0.0,7.663992404937744,0.0,18.141143798828125,0.0,0.0,0.0,31.335235595703125,0.0,0.0,15.033286094665527,0.0,0.0,0.0,6.155581474304199,0.0,0.0,21.838741302490234,0.0,55.03056716918945,0.0,0.0,0.0,0.0,0.0,0.0,26.395448684692383,0.0,3.0870003700256348,0.0,0.0,20.622278213500977,0.0,0.0,0.0,0.0,0.0,35.05520248413086,5.629077911376953,4.573050022125244,0.0,0.0,3.851311445236206,0.0,0.0,0.0,0.0,0.0,0.0,7.320657253265381,0.0,0.0,0.0,0.0,0.0,0.0,0.0,35.898948669433594,0.0,0.0,0.0,0.0,0.0,0.0,20.52623176574707,0.0,0.0,0.0,0.0,0.0,0.0,20.970157623291016,0.0,12.832439422607422,0.0,2.5980143547058105,0.0,40.9821891784668,0.0,0.0,0.0,10.567347526550293,0.0,0.0,0.0,0.0,10.761429786682129,0.0,0.0,0.0,11.177448272705078,0.0,0.0,65.7875747680664,0.0,1.4567314386367798,0.0,0.0,0.0,0.0,0.0,0.0,0.0,0.0,0.0,0.0,0.0,0.0,0.0,10.995427131652832,5.0583648681640625,0.0,0.0,0.0,0.0,9.612786293029785,9.390158653259277,0.0,0.0,5.741600036621094,0.0,0.0,0.0,0.0,32.66942596435547,13.604592323303223,0.0,0.0,0.0,18.567474365234375,0.0,0.0,0.0,0.0,0.0,0.0,0.0,0.0,1.3856239318847656,0.0,0.0,0.0,0.0,0.0,32.951698303222656,0.0,0.0,0.0,0.0,0.6505829095840454,0.0,0.0,0.0,0.0,0.0,0.0,0.0,1.4168933629989624,0.0,0.0,0.0,3.3320631980895996,0.0,0.0,0.0,0.0,0.0,0.0,0.0,0.0,0.0,0.0,0.0,0.0,14.59326171875,18.30327796936035,0.0,0.0,0.0,0.0,0.0,0.0,1.188049077987671,0.0,0.0,0.0,25.867136001586914,0.0,0.0,0.0,0.0,0.0,0.0,0.0,0.0,0.0,0.0,0.0,0.0,12.957287788391113,0.0,0.0,0.0,0.0,0.0,0.0,6.020633697509766,9.630964279174805,0.0,0.0,0.0,0.0,0.0,0.0,0.0,0.0,0.0,0.0,0.0,0.0,0.0,59.11067199707031,0.0,20.01605796813965,0.0,0.0,0.0,0.0,0.0,0.0,0.0,10.758481979370117,28.91981315612793,0.0,0.0,0.0,0.0,0.0,0.0,36.96343231201172,0.0,0.0,0.0,0.0,0.0,0.0,0.0,31.378650665283203,0.0,11.052461624145508,0.0,7.056446075439453,0.0,0.0,0.0,0.0,0.0,0.0,0.0,0.0,0.0,0.0,0.0,0.0,0.0,0.0,0.0,2.3385167121887207,0.0,0.0,0.0,0.0,10.6908540725708,0.0,40.49666213989258,37.12250518798828,0.0,0.0,0.0,0.0,0.0,0.0,12.504583358764648,0.0,0.0,0.0,0.0,4.635964393615723,0.0,25.317026138305664,36.551841735839844,26.24769401550293,0.0,0.0,0.0,0.0,0.0,13.956975936889648,0.0,0.0,19.48821258544922,0.0,0.0,0.0,0.0,0.0,3.2674570083618164,0.0,0.0,12.046955108642578,0.0,0.0,0.0,0.0,0.0,9.921212196350098,34.569427490234375,0.0,0.0,0.0,0.0,27.937349319458008,0.0,0.0,0.0,31.913740158081055,0.0,0.0,8.095124244689941,25.09653091430664,0.0,7.6360344886779785,0.0,10.134553909301758,0.0,15.161291122436523,0.0,0.0,4.772890567779541,0.0,0.0,0.0,0.0,0.0,0.0,0.0,0.0,0.0,0.0,0.0,0.0,0.0,0.0,8.289255142211914,0.0,0.0,0.0,0.0,0.0,0.0,0.0,0.0,5.79536771774292,40.40447998046875,0.0,0.0,0.0,0.0,0.0,0.0,0.0,0.0,0.0,2.2571749687194824,0.0,0.0,0.149860218167305,0.0,0.0,0.0,0.0,0.0,9.582185745239258,0.0,0.0,0.0,0.0,0.0,0.0,40.83793258666992,16.300073623657227,0.0,0.0,0.0,13.58066463470459,0.0,0.0,0.0,0.0,0.0,0.0,0.0,0.0,0.0,0.0,0.0,0.0,0.0,0.0,0.0,0.0,0.0,0.0,0.0,0.0,0.0,13.884346961975098,0.0,0.0,0.0,0.0,0.0,0.5892952680587769,0.0,0.0,5.428233623504639,0.0,0.0,0.0,0.0,0.0,5.240990161895752,0.0,0.0,1.2940629720687866,0.0,3.526118755340576,0.0,0.0,0.0,0.0,0.0,0.0,0.0,0.0,5.4944562911987305,4.273001194000244,2.6602883338928223,19.045516967773438,0.0,0.0,0.0,10.014820098876953,0.0,0.0,0.0,0.0,0.0,0.0,0.0,0.0,5.8090009689331055,44.27886962890625,0.0,0.0,0.0,0.0,0.0,0.0,0.0,6.015751361846924,15.405549049377441,0.0,0.0,12.99626350402832,20.866851806640625,14.743857383728027,0.0,0.0,0.0,11.03648853302002,0.0,1.609315037727356,0.0,0.0,0.0,0.0,0.0,0.0,0.0,0.0,0.0,0.0,25.674957275390625,1.792072057723999,6.186967849731445,0.0,5.0920491218566895,0.0,0.0,0.0,0.0,0.0,0.0,0.0,0.0,47.06078338623047,3.2147128582000732,0.0,0.0,0.0,0.0,0.0,23.500642776489258,0.0,5.657681941986084,0.0,17.988679885864258,0.0,0.0,0.0,0.0,0.0,0.0,0.0,0.0,0.0,0.0,1.464522361755371,5.465673923492432,0.0,60.9544563293457,0.0,0.0,0.0,21.869487762451172,0.0,0.0,0.0,0.0,14.051365852355957,0.0,0.0,0.0,0.0,0.0,0.0,0.0,0.0,68.59819793701172,0.0,31.31978988647461,0.08037124574184418,0.0,9.672697067260742,0.0,0.0,0.0,0.0,0.0,0.0,0.0,0.0,0.0,0.0,0.0,0.0,0.0,0.0,25.720394134521484,0.0,0.0,0.2899002134799957,0.0,0.0,0.0,0.0,0.0,0.0,0.0,0.0,0.0,0.0,18.31733512878418,0.0,0.0,0.0,0.0,0.0,0.0,0.0,0.0,0.0,4.2511749267578125,0.0,0.0,0.0,7.533689498901367,0.0,0.0,0.0,0.6212734580039978,2.5097084045410156,0.0,0.0,89.22488403320312,0.0,0.0,0.0,0.0,0.0,0.0,0.0,0.0,15.068061828613281,0.0,0.0,0.0,0.0,0.0,0.0,12.06496810913086,0.0,0.0,0.0,0.0,0.0,0.0,0.8396744132041931,0.0,0.0,0.8646953105926514,0.0,0.0,8.468762397766113,0.0,40.93736267089844,0.0,0.0,0.0,0.0,0.0,18.899765014648438,0.0,0.0,0.0,0.0,0.0,0.0,0.0,1.6108042001724243,0.0,1.4586280584335327,0.0,0.0,0.0,4.094786643981934,0.0,0.0,0.0,6.7762770652771,0.0,0.0,0.0,0.0,0.0,0.0,0.0,0.0,0.0,0.0,24.389551162719727,0.0,0.0,13.438593864440918,0.0,0.0,0.0,0.0,0.0,15.456829071044922,0.0,0.0,0.0,0.0,0.0,0.0,2.4545373916625977,0.0,0.0,0.7406518459320068,0.0,27.400348663330078,0.0,0.0,0.0,0.0,0.0,0.0,0.0,16.197425842285156,0.0,0.0,0.0,0.0,0.0,0.0,0.0,1.1881887912750244,0.0,0.0,0.0,6.2871994972229,5.848165512084961,0.0,0.0,0.0,0.0,32.089454650878906,4.920822620391846,0.0,0.0,5.963802337646484,1.72842538356781,0.0,0.0,0.0,0.0,9.992460250854492,0.0,0.0,0.0,0.0,0.0,0.0,8.522482872009277,0.0,0.0,0.0,0.0,0.0,0.0,0.0,0.0,38.16490173339844,0.0,0.0,0.0,0.0,0.0,0.0,14.219537734985352,0.0,0.0,0.0,0.0,0.0,0.0,0.0,37.34959411621094,0.0,23.820219039916992,0.0,0.0,0.0,0.0,0.0,0.0,3.514488697052002,0.0,0.0,0.0,0.0,0.0,35.31183624267578,0.0,0.0,0.0,0.0,0.0,0.0,0.0,0.0,0.0,0.0,0.0,21.563814163208008,33.705169677734375,0.0,7.429208278656006,0.0,0.0,0.0,0.0,0.8652515411376953,0.0,0.0,0.0,0.0,8.49549388885498,0.0,0.0,0.0,28.50980567932129,0.0,0.0,0.0,0.0,0.0,23.62995147705078,0.0,6.547943115234375,6.008472442626953,0.0,0.0,4.751587867736816,0.0,0.0,0.0,0.0,0.0,21.065000534057617,0.0,0.0,0.0,0.0,0.0,24.4870548248291,0.0,0.0,0.0,15.65839672088623,0.0,16.681856155395508,4.113678932189941,0.0,0.0,0.0,0.0,0.0,0.0,0.0,0.0,10.813493728637695,0.0,29.907712936401367,0.0,0.0,0.0,16.226844787597656,7.363311767578125,0.0,4.923681259155273,0.0,0.0,0.0,0.0,0.0,0.0,2.3424911499023438,0.0,0.0,0.0,2.617514133453369,0.0,0.0,0.0,0.0,0.0,0.0,0.0,0.0,0.0,0.0,19.26581382751465,54.43715286254883,0.0,0.0,0.0,0.0,0.0,0.0,0.0,0.0,5.8357343673706055,0.0,0.0,0.0,0.0,29.800527572631836,0.0,0.0,0.0,0.0,0.0,0.0,4.383659362792969,0.0,0.0,0.0,0.0,0.0,6.9402899742126465,0.0,0.0,0.0,22.67877197265625,0.0,0.0,0.0,0.0,0.0,0.0,0.0,0.0,0.0,16.465608596801758,0.0,0.0,0.0,0.0,0.0,0.0,0.0,0.0,0.0,28.0769100189209,0.0,6.114035129547119,0.8777776956558228,0.0,0.0,0.0,0.0,0.0,0.0,0.0,0.0,0.0,0.0,0.0,0.0,0.0,0.0,0.0,0.0,0.0,15.210619926452637,0.0,3.3584935665130615,0.0,0.0,0.0,9.405686378479004,0.0,0.0,0.0,8.621002197265625,0.0,0.0,1.3631802797317505,0.0,0.0,0.0,4.890191078186035,0.0,0.0,0.0,0.0,32.58409118652344,0.0,0.0,44.67206573486328,0.0,0.0,0.0,0.0,0.0,0.0,0.0,0.0,0.0,0.0,0.0,0.0,0.0,0.0,0.0,0.0,0.0,0.0,4.486759662628174,0.0,0.0,0.0,0.0,0.0,3.9414737224578857,0.0,0.0,0.0,0.0,0.0,0.0,0.0,19.17108726501465,0.0,1.5587846040725708,0.0,0.0,0.0,0.0,0.0,0.0,0.0,0.0,35.881351470947266,0.0,0.0,0.0,0.0,0.0,0.0,0.0,0.0,12.876546859741211,0.0,0.0,0.0,0.0,0.0,0.0,13.326131820678711,0.0,0.0,0.0,0.0,7.954867839813232,0.0,0.0,0.0,0.0,0.0,23.98349380493164,0.0,0.0,0.0,0.0,0.0,0.0,0.0,0.0,0.0,0.0,0.0,0.0,0.0,0.0,0.0,0.0,0.0,0.0,0.0,14.294163703918457,0.0,0.0,0.0,0.0,5.629931926727295,0.0,0.0,0.0,0.0,0.1271265149116516,0.0,0.0,0.0,0.0,0.0,0.0,0.0,28.560529708862305,0.0,0.0,0.0,0.0,0.0,0.0,0.0,0.0,0.0,0.0,0.0,0.0,0.0,0.0,0.0,0.0,0.0,0.0,0.0,2.438607692718506,0.0,0.0,0.0,10.306758880615234,0.0,0.0,0.0,0.0,0.0,0.0,0.0,0.0,0.0,0.0,0.0,0.15491679310798645,0.0,0.0,0.0,0.0,0.0,0.0,0.0,0.0,12.720829010009766,0.0,0.0,0.0,5.673122882843018,0.0,0.0,0.0,0.0,0.0,0.0,0.0,0.0,0.0,0.0,0.0,0.0,16.36731719970703,0.0,0.0,0.0,0.0,0.0,2.130284309387207,0.0,0.0,0.0,0.0,2.215299606323242,0.0,7.674026012420654,0.0,43.150421142578125,0.0,0.0,0.0,0.45473530888557434,0.0,0.0,0.0,0.0,0.0,18.6881046295166,0.0,14.014179229736328,6.3116841316223145,0.0,0.0,0.0,0.0,0.0,0.0,0.0,0.0,0.0,0.0,0.0,13.315457344055176,0.0,0.0,4.533047676086426,0.0,0.0,0.0,0.0,0.0,41.9170036315918,25.263595581054688,0.0,0.0,0.0,0.0,0.0,0.0,0.0,0.0,0.0,0.0,0.0,0.0,0.0,0.0,0.0,0.0,4.4258599281311035,0.0,20.577848434448242,0.0,0.0,0.0,0.0,0.0,0.0,0.0,0.0,3.638823986053467,0.0,1.7667877674102783,0.0,0.0,0.0,0.0,0.0,0.0,14.382325172424316,0.0,0.0,0.0,0.0,12.333826065063477,0.0,0.0,0.0,0.0,0.0,0.0,0.0,0.0,0.0,27.294597625732422,0.0,0.0,0.0,0.0,0.0,0.0,0.0,0.0,0.0,0.0,13.659797668457031,0.0,0.0,0.0,0.0,0.0,0.0,0.0,0.0,0.0,0.0,0.0,0.0,0.0,0.0,42.02267837524414,0.0,0.0,0.0,0.0,0.0,0.0,0.0,0.0,0.0,0.0,0.0,0.0,0.0,0.0,45.01682662963867,0.0,0.0,0.0,0.0,0.0,0.0,0.0,0.0,0.0,0.0,0.0,0.0,0.0,0.0,0.0,0.0,0.0,0.8701122999191284,0.0,0.0,0.0,0.0,0.0,0.0,16.068126678466797,9.129653930664062,0.0,0.0,8.626640319824219,0.0,29.851266860961914,0.0,0.0,0.0,30.610044479370117,0.0,4.906601905822754,3.5804038047790527,0.0,0.0,21.08243179321289,0.0,0.0,0.0,0.0,0.0,12.71092700958252,0.0,0.0,0.0,0.0,0.0,19.455577850341797,0.0,0.0,0.0,14.04226303100586,0.0,1.0063236951828003,13.25054931640625,0.0,0.0,1.9307564496994019,0.0,0.0,0.0,0.0,0.0,0.0,0.0,16.499391555786133,0.0,0.0,0.0,0.0,2.5523154735565186,0.0,8.181720733642578,0.0,0.0,0.0,0.0,3.5215559005737305,0.0,0.0,0.0,1.2629820108413696,0.0,8.101872444152832,0.0,0.0,0.0,0.0,0.0,0.0,0.0,0.0,0.0,0.0,14.647661209106445,16.103076934814453,0.0,0.0,0.0,0.0,0.0,0.0,0.0,0.0,0.0,0.0,14.904500961303711,0.0,0.0,6.306848049163818,0.0,0.0,0.0,0.0,6.395837783813477,11.91495132446289,2.3648085594177246,0.0,0.0,14.361654281616211,0.0,0.0,11.8173246383667,0.0,0.0,4.154867172241211,22.54871368408203,0.0,17.315889358520508,0.0,0.0,0.0,0.0,0.0,0.0,0.0,24.51839256286621,0.0,1.6660393476486206,0.0,0.0,0.0,0.0,0.0,0.0,0.0,16.06556510925293,0.0,0.0,4.758241176605225,0.0,0.0,0.0,0.1219041496515274,6.764276504516602,0.0,4.724574089050293,0.0,0.0,0.9249207973480225,0.25781047344207764,6.408420085906982,0.0,0.0,0.0,18.61406135559082,0.0,9.085519790649414,7.1874494552612305,6.305361270904541,0.0,0.0,0.0,5.81776762008667,0.0,0.0,0.0,0.0,0.0,0.0,0.0,0.0,0.0,0.0,0.0,0.0,0.0,0.0,0.0,27.234567642211914,0.0,0.0,31.147090911865234,0.0,0.0,0.0,0.0,0.0,0.0,0.0,0.0,0.0,0.0,0.0,0.0,0.0,0.0,0.0,0.0,4.732542037963867,0.0,0.0,0.0,0.0,0.0,0.0,0.0,1.1734074354171753,0.0,0.0,0.0,0.0,0.0,0.0,0.0,14.924790382385254,0.0,0.0,0.0,0.0,0.0,0.0,0.0,0.0,0.0,0.0,35.668697357177734,0.0,0.0,0.0,0.0,0.0,0.0,0.0,0.0,0.0,0.0,0.0,0.0,0.0,0.0,0.0,17.391040802001953,0.0,0.0,0.0,0.0,0.0,0.0,0.0,0.0,0.0,0.0,0.0,0.0,0.0,1.8642460107803345,0.0,0.0,0.0,0.0,0.0,0.0,0.0,0.0,0.0,0.0,0.0,0.0,0.0,0.0,0.0,0.0,0.0,0.0,0.0,0.0,0.0,11.428997993469238,0.0,0.0,0.0,0.0,0.0,0.0,0.0,0.0,0.0,0.0,0.0,0.0,13.541643142700195,0.0,0.0,0.0,0.0,0.0,0.0,0.0,0.0,0.0,0.0,0.0,0.0,0.0,0.0,0.0,0.0,0.0,0.0,0.0,11.407533645629883,0.0,0.0,0.0,4.264402389526367,0.0,0.0,0.0,0.0,0.0,0.0,0.0,0.0,0.0,0.0,0.0,0.0,0.0,0.0,0.0,0.0,0.0,0.0,0.0,0.0,0.0,0.0,0.0,0.0,31.3200626373291,0.0,0.0,0.0,0.0,2.0395684242248535,0.0,0.0,0.0,0.0,0.0,0.0,0.0,0.0,0.0,0.0,0.0,0.0,0.0,0.02961324155330658,0.0,0.0,0.0,0.0,0.0,0.0,15.035325050354004,0.0,44.18741226196289,0.0,0.0,0.0,0.0,0.0,0.0,0.0,0.0,0.0,7.852778434753418,5.446071624755859,14.337770462036133,13.258830070495605,0.0,0.0,0.0,0.0,0.0,0.0,0.0,0.0,0.0,0.0,0.0,0.0,0.0,0.0,0.0,0.0,0.0,0.0,0.0,0.0,39.22900390625,18.99453353881836,0.0,0.0,0.0,0.0,0.0,0.0,0.0,0.0,0.0,0.0,0.0,0.0,0.0,0.0,0.0,0.0,0.0,0.0,6.748751640319824,0.0,0.0,0.0,0.0,0.0,0.0,0.0,0.0,0.0,0.0,0.0,0.0,0.0,0.0,0.872714638710022,0.0,0.0,9.825607299804688,0.0,0.0,0.0,0.0,0.0,0.0,0.0,0.0,0.0,0.0,0.0,0.0,0.0,0.0,25.792400360107422,0.0,0.0,0.0,0.0,0.0,0.0,0.0,0.0,0.0,0.0,0.0,0.0,0.0,0.0,0.0,0.0,0.0,0.0,0.0,0.0,0.0,0.0,0.0,0.0,0.0,11.396799087524414,0.0,0.0,0.0,0.0,0.0,0.0,0.0,0.0,0.0,0.0,0.0,0.0,0.0,0.0,18.439804077148438,0.0,0.0,0.0,0.0,0.0,0.0,0.0,0.0,0.0,0.0,0.0,0.0,0.0,0.0,0.0,0.0,0.0,0.0,0.0,0.0,0.0,0.0,0.0,0.0,4.139464855194092,3.39308500289917,0.0,0.0,2.4470291137695312,0.0,29.912553787231445,0.0,0.0,0.0,15.780444145202637,0.0,0.0,0.0,0.0,0.0,0.33977121114730835,0.0,0.0,12.377263069152832,0.0,1.1272625923156738,0.0,0.0,0.0,0.0,0.0,0.0,11.702210426330566,0.0,0.0,0.0,0.0,0.0,1.2220449447631836,7.837471008300781,0.0,0.0,2.8801474571228027,8.008243560791016,0.0,0.0,0.0,0.0,0.0,0.0,0.125913605093956,0.0,0.0,0.0,0.0,8.9341402053833,0.0,2.411328077316284,0.0,0.0,0.0,0.0,0.0,0.0,0.0,0.0,0.0,0.0,11.713240623474121,0.0,0.0,0.0,0.0,0.0,0.0,0.0,0.0,0.0,0.0,24.773651123046875,0.0,0.0,0.0,0.0,0.0,0.0,0.0,0.0,0.0,0.0,0.0,12.479488372802734,0.0,0.0,0.0,0.0,0.0,0.0,0.0,5.850459098815918,4.311076641082764,0.0,0.0,0.0,8.675747871398926,0.0,0.0,13.260316848754883,0.0,0.0,0.0,0.0,0.0,12.729162216186523,0.0,0.0,0.0,0.0,0.0,0.0,0.0,19.793930053710938,0.0,2.983935832977295,0.0,0.0,0.0,0.0,0.0,0.0,0.0,6.215478897094727,0.0,0.0,0.0,0.0,0.0,0.0,7.4544358253479,0.0,0.0,1.4172579050064087,0.0,0.0,0.0,7.643181800842285,0.0,0.0,0.06951858103275299,0.0,17.990192413330078,0.0,5.347525596618652,0.7709231972694397,0.0,0.0,0.0,0.0,1.8847761154174805,0.0,0.0,0.0,0.0,0.0,0.0,0.0,0.0,0.0,0.0,0.0,0.0,0.0,0.0,0.0,20.646642684936523,0.0,0.0,10.565407752990723,3.837770938873291,0.0,0.0,0.06182283163070679,0.0,0.0,0.0,0.0,0.0,0.0,0.0,0.0,0.0,0.0,1.6595048904418945,0.0,5.908255100250244,0.0,0.0,0.0,0.0,0.0,0.0,0.0,0.0,0.0,0.0,0.0,0.0,0.0,0.0,0.0,9.402040481567383,0.0,0.0,0.0,0.0,0.0,6.481746673583984,0.0,0.0,0.0,0.0,10.761914253234863,0.0,0.0,0.0,0.0,0.0,0.0,0.0,0.0,0.0,0.0,2.60715651512146,0.0,0.0,0.0,0.0,25.005338668823242,0.0,0.0,0.0,0.0,0.0,0.0,3.8654444217681885,0.0,0.0,0.0,0.0,0.0,0.0,0.0,0.0,0.0,0.0,0.0,0.0,0.0,0.0,0.0,0.0,0.0,0.0,0.0,0.0,0.0,0.0,0.0,0.044580698013305664,0.0,0.0,0.0,0.0,0.0,0.0,0.0,0.0,0.0,0.0,0.0,0.0,0.0,0.0,0.0,0.0,0.0,0.0,0.0,0.0,0.0,0.0,0.0,0.0,0.0,0.0,0.0,0.0,0.0,0.0,0.0,0.0,0.0,0.0,0.0,0.0,0.0,2.0218403339385986,0.0,1.3066084384918213,0.0,6.080656051635742,0.0,0.0,0.0,0.0,0.0,3.502763509750366,0.0,0.0,0.0,0.0,0.0,0.0,0.0,0.0,0.0,0.0,0.0,0.0,0.0,1.1975245475769043,0.0,2.132540225982666,0.0,0.0,25.991527557373047,0.0,0.0,0.0,0.0,0.0,0.0,0.0,0.0,0.0,0.0,0.0,0.0,0.0,0.0,0.0,0.0,0.0,0.0,0.0,0.0,0.0,0.0,0.0,0.0,0.0,27.168249130249023,0.0,30.48876953125,0.0,0.0,0.0,0.0,0.0,0.0,19.56321144104004,0.0,0.0,0.0,0.0,20.979591369628906,0.0,0.0,0.0,0.0,0.0,0.0,0.0,0.0,0.0,0.0,0.0,0.0,0.0,0.0,0.0,0.0,0.0,0.0,0.0,0.0,0.0,42.12238693237305,0.7158831357955933,0.0,0.0,0.0,0.0,0.0,0.0,0.0,0.0,0.0,0.0,4.067022800445557,0.0,0.0,0.0,0.0,0.0,0.0,0.0,3.597287654876709,0.0,2.7443907260894775,3.3673274517059326,0.0,0.0,0.0,0.0,0.0,0.0,0.0,0.0,0.0,0.0,0.0,0.0,0.0,0.0,0.4020337462425232,0.0,0.0,0.0,0.0,0.0,0.0,0.0,0.0,0.0,0.3990291655063629,0.0,0.0,0.0,0.0,0.0,0.0,0.0,0.7285417318344116,0.0,0.0,0.0,0.0,0.0,0.0,0.0,0.0,0.0,0.0,0.0,0.0,0.0,0.0,0.0,0.0,0.0,0.0,0.0,0.0,0.0,0.0,0.0,0.0,0.0,0.0,0.0,0.0,0.0,0.0,0.0,0.0,0.0,0.0,4.541084289550781,0.0,0.0,11.123180389404297,0.0,0.0,0.0,0.0,0.0,0.0,0.0,0.0,0.0,0.0,0.0,0.0,0.0,0.0,0.0,0.0,0.0,0.0,0.0,0.0,0.0,0.0,0.0,0.0,0.0,0.0,0.0,0.0,0.0,0.0,14.399234771728516,0.0,0.0,0.0,12.024768829345703,0.0,0.0,0.0,0.0,0.0,12.163862228393555,0.0,0.0,22.502532958984375,0.0,0.0,0.0,0.0,0.0,0.0,0.0,0.0,23.15035057067871,0.0,0.0,0.0,0.0,0.0,0.0,1.0599172115325928,0.0,0.0,0.0,1.6636126041412354,0.0,0.0,0.0,0.0,0.0,0.0,0.0,0.0,0.0,0.0,0.0,0.0,0.6044162511825562,0.0,0.0,0.0,0.0,0.0,0.0,0.0,0.0,0.0,0.0,0.0,12.159136772155762,0.0,0.0,0.0,0.0,0.0,0.0,0.0,0.0,0.0,0.0,41.71661376953125,0.0,0.0,0.0,0.0,0.0,0.0,0.0,0.0,0.0,0.0,0.0,12.896478652954102,0.0,0.0,0.0,0.0,0.0,0.0,0.0,0.0,0.0,0.0,0.0,0.0,0.0,0.0,0.0,1.4325754642486572,0.0,0.0,0.0,0.0,0.0,4.496185779571533,0.0,0.0,0.0,0.0,0.0,0.0,0.0,0.6271815299987793,0.0,0.6823955774307251,0.0,0.0,0.0,4.41776180267334,0.0,0.0,0.0,0.0,0.0,0.0,0.0,0.0,0.0,0.0,2.250920057296753,0.0,0.0,4.04328727722168,0.0,0.0,0.0,4.244892597198486,0.0,0.0,0.0,0.0,5.193435192108154,0.0,5.3261942863464355,0.0,0.0,0.0,0.0,0.0,11.518148422241211,0.0,0.0,0.0,0.0,0.0,0.0,0.0,0.0,0.0,0.0,0.0,0.0,0.0,0.0,0.0,0.0,0.0,0.0,0.0,0.0,0.0,0.0,0.0,0.0,0.0,0.0,0.0,0.0,0.0,1.8721004724502563,0.0,0.0,0.0,0.0,0.0,0.0,0.0,0.0,0.0,0.0,0.0,0.0,0.0,0.0,0.0,0.0,0.0,0.0,0.0,0.0,1.3022483587265015,0.0,0.0,0.0,0.0,0.0,0.0,0.0,0.0,0.0,0.0,0.0,9.15433406829834,0.0,0.0,0.0,0.0,0.0,0.0,0.0,0.0,0.0,0.0,0.0,0.0,0.0,0.0,0.0,22.703664779663086,0.0,0.0,0.0,0.0,0.0,0.0,0.0,0.0,0.0,0.0,0.0,0.0,0.0,0.0,0.0,0.0,0.0,0.0,0.0,0.0,0.0,0.0,0.0,0.0,0.0,0.0,0.0,9.67045783996582,0.0,0.0,18.516719818115234,0.0,0.0,0.0,0.0,0.0,0.0,0.0,0.0,0.0,0.0,0.0,0.0,0.0,0.0,0.0,0.0,0.0,0.0,0.0,0.0,0.0,0.0,0.0,0.0,0.0,0.0,0.0,0.0,0.0,0.0,0.0,0.0,0.0,0.0,0.0,0.0,0.0,0.0,0.0,0.0,0.0,5.909472465515137,0.0,0.0,0.0,0.0,0.0,0.0,0.0,0.0,0.0,0.0,0.0,0.0,0.0,0.0,0.0,0.0,0.0,0.0,0.0,0.0,0.0,0.9735548496246338,0.0,0.0,0.0,0.0,0.0,0.0,0.0,0.0,0.0,0.0,0.0,0.0,0.0,0.0,0.0,0.0,0.0,0.0,0.0,0.0,0.0,0.0,0.0,0.0,0.0,0.0,0.0,0.0,2.6957650184631348,0.0,5.373893737792969,0.0,0.0,0.0,0.0,0.0,0.0,21.307109832763672,0.0,0.0,0.0,0.0,15.985172271728516,0.0,0.0,0.0,0.0,0.0,0.0,0.0,8.488668441772461,0.0,0.0,0.0,0.0,0.0,0.0,1.7335970401763916,0.0,0.0,0.0,0.0,0.0,0.0,10.411092758178711,0.0,0.0,0.0,0.0,0.0,0.0,0.0,0.0,0.0,0.0,0.0,4.3441643714904785,0.0,0.0,0.0,0.0,0.0,0.0,0.0,0.0,0.0,5.681216716766357,15.400219917297363,0.0,0.0,0.0,0.0,0.0,0.0,0.0,0.0,0.0,0.0,0.0,0.0,0.0,0.0,0.0,0.0,0.0,0.0,0.0,0.0,0.0,0.0,0.0,0.0,0.0,0.0,0.0,0.0,0.0,0.0,0.0,0.0,0.0,0.0,0.0,0.0,0.0,0.0,0.0,0.0,0.0,0.0,0.0,0.0,0.0,0.0,0.0,0.0,0.0,0.0,0.0,0.0,0.0,0.0,0.0,0.0,0.0,0.0,0.0,0.0,0.0,0.0,0.0,0.0,0.0,0.0,0.0,15.219441413879395,0.0,0.0,0.0,0.0,0.0,0.0,0.0,0.0,0.0,0.0,0.0,0.0,0.0,0.0,0.0,0.0,0.0,0.0,0.0,0.0,0.0,0.0,0.0,0.0,0.0,0.0,0.0,0.0,0.0,0.0,0.0,0.0,0.0,13.07299518585205,0.0,0.0,0.0,9.50434684753418,0.0,0.0,0.0,0.0,0.0,8.0402250289917,0.0,0.0,1.967099666595459,0.0,0.0,0.0,0.0,0.0,0.0,0.0,0.0,6.234392166137695,0.0,0.0,0.0,0.0,0.0,0.0,0.0,0.0,0.0,0.0,0.0,0.0,0.0,0.0,0.0,0.0,0.0,0.0,0.0,0.0,0.0,0.0,0.0,0.0,0.0,0.0,0.0,0.0,0.0,0.0,0.0,0.0,0.0,0.0,0.0,15.40894603729248,0.0,0.0,0.0,0.0,0.0,0.0,0.0,0.0,0.0,0.0,46.00935363769531,0.0,0.0,0.0,0.0,0.0,0.0,0.0,0.0,0.0,0.0,0.0,4.8655009269714355,0.0,0.0,0.0,0.0,0.0,0.0,0.0,0.0,0.0,0.0,0.0,0.0,0.0,0.0,0.0,0.0,0.0,0.0,0.0,0.0,0.0,0.0,0.0,0.0,3.3983399868011475,0.0,0.0,0.0,0.0,0.0,0.0,0.0,0.0,0.0,0.0,0.0,0.0,0.0,0.0,0.0,0.0,0.0,2.0596842765808105,0.0,0.0,0.0,0.0,0.0,0.0,1.639743447303772,0.0,0.0,0.0,8.203096389770508,0.0,0.0,0.0,0.0,0.0,0.0,0.0,0.47265833616256714,0.0,0.0,0.0,0.0,15.996520042419434,0.0,0.0,0.0,5.588015556335449,14.403547286987305,2.4395384788513184,0.0,0.0,0.0,0.0,0.0,0.0,0.0,0.0,0.0,0.0,14.412592887878418,0.0,12.390111923217773,0.0,0.0,0.0,0.0,0.0,0.0,0.0,0.0,0.0,0.4381915330886841,2.1916747093200684,0.0,0.0,0.0,0.0,0.0,0.0,0.0,0.0,0.0,0.0,0.0,0.0,0.0,0.6446095705032349,0.0,2.480203151702881,0.0,0.0,0.0,0.0,0.0,11.387334823608398,10.67851734161377,0.0,0.0,0.0,0.0,0.0,0.0,0.0,0.0,0.0,13.770132064819336,0.0,0.0,0.0,0.0,0.0,0.0,0.0,0.0,0.0,0.0,0.0,0.0,0.0,0.0,0.0,7.397645950317383,0.0,0.0,1.9470735788345337,0.0,0.0,18.959733963012695,0.0,0.0,0.0,0.0,0.0,0.0,0.0,0.0,0.0,0.0,0.0,2.645639419555664,0.0,0.0,0.0,0.0,10.011096000671387,0.0,0.0,0.0,0.0,12.363407135009766,0.0,0.0,23.676740646362305,0.0,0.0,0.0,0.0,2.995887279510498,0.0,0.0,0.0,0.0,0.0,0.0,0.0,0.0,8.438474655151367,0.0,0.0,0.0,18.58124542236328,0.0,0.0,0.0,0.0,0.0,0.0,0.0,0.0,0.0,0.0,0.0,0.0,0.0,0.0,0.0,0.0,0.0,0.0,0.0,26.173641204833984,0.0,0.0,0.0,4.432107925415039,0.0,0.0,0.0,0.0,0.0,0.0,0.0,0.0,0.0,0.0,0.0,0.0,0.0,0.0,0.0,0.0,0.0,0.0,0.0,0.0,0.0,0.0,0.0,0.0,10.073172569274902,0.0,0.0,0.0,6.856362342834473,0.0,0.0,0.0,0.0,0.0,0.0,0.0,0.0,0.0,3.7935245037078857,0.0,0.0,0.0,0.0,14.376100540161133,0.0,0.0,0.0,0.0,0.0,1.7274831533432007,0.0,0.0,0.0,0.0,0.0,0.0,0.0,0.0,0.0,0.0,0.0,0.0,0.0,0.0,5.306610584259033,0.0,0.0,0.0,0.0,0.0,0.0,0.0,7.8824076652526855,0.0,0.0,1.0903908014297485,0.0,0.0,0.0,0.0,0.0,0.0,0.0,0.0,0.0,0.0,0.0,0.0,0.0,0.0,0.0,0.0,0.0,0.0,0.0,0.0,0.0,0.0,0.0,0.0,0.0,0.0,0.0,0.0,0.0,0.0,0.0,0.0,0.0,0.0,0.0,3.78532075881958,0.0,3.052103042602539,0.0,0.0,0.0,0.0,0.0,0.0,0.0,3.675732135772705,0.0,0.0,0.0,0.0,0.0,5.815692901611328,0.0,8.431944847106934,0.0,0.0,0.0,0.6647279262542725,0.0,0.0,0.0,0.0,0.0,20.646751403808594,0.0,0.0,32.84647750854492,5.474193096160889,0.0,0.0,0.0,0.0,0.0,0.0,0.0,0.0,0.0,0.0,0.0,0.0,0.0,0.0,0.0,11.834897994995117,0.0,0.0,0.0,0.0,0.0,5.194099426269531,0.0,0.0,0.0,0.0,0.0,0.0,0.0,0.0,0.0,0.0,0.0,0.0,0.0,0.0,33.978946685791016,0.0,0.0,0.0,0.0,0.0,0.0,0.0,0.0,0.0,0.0,0.0,0.0,0.0,0.0,0.0,0.0,0.0,0.0,0.0,0.0,0.0,0.0,0.0,0.0,0.0,2.0589470863342285,0.0,0.0,0.0,0.0,28.878833770751953,0.0,0.0,0.0,69.18743896484375,0.0,0.0,0.0,4.8249897956848145,0.0,0.0,0.0,0.0,11.721102714538574,0.0,22.572566986083984,0.0,0.0,0.0,0.0,0.0,0.0,19.687484741210938,0.0,1.2713605165481567,0.0,0.0,0.0,6.550217628479004,0.0,0.0,0.0,5.984640598297119,6.330840110778809,5.023794174194336,0.0,0.0,0.0,0.0,0.0,0.0,0.0,0.0,0.0,0.0,0.0,0.0,0.0,0.0,0.0,0.0,0.0,0.0,0.0,0.0,0.0,0.0,0.0,0.0,0.0,0.0,0.0,0.0,0.0,0.0,0.0,0.0,0.0,0.0,30.330974578857422,0.0,0.0,0.0,0.0,3.393005609512329,0.0,0.0,0.0,0.0,0.0,0.0,7.040576457977295,0.0,0.0,0.0,0.0,0.0,0.0,0.0,8.2899169921875,12.791293144226074,0.0,0.0,0.0,0.0,0.0,0.0,32.337425231933594,0.0,0.0,0.0,0.0,0.0,0.0,0.0,0.0,0.0,0.0,0.0,0.0,0.0,0.0,0.0,7.476945400238037,0.0,0.0,0.0,0.0,11.480061531066895,0.0,0.0,0.0,0.0,0.0,0.0,0.0,0.0,0.0,0.0,0.0,0.0,0.0,0.0,0.0,0.0,22.803754806518555,0.0,0.0,0.0,0.0,0.0,0.0,0.0,18.267318725585938,0.0,0.0,0.0,0.0,0.0,0.0,0.0,0.0,0.0,10.033008575439453,1.6632553339004517,0.0,0.0,0.0,0.0,0.0,0.0,0.0,0.0,0.0,0.0,0.0,2.6641459465026855,0.0,6.417449474334717,0.0,0.0,0.0,0.0,0.0,0.0,0.0,0.0,0.0,0.0,0.0,0.0,0.0,43.64861297607422,0.0,0.0,0.0,0.0,0.0,0.0,0.0,0.0,0.0,4.56646203994751,0.0,0.0,0.0,0.0,0.0,0.0,0.0,28.569747924804688,0.0,0.0,0.0,0.0,0.0,0.0,0.0,0.0,0.0,0.0,0.0,0.0,0.0,0.0,9.479656219482422,0.0,0.0,0.0,0.0,0.0,0.0,0.0,0.0,0.0,0.0,0.0,5.100773334503174,0.0,5.367060661315918,0.0,0.0,0.0,0.0,0.0,0.0,0.0,0.0,17.87789535522461,0.0,0.0,0.0,0.0,0.0,0.0,42.77544021606445,0.0,4.454667091369629,0.0,0.0,5.457455635070801,0.0,0.0,0.0,0.0,0.0,0.0,0.0,17.91670799255371,0.0,0.0,0.0,0.0,0.0,0.0,0.0,0.0,0.0,0.0,0.0,0.0,0.0,0.0,0.0,0.0,0.0,16.628087997436523,0.0,0.0,0.0,0.0,0.0,0.0,0.0,0.0,0.0,0.0,0.0,0.0,0.0,0.0,0.0,0.0,0.0,0.0,0.0,46.553585052490234,0.0,0.0,0.0,7.455721378326416,0.0,0.0,0.0,0.0,0.0,2.0759923458099365,0.0,0.0,0.0,0.0,0.0,0.0,0.0,0.0,0.0,0.0,0.0,0.0,0.0,0.0,0.0,0.0,0.0,0.0,2.7409396171569824,0.0,0.0,0.0,0.0,0.0,0.0,0.0,0.0,0.0,0.0,0.0,0.0,0.0,0.0,0.0,0.0,0.0,0.0,0.44049495458602905,0.0,0.0,0.0,13.389347076416016,0.0,0.0,0.0,0.0,0.0,0.0,0.0,5.768769264221191,0.0,0.0,0.0,0.0,0.0,0.0,14.567450523376465,0.0,0.0,0.0,6.655722618103027,0.0,0.0,0.0,0.0,0.0,0.0,0.0,0.0,0.0,0.0,0.0,0.0,0.0,0.0,0.0,0.0,0.0,0.0,0.0,0.0,0.0,0.0,0.0,0.0,0.0,0.0,13.75406265258789,0.0,0.0,4.189770221710205,0.0,0.0,0.0,0.0,0.0,0.0,0.0,18.937103271484375,0.0,0.0,0.0,0.0,0.0,0.0,0.0,0.0,0.0,0.0,0.0,0.0,0.0,0.0,0.0,0.0,0.0,0.0,0.0,0.0,0.0,0.0,0.0,0.0,0.0,0.0,0.0,0.0,0.0,0.0,0.0,0.0,0.0,0.0,25.997224807739258,0.0,0.0,0.0,0.0,0.0,0.0,0.0,0.0,0.0,0.0,30.29399871826172,0.0,0.0,0.0,0.0,0.0,0.0,1.1401698589324951,0.0,0.0,0.0,0.0,0.0,0.0,0.0,38.09263229370117,0.0,0.0,0.0,0.0,0.0,0.0,0.0,0.0,0.0,0.0,0.0,0.0,0.0,0.0,6.394433498382568,0.0,0.0,0.0,0.0,0.0,0.0,0.0,0.0,0.0,0.0,0.0,32.926578521728516,46.93312454223633,0.0,0.0,0.0,0.0,0.0,0.0,13.596728324890137,0.0,0.0,0.0,0.0,0.0,0.0,37.69900894165039,3.257591485977173,0.0,0.0,0.0,0.0,0.0,0.0,18.20402717590332,0.0,0.0,0.0,16.852798461914062,0.0,0.0,0.0,0.0,14.328354835510254,0.0,0.0,0.0,0.0,0.0,0.0,0.0,0.0,52.29482650756836,8.329672813415527,3.0167438983917236,0.0,0.0,0.0,25.558378219604492,0.0,0.0,0.0,11.649910926818848,0.0,0.0,0.0,14.607294082641602,0.0,2.1037614345550537,0.0,30.84521484375,0.0,0.0,0.0,0.0,0.0,0.0,0.0,0.0,0.0,0.0,0.0,0.0,0.0,11.621098518371582,0.0,0.0,0.0,0.0,0.0,1.9103178977966309,0.0,0.0,0.0,0.0,0.0,0.0,0.0,0.0,51.717742919921875,0.0,0.0,0.0,0.0,4.283987045288086,0.0,0.0,0.0,0.0,0.0,0.0,0.0,0.0,0.0,0.0,0.0,0.0,0.0,7.667265892028809,0.0,0.0,0.0,0.0,0.0,0.0,0.0,8.05649471282959,4.433010101318359,0.0,0.0,0.0,0.0,0.0,0.0,0.0,0.0,0.0,0.0,0.0,0.0,0.0,0.0,0.0,0.0,0.0,0.0,0.0,0.0,15.872692108154297,0.0,0.0,0.0,0.0,0.0,0.0,0.0,0.0,0.0,0.0,0.0,0.0,0.0,0.0,0.0,0.0,0.0,0.0,0.0,0.0,0.0,0.0,0.0,0.0,0.0,0.0,0.0,0.0,0.0,0.0,0.0,0.0,0.0,0.0,0.0,0.0,0.0,0.0,0.0,0.0,0.0,0.0,0.0,0.0,0.0,23.252416610717773,0.0,7.067589282989502,5.430173873901367,0.0,0.0,0.0,0.0,0.0,0.0,0.0,0.0,0.0,0.0,0.0,0.0,0.0,0.0,15.157684326171875,0.0,0.0,0.0,0.0,0.0,0.0,0.0,0.0,0.0,22.39713478088379,0.0,0.0,0.0,0.0,0.0,0.0,0.0,8.609538078308105,0.0,0.0,0.0,0.0,0.0,0.0,0.0,0.0,0.0,0.0,0.0,0.0,0.0,0.0,0.0,0.0,0.0,0.0,0.0,0.0,0.0,0.0,0.0,2.6451258659362793,0.0,0.0,1.0194977521896362,0.0,0.0,0.0,0.0,0.0,0.0,0.0,0.0,0.0,0.0,7.629794120788574,0.0,0.0,0.0,0.0,0.0,0.0,4.447815895080566,0.0,27.019250869750977,0.0,0.0,0.0,0.0,0.0,0.0,0.0,0.0,5.005520820617676,0.0,34.22857666015625,0.0,0.0,0.0,0.0,0.0,0.0,0.0,0.0,0.0,0.0,0.0,0.0,0.0,0.0,0.0,0.0,0.0,0.0,0.0,0.0,0.0,0.0,0.0,0.0,0.0,0.0,0.0,0.0,0.0,0.0,0.0,0.0,0.0,0.0,0.0,0.0,0.0,0.0,28.508804321289062,0.0,0.0,11.448174476623535,0.0,0.0,0.0,0.0,0.0,0.0,0.0,0.0,0.0,0.0,0.0,0.0,0.0,0.0,0.0,0.0,0.0,0.0,0.0,0.0,0.0,0.0,0.0,0.0,0.0,0.0,0.0,0.0,0.0,0.0,0.0,0.0,0.0,0.0,0.0,0.0,0.0,0.0,0.0,0.0,0.0,0.0,0.0,0.0,0.0,0.0,0.0,0.0,0.0,0.0,0.0,0.0,12.120177268981934,0.0,0.0,0.0,0.0,0.0,0.0,0.0,0.0,0.0,0.0,0.0,15.088346481323242,0.0,17.940900802612305,0.0,0.0,0.0,0.0,0.0,19.35000228881836,0.0,0.0,0.0,0.0,0.0,0.0,0.0,0.0,0.0,0.0,0.0,0.0,0.0,54.71204376220703,0.9921436309814453,0.0,0.0,0.0,0.0,0.0,0.0,0.0,0.0,0.0,0.0,0.0,0.0,0.0,0.0,0.0,0.0,0.0,0.0,0.0,0.0,0.0,8.9279146194458,0.0,0.0,0.0,0.0,0.0,0.0,0.0,0.0,0.0,0.0,0.0,0.0,0.0,0.0,0.0,0.0,0.0,0.0,0.0,0.0,7.1482648849487305,0.0,0.0,0.0,0.0,0.0,0.0,0.0,0.0,0.0,0.0,0.0,0.0,0.0,0.0,0.0,0.0,0.0,0.0,0.0,35.972747802734375,0.0,0.0,0.0,0.0,0.0,0.0,0.0,0.0,0.0,0.0,0.0,0.0,0.0,0.0,37.70308303833008,0.0,0.0,0.0,0.0,0.0,0.0,0.0,0.0,0.0,0.0,0.0,0.0,0.0,0.0,12.67840576171875,0.0,0.0,0.0,0.0,0.0,0.0,0.0,0.0,0.0,0.0,0.0,0.0,40.89073181152344,0.0,0.0,1.0240442752838135,0.0,0.0,0.0,0.0,0.0,0.0,0.0,0.0,0.0,0.0,21.94050407409668,0.0,0.0,0.0,0.0,0.0,0.0,0.0,14.940561294555664,0.0,0.0,0.0,0.0,0.0,28.096702575683594,0.0,0.0,9.890191078186035,0.0,0.0,0.0,0.0,0.0,0.0,0.0,0.0,21.087182998657227,0.0,0.0,0.0,0.0,0.0,13.793696403503418,0.0,0.0,0.0,0.0,0.0,0.0,0.0,0.0,0.0,0.0,0.0,45.24661636352539,0.0,0.0,0.0,0.0,0.0,0.0,0.0,0.0,0.0,0.0,0.0,0.0,0.0,0.0,0.0,0.0,0.0,0.0,0.0,0.0,0.0,0.0,0.0,0.0,0.0,0.0,0.0,0.0,65.22331237792969,0.0,0.0,0.0,0.0,0.0,0.0,0.0,0.0,0.0,0.0,0.0,0.0,0.0,0.0,0.0,0.0,0.0,0.0,0.0,0.0,0.0,0.0,0.0,0.0,0.0,0.0,0.0,0.0,0.0,0.0,0.0,0.0,0.0,0.0,0.0,0.0,0.0,0.0,0.0,0.0,0.0,0.0,0.0,0.0,0.0,0.0,0.0,0.0,0.0,5.133317470550537,0.0,7.001134872436523,0.0,0.0,0.0,0.0,0.0,0.0,0.0,0.0,0.0,0.0,0.0,0.0,0.0,0.0,0.0,4.608694076538086,0.0,0.0,0.0,0.0,25.757692337036133,0.0,0.0,0.0,0.0,0.0,0.0,0.0,0.0,0.0,0.0,0.0,0.0,0.0,0.0,0.0,0.0,0.0,0.0,0.0,0.0,0.0,30.068193435668945,0.0,0.0,7.567497730255127,0.0,0.0,0.0,0.0,0.0,0.0,0.0,0.0,0.0,0.0,0.0,0.0,0.0,0.0,0.0,0.0,0.0,0.0,0.0,0.0,0.0,1.0227657556533813,0.0,0.0,38.002010345458984,0.0,0.0,0.0,0.0,0.0,0.0,0.0,0.0,0.0,0.0,0.0,0.0,0.0,0.0,0.0,0.0,0.0,0.0,9.166792869567871,0.0,0.0,0.0,0.0,0.0,0.0,0.0,0.0,0.0,0.0,0.0,0.0,3.700233221054077,0.0,0.0,16.97422981262207,0.0,0.0,0.0,0.0,0.0,0.0,0.0,0.0,0.0,0.0,0.0,0.0,0.0,1.512041449546814,0.0,0.0,0.0,0.0,0.0,0.0,0.0,0.0,0.0,0.0,0.0,0.0,0.0,0.0,0.0,0.0,26.522905349731445,0.0,0.0,0.0,0.0,0.0,0.0,0.0,0.0,0.0,0.0,0.0,0.0,0.0,0.0,0.0,0.0,0.0,0.0,0.0,0.0,0.0,0.0,0.0,0.0,0.0,0.0,0.0,0.0,0.0,0.0,0.0,0.0,0.0,0.0,0.0,0.0,0.0,0.0,35.96660614013672,0.0,0.0,0.0,0.0,0.0,0.0,0.0,0.0,0.0,0.0,0.0,0.0,0.0,0.0,0.0,0.0,0.0,0.0,0.0,0.0,0.0,0.0,0.0,0.0,0.0,0.0,0.0,0.0,0.0,0.0,0.0,0.0,0.0,0.0,0.0,0.0,0.0,0.0,0.0,0.0,0.0,0.0,0.0,0.0,0.0,0.0,0.0,0.0,0.0,0.0,0.0,0.0,0.0,0.0,0.0,47.395179748535156,0.0,0.0,0.0,0.0,0.0,0.0,0.0,0.0,3.5287604331970215,0.0,0.0,39.48611831665039,0.0,0.0,0.0,0.0,0.0,0.0,0.0,39.1712760925293,0.0,6.318709850311279,0.0,0.0,0.0,0.0,0.0,0.0,0.0,0.0,0.0,0.0,0.0,61.60421371459961,0.0,0.0,0.0,0.0,0.0,0.0,0.0,0.0,0.0,0.0,0.0,0.0,0.0,0.0,0.0,0.0,0.0,0.0,0.0,0.0,0.0,0.0,0.0,0.0,0.0,0.0,0.0,0.0,0.0,0.0,0.0,0.0,0.0,0.0,0.0,0.0,0.0,0.0,0.0,0.0,0.0,0.0,0.0,1.850605845451355,0.0,0.0,0.0,0.0,0.0,0.0,0.0,0.0,0.0,0.0,0.0,0.0,0.0,0.0,0.0,0.0,0.0,0.0,0.0,0.0,0.0,0.0,0.0,0.0,0.0,0.0,0.0,0.0,0.0,0.0,0.0,0.0,0.0,0.0,15.663605690002441,0.0,0.0,0.0,0.0,0.0,0.0,0.0,0.0,0.0,0.0,0.0,0.0,0.0,0.0,0.0,0.0,0.0,0.0,0.0,0.0,0.0,0.0,0.0,0.0,0.0,0.0,0.0,0.0,0.0,0.0,17.502431869506836,0.0,0.0,0.0,0.0,0.0,0.0,0.0,0.0,0.0,0.0,0.0,0.0,0.0,0.0,0.0,0.0,0.0,0.0,0.0,0.0,0.0,0.0,0.0,0.0,30.104249954223633,0.0,0.0,19.163028717041016,0.0,0.0,0.0,0.0,0.0,0.0,0.0,0.0,0.0,0.0,0.0,0.0,0.0,0.0,0.0,0.0,0.0,0.0,0.0,0.0,0.0,0.0,0.0,0.0,0.0,0.0,0.0,0.0,0.0,0.0,0.0,0.0,35.05104064941406,0.0,0.0,0.0,0.0,0.0,0.0,0.0,0.0,0.0,0.0,0.0,0.0,0.0,0.0,0.0,0.0,0.0,0.0,0.0,0.0,0.0,0.0,69.42312622070312,0.0,0.0,0.0,0.0,0.0,0.0,0.0,0.0,0.0,0.0,0.0,0.0,0.0,0.0,0.0,0.0,0.0,0.0,0.0,0.0,0.0,0.0,0.0,0.0,0.0,0.0,0.0,0.0,0.0,0.0,0.0,0.0,0.0,0.0,0.0,0.0,0.0,0.0,0.0,0.0,0.0,0.0,0.0,0.0,0.0,0.0,0.0,0.0,0.0,0.7077966928482056,0.0,0.0,0.0,0.0,0.0,0.0,0.0,0.0,0.0,0.0,0.0,0.0,0.0,0.0,0.0,0.0,0.0,16.330730438232422,0.0,0.0,0.0,0.0,34.771732330322266,0.0,0.0,0.0,0.0,0.0,0.0,0.0,0.0,0.0,0.0,0.0,0.0,0.0,0.0,0.0,0.0,0.0,0.0,0.0,0.0,0.0,4.136013031005859,0.0,0.0,0.0,0.0,0.0,0.0,0.0,0.0,0.0,0.0,0.0,0.0,0.0,0.0,0.0,0.0,0.0,0.0,0.0,4.498968124389648,0.0,0.0,0.0,0.0,0.39196932315826416,0.0,0.0,21.761871337890625,0.0,0.0,0.0,0.0,0.0,0.0,0.0,0.0,0.0,0.0,0.0,0.0,0.0,0.0,0.0,0.0,0.0,0.0,18.740480422973633,0.0,0.0,0.0,0.0,0.0,0.0,0.0,0.0,0.0,0.0,3.544123888015747,0.0,0.0,0.0,0.0,27.06199073791504,0.0,0.0,0.0,0.0,0.0,0.0,0.0,0.0,0.0,0.0,0.0,0.0,7.498533725738525,2.1861472129821777,0.0,0.0,0.0,0.0,0.0,0.0,0.0,0.0,0.0,0.0,0.0,0.0,0.0,0.0,0.0,0.0,17.734479904174805,0.0,0.0,0.0,0.0,0.0,0.0,0.0,0.0,0.0,0.0,0.0,1.9243035316467285,0.0,0.0,0.0,0.0,0.0,0.0,0.0,0.0,0.0,0.0,0.0,0.0,0.0,0.0,0.0,0.0,0.0,0.0,0.0,0.0,0.0,0.0,0.0,0.0,0.0,0.0,22.878400802612305,0.0,0.0,0.0,0.0,0.0,0.0,0.0,0.0,0.0,0.0,0.0,0.0,0.0,0.0,0.0,0.0,0.0,0.0,0.0,0.0,0.0,0.0,0.0,0.0,0.0,0.0,0.0,0.0,0.0,0.0,0.0,0.0,0.0,0.0,0.0,0.0,0.0,0.0,0.0,0.0,0.0,0.0,0.0,0.0,0.0,0.0,0.0,0.0,0.0,0.0,0.0,0.0,0.0,5.832503318786621,0.0,45.134456634521484,0.0,0.0,0.0,0.0,0.0,0.0,0.0,0.0,0.0,0.0,0.0,31.33049201965332,0.0,0.0,0.0,0.0,0.0,4.907927513122559,0.0,27.376270294189453,0.0,11.829500198364258,0.0,0.0,0.0,0.0,0.0,0.0,0.0,0.0,0.0,0.0,0.0,42.097652435302734,0.0,0.0,0.0,0.0,0.0,0.0,0.0,0.0,0.0,0.0,0.0,0.0,0.0,0.0,0.0,0.0,0.0,0.0,0.0,0.0,0.0,0.0,0.0,0.0,0.0,0.0,0.0,0.0,0.0,0.0,0.0,0.0,0.0,0.0,0.0,0.0,0.0,0.0,0.0,0.0,0.0,0.0,0.0,0.0,0.0,0.0,0.0,0.0,0.0,0.0,0.0,0.0,0.0,0.0,0.0,0.0,0.0,0.0,0.0,0.0,0.0,0.0,0.0,0.0,0.0,0.0,0.0,0.0,0.0,0.0,0.0,0.0,0.0,0.0,0.0,0.0,0.0,0.0,0.0,0.0,0.0,0.0,0.0,0.0,0.0,0.0,0.0,0.0,0.0,0.0,0.0,0.0,0.0,0.0,0.0,0.0,0.0,0.0,0.0,0.0,0.0,0.0,0.0,0.0,0.0,0.0,0.0,0.0,0.0,5.710426330566406,0.0,0.0,0.0,0.0,0.0,0.0,0.0,0.0,0.0,0.0,0.0,0.0,0.0,0.0,0.0,0.0,0.0,0.0,0.0,0.0,0.0,0.0,0.0,0.0,11.075039863586426,0.0,0.0,30.607824325561523,0.0,0.0,0.0,0.0,0.0,0.0,0.0,0.0,0.0,0.0,0.0,0.0,0.0,0.0,0.0,0.0,0.0,0.0,0.0,0.0,0.0,0.0,0.0,0.0,0.0,0.0,0.0,0.0,0.0,0.0,0.0,0.0,47.791038513183594,0.0,0.0,0.0,0.0,0.0,0.0,0.0,0.0,0.0,0.0,0.0,0.0,0.0,0.0,0.0,0.0,0.0,0.0,0.0,0.0,0.0,0.0,53.23298263549805,0.0,0.0,0.0,0.0,0.0,0.0,0.0,0.0,0.0,0.0,0.0,0.0,0.0,0.0,0.0,0.0,0.0,0.0,0.0,0.0,0.0,0.0,0.0,0.0,0.0,0.0,0.0,0.0,0.0,0.0,0.0,0.0,0.0,0.0,0.0,0.0,0.0,0.0,0.0,0.0,0.0,0.0,0.0,2.736502170562744,0.0,0.0,0.0,0.0,0.0,0.48535287380218506,0.0,0.0,0.0,0.0,0.0,0.0,0.0,0.0,0.0,0.0,0.0,0.0,0.0,0.0,0.0,0.0,0.0,0.0,0.0,0.0,0.0,0.0,41.86360168457031,0.0,0.0,0.0,0.0,0.0,0.0,0.0,0.0,0.0,0.0,0.0,0.0,0.0,0.0,0.0,0.0,0.0,0.0,0.0,0.0,0.0,0.0,0.0,0.0,0.0,0.0,0.0,0.0,0.0,0.0,0.0,0.0,0.0,0.0,0.0,0.0,0.0,0.0,0.0,0.0,0.0,0.0,0.0,0.0,0.0,0.0,0.0,0.0,0.0,11.680481910705566,0.0,0.0,0.0,0.0,0.0,0.0,0.0,0.0,0.0,0.0,0.0,0.0,0.0,0.0,0.0,0.0,0.0,0.0,0.0,0.0,0.0,0.0,0.0,0.0,0.0,0.0,0.0,0.0,0.0,3.4961507320404053,0.0,0.0,0.0,0.0,14.40711498260498,0.0,0.0,0.0,0.0,0.0,0.0,0.0,0.0,0.0,0.0,0.0,0.0,0.0,0.0,0.0,0.0,0.0,0.0,0.0,0.0,0.0,0.0,0.0,0.0,0.0,0.0,0.0,0.0,0.0,0.0,10.678571701049805,0.0,0.0,0.0,0.0,0.0,0.0,0.0,0.0,0.0,0.0,0.0,0.0,0.0,0.0,0.0,0.0,0.0,0.0,0.0,0.0,0.0,0.0,0.0,0.0,0.0,0.0,0.0,0.0,0.0,0.0,0.0,0.0,0.0,0.0,0.0,0.0,0.0,0.0,16.408857345581055,0.0,0.0,0.0,0.0,0.0,0.0,0.0,0.0,0.0,0.0,0.0,0.0,0.0,0.0,0.0,0.0,0.0,0.0,0.0,0.0,0.0,0.0,0.0,0.0,0.0,0.0,0.0,0.0,0.0,0.0,0.0,0.0,0.0,0.0,0.0,0.0,0.0,0.0,0.0,0.0,0.0,0.0,0.0,0.0,0.0,0.0,0.0,0.0,0.0,0.0,0.0,0.0,0.0,5.775729179382324,0.0,16.14106559753418,0.0,0.0,0.0,0.0,0.0,0.0,0.0,0.0,0.0,0.0,0.0,16.328073501586914,0.0,0.0,0.0,0.0,0.0,0.0,0.0,33.08137130737305,0.0,0.0,0.0,0.0,0.0,0.0,0.0,0.0,0.0,0.0,0.0,0.0,0.0,27.763296127319336,0.0,0.0,0.0,0.0,0.0,0.0,0.0,0.0,0.0,0.0,0.0,0.0,0.0,0.0,0.0,0.0,0.0,0.0,0.0,0.0,0.0,0.0,0.0,0.0,0.0,0.0,0.0,0.0,0.0,0.0,0.0,0.0,0.0,0.0,0.0,0.0,0.0,0.0,0.0,0.0,0.0,0.0,0.0,0.0,0.0,0.0,0.0,0.0,0.0,0.0,0.0,0.0,0.0,0.0,0.0,0.0,0.0,0.0,0.0,0.0,0.0,0.0,0.0,0.0,0.0,0.0,0.0,0.0,0.0,0.0,0.0,0.0,0.0,0.0,0.0,0.0,0.0,0.0,16.407455444335938,0.0,0.0,0.0,0.0,0.0,0.0,0.0,0.0,0.0,0.0,0.0,0.0,0.0,0.0,0.0,0.0,0.0,0.0,0.0,0.0,0.0,0.0,0.0,0.0,0.0,0.0,0.0,0.0,0.0,0.0,12.135866165161133,0.0,0.0,0.0,0.0,0.0,0.0,0.0,0.0,0.0,0.0,0.0,0.0,0.0,0.0,0.0,0.0,0.0,0.0,0.0,0.0,0.0,0.0,0.0,0.0,0.11919349431991577,0.0,0.0,24.64946174621582,0.0,0.0,0.0,0.0,0.0,0.0,0.0,0.0,0.0,0.0,0.0,0.0,0.0,0.0,0.0,0.0,0.0,0.0,0.0,0.0,0.0,0.0,0.0,7.872538089752197,0.0,0.0,0.0,0.0,0.0,0.0,0.0,0.0,29.351430892944336,0.0,0.0,0.0,0.0,0.0,0.0,0.0,0.0,0.0,0.0,0.0,0.0,0.0,0.0,0.0,0.0,0.0,0.0,0.0,0.0,0.0,0.0,73.43909454345703,0.0,0.0,0.0,0.0,0.0,0.0,0.0,0.0,0.0,0.0,0.0,0.0,0.0,0.0,0.0,0.0,0.0,0.0,0.0,0.0,0.0,0.0,0.0,0.0,0.0,0.0,0.0,0.0,0.0,0.0,0.0,0.0,0.0,0.0,0.0,0.0,0.0,0.0,0.0,0.0,0.0,0.0,0.0,6.030196666717529,0.0,0.0,0.0,0.0,0.0,0.0,0.0,0.0,0.0,0.0,0.0,0.0,0.0,0.0,0.0,0.0,0.0,0.0,0.0,0.0,0.0,0.0,0.0,0.0,0.0,0.0,0.0,0.0,17.03479766845703,0.0,0.0,0.0,0.0,0.0,0.0,0.0,0.0,0.0,0.0,0.0,0.0,0.0,0.0,0.0,0.0,0.0,0.0,0.0,0.0,0.0,0.0,0.0,0.0,0.0,0.0,0.0,0.0,0.0,0.0,0.0,0.0,0.0,0.0,0.0,0.0,0.0,0.0,0.0,0.0,0.0,0.0,0.0,0.0,0.0,0.0,0.0,0.0,0.0,6.156888484954834,0.0,0.0,0.0,0.0,0.0,0.0,0.0,0.0,0.0,0.0,0.0,0.0,0.0,0.0,0.0,0.0,0.0,0.0,0.0,0.0,0.0,0.0,0.0,0.0,0.0,0.0,0.0,0.0,0.0,0.0,0.0,0.0,0.0,0.0,0.0,0.0,0.0,0.0,0.0,0.0,0.0,0.0,0.0,0.0,0.0,0.0,0.0,0.0,0.0,0.0,0.0,0.0,0.0,0.0,0.0,0.0,0.0,0.0,0.0,0.0,0.0,0.0,0.0,0.0,0.0,12.98785400390625,0.0,0.0,0.0,0.0,0.0,0.0,0.0,0.0,0.0,0.0,0.0,0.0,0.0,0.0,0.0,0.0,0.0,0.0,0.0,0.0,0.0,0.0,0.0,0.0,0.0,0.0,0.0,0.0,0.0,0.0,0.0,0.0,0.0,0.0,0.0,0.0,0.0,0.0,3.720827341079712,0.0,0.0,0.0,0.0,0.0,0.0,0.0,0.0,0.0,0.0,0.0,0.0,0.0,0.0,0.0,0.0,0.0,0.0,0.0,0.0,0.0,0.0,0.0,0.0,0.0,0.0,0.0,0.0,0.0,0.0,0.0,0.0,0.0,0.0,0.0,0.0,0.0,0.0,0.0,0.0,0.0,0.0,0.0,0.0,0.0,0.0,0.0,0.0,0.0,0.0,0.0,0.0,0.0,0.0,0.0,0.0,0.0,0.0,0.0,0.0,0.0,0.0,0.0,0.0,0.0,0.0,0.0,19.479185104370117,0.0,0.0,0.0,0.0,0.0,0.0,0.0,13.299436569213867,0.0,0.0,0.0,0.0,0.0,0.0,0.0,0.0,0.0,0.0,0.0,0.0,0.0,9.96370792388916,0.0,0.0,0.0,0.0,0.0,0.0,0.0,0.0,0.0,0.0,0.0,0.0,0.0,0.0,0.0,0.0,0.0,0.0,0.0,0.0,0.0,0.0,3.5669217109680176,0.0,0.0,0.0,0.0,0.0,0.0,0.0,0.0,0.0,0.0,0.0,0.0,0.0,0.0,0.0,0.0,0.0,0.0,0.0,0.0,0.0,0.0,0.0,0.0,0.0,0.0,0.0,0.0,0.0,0.0,0.0,0.0,0.0,0.0,0.0,0.0,0.0,0.0,0.0,0.0,0.0,0.0,0.0,0.0,0.0,0.0,0.0,0.0,0.0,0.0,0.0,0.0,0.0,0.0,0.0,16.302349090576172,0.0,0.0,0.0,0.0,0.0,0.0,0.0,0.0,0.0,0.0,0.0,0.0,0.0,0.0,0.0,0.0,0.0,0.0,0.0,0.0,0.0,0.0,0.0,0.0,0.0,0.0,0.0,0.0,0.0,0.0,10.656147003173828,0.0,0.0,0.0,0.0,0.0,0.0,0.0,0.0,0.0,0.0,0.0,0.0,0.0,0.0,0.0,0.0,0.0,0.0,0.0,0.0,0.0,0.0,0.0,0.0,8.126142501831055,0.0,0.0,3.8759398460388184,0.0,0.0,0.0,0.0,0.0,0.0,0.0,0.0,0.0,0.0,0.0,0.0,0.0,0.0,0.0,0.0,0.0,0.0,0.0,0.0,0.0,0.0,0.0,0.0,0.0,0.0,0.0,0.0,0.0,0.0,0.0,0.0,21.1235408782959,0.0,0.0,0.0,0.0,0.0,0.0,0.0,0.0,0.0,0.0,0.0,0.0,0.0,0.0,0.0,0.0,0.0,0.0,0.0,0.0,0.0,0.0,70.26033782958984,0.0,0.0,0.0,0.0,0.0,0.0,0.0,0.0,0.0,0.0,0.0,0.0,0.0,0.0,0.0,0.0,0.0,0.0,0.0,0.0,0.0,0.0,0.0,0.0,0.0,0.0,0.0,0.0,0.0,0.0,0.0,0.0,0.0,0.0,0.0,0.0,0.0,0.0,0.0,0.0,0.0,0.0,0.0,0.0,0.0,0.0,0.0,0.0,0.0,0.9903746843338013,0.0,0.0,0.0,0.0,0.0,0.0,0.0,0.0,0.0,0.0,0.0,0.0,0.0,0.0,0.0,0.0,0.0,0.0,0.0,0.0,0.0,0.0,2.824763059616089,0.0,0.0,0.0,0.0,0.0,0.0,0.0,0.0,0.0,0.0,1.5283451080322266,0.0,0.0,0.0,0.0,0.0,0.0,0.0,0.0,0.0,0.0,0.0,0.0,0.0,0.0,0.0,0.0,0.0,0.0,0.0,0.0,0.0,0.0,0.0,0.0,0.0,0.0,0.0,0.0,0.0,0.0,0.0,0.0,0.0,0.0,0.0,0.0,0.0,0.0,19.748842239379883,0.0,0.0,0.0,0.0,0.0,0.0,0.0,0.0,0.0,0.0,0.0,0.0,0.0,0.0,0.0,0.0,0.0,0.0,0.0,0.0,0.0,0.0,0.0,0.0,0.0,0.0,0.0,0.0,0.0,0.0,0.0,0.0,0.0,0.0,0.0,0.0,0.0,0.0,0.0,0.0,0.0,0.0,0.0,0.0,0.0,0.0,0.0,0.0,0.0,0.0,0.0,0.0,0.0,0.0,0.0,0.0,0.0,0.0,0.0,0.0,0.0,0.0,9.258966445922852,0.0,0.0,10.607444763183594,0.0,0.0,0.0,0.0,0.0,0.0,0.0,0.0,0.0,0.0,0.0,0.0,0.0,0.0,0.0,0.0,0.0,0.0,0.0,0.0,0.0,0.0,0.0,0.0,0.0,0.0,0.0,0.0,0.0,0.0,0.0,0.0,0.0,0.0,0.0,0.0,0.0,0.0,0.0,0.0,0.0,0.0,0.0,0.0,0.0,0.0,0.0,0.0,0.0,0.0,0.0,0.0,0.0,0.0,0.0,0.0,0.0,0.0,0.0,0.0,0.0,0.0,0.0,0.0,0.0,0.0,5.641452312469482,0.0,0.0,0.0,0.0,0.0,0.0,0.0,0.0,0.0,0.0,0.0,0.0,0.0,0.0,0.0,0.0,0.0,0.0,0.0,0.0,0.0,0.0,0.0,0.0,0.0,0.0,0.0,0.0,0.0,0.0,0.0,0.0,0.0,0.0,0.0,0.0,0.0,0.0,0.0,22.578227996826172,0.0,0.0,0.0,0.0,0.0,0.0,0.0,0.0,0.0,0.0,0.0,0.0,0.0,0.0,0.0,0.0,0.0,0.0,0.0,0.0,0.0,7.081236839294434,0.0,0.0,0.0,0.0,0.0,0.0,0.0,0.0,0.0,0.0,0.0,0.0,0.0,0.0,0.0,0.0,0.0,0.0,0.0,0.0,0.0,0.0,15.456866264343262,0.0,0.0,0.0,0.0,0.0,0.0,0.0,0.0,0.0,0.0,0.0,0.0,0.0,0.0,0.0,0.0,0.0,0.0,0.0,0.0,0.0,0.0,0.0,0.0,0.0,0.0,0.0,0.0,0.0,0.0,0.0,0.0,0.0,0.0,0.0,0.0,0.0,0.0,0.0,0.0,0.0,0.0,0.0,0.0,0.0,0.0,0.0,0.0,0.0,0.0,0.0,0.0,0.0,0.0,0.0,13.668471336364746,0.0,0.0,0.0,0.0,0.0,0.0,0.0,0.0,0.0,0.0,0.0,0.0,0.0,0.0,0.0,0.0,0.0,0.0,0.0,0.0,0.0,0.0,0.0,0.0,0.0,0.0,0.0,0.0,0.0,0.0,0.0,0.0,0.0,0.0,0.0,0.0,0.0,0.0,0.0,0.0,0.0,0.0,0.0,0.0,0.0,0.0,0.0,0.0,0.0,0.0,0.0,0.0,0.0,0.0,0.0,2.512951374053955,0.0,0.0,20.573333740234375,0.0,0.0,0.0,0.0,0.0,0.0,0.0,0.0,12.676583290100098,0.0,0.0,0.0,0.0,0.0,0.0,0.0,0.0,0.0,0.0,0.0,0.0,0.0,0.0,0.0,0.0,0.0,0.0,0.0,0.0,0.0,0.0,0.0,2.3992912769317627,0.0,0.0,0.0,0.0,0.0,0.0,0.0,0.0,0.0,0.0,0.0,0.0,0.0,0.0,0.0,0.0,2.4039103984832764,0.0,0.0,12.719819068908691,0.0,0.0,55.44322204589844,0.0,0.0,0.0,0.0,0.2721419334411621,0.0,0.0,0.0,0.0,0.0,0.0,0.0,0.0,0.0,0.0,0.0,0.0,0.0,0.0,8.412985801696777,0.0,0.0,0.0,0.0,0.0,0.0,0.0,0.0,0.0,0.0,0.0,0.0,0.0,0.0,0.0,0.0,0.0,0.0,0.0,0.0,0.0,0.0,0.0,0.0,0.0,0.0,0.0,0.0,13.007590293884277,6.713947772979736,0.0,0.0,0.0,0.0,0.0,0.0,0.0,0.0,0.0,0.0,0.0,0.0,0.0,0.0,0.0,0.0,0.0,0.0,0.0,0.0,0.0,0.0,5.431454181671143,10.783336639404297,0.0,0.0,0.0,0.0,0.0,0.0,0.0,0.0,0.0,0.0,0.0,0.0,0.0,0.0,0.0,0.0,0.0,0.0,0.0,0.0,0.0,0.0,23.139240264892578,0.0,0.0,0.0,0.0,0.0,0.0,0.0,0.0,0.0,0.0,0.0,0.0,0.0,0.0,0.0,0.0,0.0,0.0,0.0,0.0,0.0,0.0,0.0,0.0,0.0,3.894312620162964,0.0,0.0,0.0,0.0,0.0,0.0,0.0,8.344208717346191,0.0,0.0,0.0,0.0,0.0,0.0,0.0,0.0,0.0,0.0,9.601958274841309,0.0,0.0,0.0,0.0,0.0,0.0,0.0,0.0,0.0,0.0,0.0,0.0,0.0,0.0,0.0,0.0,0.0,0.0,0.0,0.0,0.0,0.0,0.0,0.0,0.0,0.0,0.0,0.0,0.0,0.0,0.0,0.0,0.0,0.0,0.0,0.0,0.0,0.0,0.0,0.0,0.0,0.0,0.0,0.0,0.0,0.0,11.971220970153809,0.0,0.0,0.0,0.0,0.0,0.0,0.0,0.0,0.0,0.0,0.0,0.0,0.0,0.0,0.0,0.0,0.0,0.0,0.0,0.0,0.0,0.0,0.0,0.0,0.0,0.0,0.0,0.0,0.0,0.0,0.0,0.0,0.0,0.0,0.0,0.0,0.0,0.0,21.69467544555664,0.0,0.0,11.536149978637695,0.0,0.0,0.0,0.0,0.0,0.0,0.0,0.0,0.0,0.0,0.0,0.0,0.0,0.0,0.0,0.0,0.0,0.0,0.0,0.0,0.0,0.0,0.0,0.0,5.671032428741455,0.0,0.0,0.0,0.0,0.0,0.0,0.0,0.0,0.0,0.0,0.0,0.0,0.0,0.0,0.0,0.0,0.0,0.0,0.0,0.0,0.0,0.0,0.0,0.0,0.0,0.0,0.0,0.0,0.0,0.0,3.808115005493164,0.0,0.0,0.0,0.0,0.0,0.0,0.0,0.0,0.0,0.0,0.0,0.0,0.0,0.0,0.0,0.0,0.0,0.0,0.0,0.0,0.0,0.0,0.0,0.0,0.0,0.0,0.0,0.0,0.0,0.0,16.88785171508789,0.0,0.0,0.0,0.0,0.0,0.0,0.0,0.0,0.0,0.0,0.0,0.0,0.0,0.0,0.0,0.0,0.0,0.0,0.0,0.0,0.0,0.0,13.748867988586426,0.0,0.0,0.0,0.0,0.0,0.0,0.0,0.0,0.0,0.0,0.0,0.0,0.0,0.0,0.0,0.0,0.0,0.0,0.0,0.0,0.0,0.0,0.0,0.0,0.0,0.0,0.0,0.0,0.0,0.0,0.0,0.0,0.0,0.0,0.0,0.0,0.0,0.0,0.0,0.0,0.0,0.0,0.0,0.0,0.0,0.0,0.0,0.0,0.0,0.0,0.0,0.0,0.0,0.0,0.0,46.26173782348633,0.0,0.0,0.0,0.0,0.0,0.0,0.0,0.0,0.0,0.0,0.0,0.0,0.0,0.0,0.0,0.0,0.0,0.0,0.0,0.0,0.0,0.0,0.0,0.0,0.0,0.0,0.0,0.0,0.0,0.0,0.0,0.0,0.0,0.0,0.0,0.0,0.0,0.0,0.0,0.0,0.0,12.121840476989746,0.0,0.0,0.0,0.0,0.0,0.0,0.0,0.0,0.0,0.0,0.0,16.773605346679688,0.0,0.0,0.0,0.0,15.279136657714844,0.0,0.0,0.0,0.0,0.0,0.0,0.0,0.0,53.100799560546875,0.0,0.0,0.0,0.0,0.0,0.0,0.0,0.0,0.0,0.0,0.0,0.0,0.0,0.0,0.0,0.0,0.0,33.73802947998047,0.0,0.0,0.0,0.0,0.0,0.0,0.0,0.0,0.0,0.0,0.0,0.0,0.0,12.794330596923828,0.0,0.0,0.0,0.0,0.0,0.0,0.0,0.0,0.0,0.0,0.0,0.08992795646190643,0.0,0.0,50.250850677490234,0.0,0.0,0.0,0.0,0.0,0.0,0.0,0.0,0.0,0.0,0.0,0.0,0.0,0.0,0.0,0.0,0.0,0.0,0.0,0.0,0.0,0.0,0.0,0.0,0.0,0.0,0.0,0.0,0.0,0.0,0.0,0.0,0.0,0.0,0.0,0.0,0.0,0.0,0.0,0.0,0.0,0.0,0.0,0.0,0.0,0.0,0.0,0.0,9.45921516418457,0.0,0.0,0.0,0.0,0.0,0.0,0.0,0.0,0.0,0.0,0.0,0.0,0.0,0.0,0.0,0.0,0.0,0.0,0.0,0.0,0.0,0.0,0.0,14.291793823242188,0.0,0.0,0.0,0.0,0.0,0.0,0.0,0.0,0.0,0.0,0.0,0.0,0.0,0.0,0.0,0.0,0.0,0.0,0.0,0.0,0.0,0.0,0.0,19.67210578918457,0.0,0.0,0.0,0.0,0.0,0.0,0.0,0.0,0.0,0.0,0.0,0.0,0.0,0.0,0.0,0.0,0.0,0.0,0.0,0.0,0.0,0.0,0.0,0.0,0.0,6.6898322105407715,0.0,0.0,0.0,0.0,0.0,0.0,0.0,0.0,0.0,0.0,0.0,0.0,0.0,0.0,0.0,0.0,0.0,0.0,0.0,0.0,0.0,0.0,0.0,0.0,0.0,0.0,0.0,0.0,0.0,0.0,0.0,0.0,0.0,0.0,0.0,0.0,0.0,0.0,0.0,0.0,0.0,0.0,0.0,0.0,0.0,0.0,0.0,0.0,0.0,0.0,0.0,0.0,0.0,0.0,0.0,0.0,0.0,0.0,0.0,0.0,0.0,0.0,0.0,0.0,0.0,0.0,0.0,0.0,0.0,0.0,0.0,0.0,0.0,0.0,0.0,0.0,0.0,0.0,0.0,0.0,0.0,0.0,0.0,0.0,0.0,0.0,0.0,0.0,0.0,0.0,0.0,0.0,0.0,0.0,0.0,0.0,0.0,0.0,0.0,0.0,0.0,0.0,0.0,0.0,38.85955047607422,0.0,0.0,0.0,0.0,0.0,0.0,0.0,0.0,0.0,0.0,0.0,0.0,0.0,0.0,0.0,0.0,0.0,0.0,0.0,0.0,0.0,0.0,0.0,0.0,0.0,0.0,0.0,0.0,0.0,0.0,0.0,0.0,0.0,0.0,0.0,0.0,0.0,0.0,0.0,0.0,0.0,0.0,0.0,0.0,0.0,0.0,0.0,0.0,0.0,0.0,0.0,0.0,0.0,0.0,0.0,0.0,0.0,0.0,0.0,0.0,0.0,0.0,0.0,0.0,0.0,0.0,0.0,0.0,0.0,0.0,0.0,0.0,0.0,0.0,0.0,14.18815803527832,0.0,0.0,0.0,0.0,0.0,0.0,0.0,0.0,0.0,0.0,0.0,0.0,0.0,0.0,0.0,0.0,0.0,0.0,0.0,0.0,0.0,0.0,0.0,0.0,0.0,0.0,0.0,0.0,0.0,0.0,0.0,0.0,0.0,0.0,0.0,0.0,7.030306339263916,0.0,0.0,0.0,0.0,0.0,0.0,0.0,0.0,0.0,0.0,0.0,0.0,0.0,0.0,0.0,0.0,0.0,0.0,0.0,0.0,0.0,0.0,0.0,0.0,0.0,0.0,0.0,0.0,0.0,0.0,0.0,0.0,0.0,0.0,0.0,0.0,0.0,0.0,0.0,0.0,0.0,0.0,0.0,0.0,0.0,0.0,0.0,0.0,0.0,0.0,0.0,0.0,0.0,0.0,0.0,49.63629913330078,0.0,0.0,0.0,0.0,0.0,0.0,0.0,0.0,0.0,0.0,0.0,0.0,0.0,0.0,0.0,0.0,0.0,0.0,0.0,0.0,0.0,0.0,0.0,0.0,0.0,0.0,0.0,0.0,0.0,0.0,0.0,0.0,0.0,0.0,0.0,0.0,0.0,0.0,0.0,0.0,0.0,0.0,0.0,0.0,0.0,0.0,0.0,0.0,0.0,0.0,0.0,0.0,0.0,0.0,0.0,0.0,0.0,0.0,2.9884510040283203,0.0,0.0,0.0,0.0,0.0,0.0,0.0,0.0,0.0,0.0,0.0,0.0,0.0,0.0,0.0,0.0,0.0,0.0,0.0,0.0,0.0,0.0,0.0,0.0,0.0,0.0,29.053672790527344,0.0,0.0,0.0,0.0,0.0,0.0,0.0,0.0,0.0,0.0,0.0,0.0,0.0,0.0,0.0,0.0,0.0,0.0,0.0,0.0,0.0,0.0,0.0,0.0,0.0,0.0,0.0,0.0,58.44269943237305,0.0,0.0,0.0,0.0,0.0,0.0,0.0,0.0,0.0,0.0,0.0,0.0,0.0,0.0,0.0,0.0,0.0,0.0,0.0,0.0,0.0,0.0,0.0,0.0,0.0,0.0,0.0,0.0,0.0,0.0,0.0,0.0,0.0,0.0,0.0,0.0,0.0,0.0,0.0,0.0,0.0,0.0,0.0,0.0,0.0,0.0,0.0,0.0,0.0,0.0,0.0,0.0,0.0,0.0,0.0,0.0,0.0,0.0,0.0,0.0,0.0,0.0,0.0,0.0,0.0,0.0,0.0,0.0,0.0,0.0,0.0,0.0,0.0,0.0,0.0,0.0,0.0,0.0,0.0,0.0,0.0,0.0,0.0,0.0,0.0,0.0,0.0,0.0,0.0,0.0,0.0,0.0,0.0,0.0,0.0,0.0,0.0,0.0,0.0,0.0,0.0,0.0,0.0,0.0,0.0,0.0,0.0,0.0,0.0,0.0,0.0,0.0,0.0,0.0,0.0,0.0,0.0,0.0,0.0,0.0,0.0,0.0,20.5882568359375,0.0,0.0,0.0,0.0,0.0,0.0,0.0,0.0,0.0,0.0,0.0,0.0,0.0,0.0,0.0,0.0,0.0,0.0,0.0,0.0,0.0,0.0,0.0,0.0,0.0,0.0,0.0,0.0,0.0,0.0,0.0,0.0,0.0,0.0,0.0,0.0,0.0,0.0,0.0,0.0,0.0,0.0,0.0,0.0,0.0,0.0,0.0,0.0,0.0,0.0,0.0,0.0,0.0,0.0,0.0,0.0,0.0,0.0,0.0,0.0,0.0,0.0,0.0,0.0,0.0,0.0,0.0,0.0,0.0,0.0,0.0,0.0,0.0,0.0,0.0,0.0,0.0,1.6302454471588135,0.0,0.0,0.0,0.0,0.0,0.0,0.0,0.0,0.0,0.0,0.0,0.0,0.0,0.0,0.0,0.0,0.0,0.0,0.0,0.0,0.0,0.0,0.0,0.0,0.0,0.0,34.4197883605957,0.0,0.0,0.0,0.0,0.0,0.0,0.0,0.0,0.0,0.0,0.0,0.0,0.0,0.0,0.0,0.0,0.0,0.0,0.0,0.0,0.0,0.0,0.0,0.0,0.0,0.0,0.0,0.0,0.0,0.0,0.0,0.0,0.0,0.0,0.0,0.0,0.0,0.0,0.0,0.0,0.0,0.0,0.0,0.0,0.0,0.0,0.0,0.0,0.0,0.0,0.0,0.0,0.0,0.0,0.0,0.0,0.0,0.0,0.0,0.0,0.0,0.0,0.0,0.0,0.0,0.0,0.0,0.0,0.0,0.0,0.0,0.0,0.0,0.0,0.0,3.738271951675415,0.0,0.0,0.0,0.0,0.0,0.0,0.0,0.0,0.0,0.0,0.0,0.0,0.0,0.0,0.0,0.0,0.0,0.0,0.0,0.0,0.0,0.0,0.0,0.0,0.0,0.0,0.0,0.0,0.0,0.0,0.0,0.0,0.0,0.0,0.0,0.0,0.0,0.0,0.0,0.0,0.0,0.0,0.0,0.0,0.0,0.0,0.0,0.0,0.0,0.0,0.0,0.0,0.0,0.0,0.0,0.0,0.0,0.0,0.0,0.0,0.0,0.0,0.0,0.0,0.0,0.0,0.0,0.0,0.0,0.0,0.0,0.0,0.0,0.0,0.0,0.0,0.0,0.0,0.0,0.0,0.0,0.0,0.0,0.0,0.0,0.0,0.0,0.0,0.0,0.0,0.0,0.0,11.314215660095215,0.0,0.0,0.0,0.0,0.0,0.0,0.0,0.0,0.0,0.0,0.0,0.0,0.0,0.0,0.0,0.0,0.0,0.0,0.0,0.0,0.0,0.0,0.0,0.0,0.0,0.0,0.0,0.0,0.0,0.0,0.0,0.0,0.0,0.0,0.0,0.0,0.0,0.0,0.0,0.0,0.0,0.0,0.0,0.0,0.0,0.0,0.0,0.0,0.0,0.0,0.0,0.0,0.0,0.0,0.0,0.0,0.0,0.0,0.0,0.0,0.0,0.0,0.0,0.0,0.0,0.0,0.0,0.0,0.0,0.0,0.0,0.0,0.0,0.0,0.0,0.0,0.0,0.0,0.0,0.0,0.0,0.0,0.0,0.0,0.0,0.0,0.0,0.0,0.0,0.0,0.0,21.097309112548828,0.0,0.0,0.0,0.0,0.0,0.0,0.0,0.0,0.0,0.0,0.0,0.0,0.0,0.0,0.0,0.0,0.0,0.0,0.0,0.0,0.0,0.0,44.03990936279297,0.0,0.0,0.0,0.0,0.0,0.0,0.0,0.0,0.0,0.0,0.0,0.0,0.0,0.0,0.0,0.0,0.0,0.0,0.0,0.0,0.0,0.0,0.0,0.0,0.0,0.0,0.0,0.0,0.0,0.0,0.0,0.0,0.0,0.0,0.0,0.0,0.0,0.0,0.0,0.0,0.0,0.0,0.0,0.0,0.0,0.0,0.0,0.0,0.0,15.746187210083008,0.0,0.0,0.0,0.0,0.0,0.0,0.0,0.0,0.0,0.0,0.0,0.0,0.0,0.0,0.0,0.0,0.0,0.0,0.0,0.0,0.0,0.0,17.321378707885742,0.0,0.0,0.0,0.0,0.0,0.0,0.0,0.0,0.0,0.0,0.0,0.0,0.0,0.0,0.0,0.0,0.0,0.0,0.0,0.0,0.0,0.0,0.0,0.0,0.0,0.0,0.0,0.0,0.0,0.0,0.0,0.0,0.0,0.0,0.0,0.0,0.0,0.0,0.0,0.0,0.0,0.0,0.0,0.0,0.0,0.0,0.0,0.0,0.0,5.165328025817871,0.0,0.0,0.0,0.0,0.0,0.0,0.0,0.0,2.8706929683685303,0.0,0.0,0.0,0.0,0.0,0.0,0.0,0.0,0.0,0.0,0.0,0.0,0.0,0.0,0.0,0.0,0.0,0.0,0.0,0.0,0.0,0.0,0.0,0.0,0.0,0.0,0.0,0.0,0.0,0.0,23.373857498168945,0.0,0.0,0.0,0.0,0.0,0.0,0.0,0.0,0.0,0.0,0.0,0.0,0.0,0.0,0.0,0.0,0.0,0.0,0.0,0.0,0.0,0.0,0.0,0.0,0.0,0.0,0.0,0.0,0.0,0.0,0.0,0.0,0.0,0.0,0.0,0.0,0.0,22.671634674072266,0.0,0.0,0.0,0.0,0.0,0.0,0.0,0.0,0.0,0.0,0.0,0.0,0.0,0.0,0.0,0.0,0.0,0.0,0.0,0.0,0.0,0.0,0.0,0.0,0.0,0.0,48.960960388183594,0.0,5.597698211669922,0.0,0.0,0.0,0.0,0.0,0.0,0.0,0.0,0.0,0.0,0.0,0.0,0.0,0.0,0.0,0.0,0.0,0.0,0.0,0.0,0.0,0.0,0.0,0.0,0.0,0.0,0.0,0.0,0.0,0.0,0.0,0.0,0.0,0.0,0.0,0.0,0.0,0.0,0.0,0.0,0.0,0.0,0.0,0.0,0.0,0.0,0.0,0.0,0.0,0.0,0.0,0.0,0.0,0.0,0.0,0.0,0.0,0.0,0.0,0.0,0.0,9.18128490447998,0.0,0.0,0.0,0.0,0.0,0.0,0.0,0.0,0.0,0.0,0.0,24.57674789428711,0.0,0.0,0.0,0.0,0.0,0.0,0.0,0.0,0.0,0.0,0.0,0.0,0.0,0.0,0.0,0.0,0.0,0.0,0.0,0.0,0.0,0.0,0.0,0.0,0.0,0.0,0.0,0.0,0.0,0.0,0.0,0.0,0.0,0.0,0.0,0.0,0.0,0.0,37.046714782714844,0.0,0.0,0.0,0.0,0.0,0.0,0.0,0.0,0.0,0.0,0.0,0.0,0.0,0.0,0.0,0.0,0.0,0.0,0.0,0.0,0.0,0.0,0.0,0.0,0.0,0.0,0.0,0.0,0.0,0.0,0.0,0.0,0.0,0.0,0.0,0.0,0.0,0.0,0.0,0.0,0.0,0.0,0.0,0.0,0.0,0.0,0.0,0.0,0.0,0.0,0.0,5.019176959991455,0.0,0.0,0.0,0.0,0.0,0.0,0.0,0.0,0.0,0.0,0.0,0.0,0.0,0.0,0.0,0.0,0.0,0.0,0.0,0.0,0.0,0.0,0.0,0.0,0.0,0.0,0.0,0.0,0.0,0.0,0.0,0.0,0.0,0.0,0.0,0.0,0.0,0.0,0.0,0.0,0.0,0.0,0.0,0.0,0.0,0.0,0.0,0.0,0.0,0.0,0.0,0.0,0.0,0.0,0.0,0.0,0.0,0.0,0.0,0.0,0.0,0.0,0.0,0.0,0.0,0.0,0.0,0.0,0.0,0.0,0.0,0.0,0.0,0.0,0.0,0.0,0.0,0.0,0.0,0.0,0.0,0.0,0.0,0.0,0.0,0.0,0.0,0.0,0.0,0.0,0.0,0.0,0.0,42.34420394897461,0.0,0.0,0.0,0.0,0.0,0.0,0.0,0.0,0.0,0.0,0.0,0.0,0.0,0.0,0.0,0.0,0.0,0.0,0.0,0.0,0.0,0.0,29.00372886657715,0.0,0.0,0.0,0.0,0.0,0.0,0.0,0.0,0.0,0.0,0.0,0.0,0.0,0.0,0.0,0.0,0.0,0.0,0.0,0.0,0.0,0.0,0.0,0.0,0.0,0.0,0.0,0.0,0.0,0.0,0.0,0.0,0.0,0.0,5.277437210083008,0.0,0.0,0.0,0.0,0.0,0.0,0.0,0.0,9.30679702758789,0.0,0.0,0.0,0.0,0.0,43.115882873535156,0.0,0.0,0.0,0.0,0.0,0.0,0.0,0.0,0.0,0.0,0.0,0.0,0.0,0.0,0.0,0.0,0.0,0.0,0.0,0.0,0.0,0.0,38.74644470214844,0.0,0.0,0.0,0.0,0.0,0.0,0.0,0.0,0.0,0.0,0.0,0.0,0.0,0.0,0.0,0.0,0.0,0.0,0.0,0.0,0.0,0.0,0.0,0.0,0.0,0.0,0.0,0.0,0.0,0.0,0.0,0.0,0.0,0.0,0.0,0.0,0.0,0.0,0.0,0.0,0.0,0.0,0.0,0.0,0.0,0.0,0.0,0.0,0.0,0.0,0.0,0.0,0.0,0.0,0.0,0.0,0.0,0.0,2.189466953277588,0.0,0.0,0.0,0.0,0.0,0.0,0.0,0.0,0.0,0.0,0.0,0.0,0.0,0.0,0.0,0.0,0.0,0.0,0.0,0.0,0.0,0.0,0.0,0.0,0.0,0.0,0.0,0.0,0.0,0.0,15.362759590148926,0.0,0.0,0.0,0.0,0.0,0.0,0.0,0.0,0.0,0.0,0.0,0.0,0.0,0.0,0.0,0.0,0.0,0.0,0.0,0.0,0.0,0.0,0.0,0.0,0.0,0.0,0.0,0.0,0.0,0.0,0.0,0.0,0.0,0.0,0.0,0.0,0.0,11.367953300476074,0.0,0.0,0.0,0.0,0.0,0.0,0.0,0.0,0.0,0.0,0.0,0.0,0.0,0.0,0.0,0.0,0.0,0.0,0.0,0.0,0.0,0.0,0.0,0.0,0.0,0.0,39.74654769897461,0.0,0.0,0.0,0.0,0.0,0.0,0.0,0.0,0.0,0.0,0.0,0.0,0.0,0.0,0.0,0.0,0.0,0.0,0.0,0.0,0.0,0.0,0.0,0.0,0.0,0.0,0.0,0.0,0.0,0.0,0.0,0.0,0.0,0.0,0.0,0.0,0.0,0.0,0.0,0.0,0.0,0.0,0.0,0.0,0.0,0.0,0.0,0.0,0.0,0.0,0.0,0.0,0.0,0.0,0.0,0.0,0.0,0.0,0.0,0.0,0.0,0.0,0.0,3.15897274017334,0.0,0.0,0.0,0.0,0.0,0.0,0.0,0.0,0.0,0.0,0.0,12.898175239562988,0.0,0.0,0.0,0.0,0.0,0.0,0.0,0.0,0.0,0.0,0.0,0.0,0.0,0.0,0.0,0.0,0.0,0.0,0.0,0.0,0.0,0.0,0.0,0.0,0.0,0.0,0.0,0.0,0.0,0.0,0.0,0.0,0.0,0.0,0.0,0.0,0.0,0.0,0.0,0.0,0.0,0.0,0.0,0.0,0.0,0.0,0.0,0.0,0.0,0.0,0.0,0.0,0.0,0.0,0.0,0.0,0.0,0.0,0.0,0.0,0.0,0.0,0.0,0.0,0.0,0.0,0.0,0.0,0.0,0.0,0.0,0.0,0.0,0.0,0.0,0.0,0.0,0.0,0.0,0.0,0.0,0.0,0.0,0.0,0.0,0.0,0.0,0.0,0.0,0.0,2.0310375690460205,0.0,26.234771728515625,0.0,0.0,0.0,0.0,0.0,0.0,0.0,0.0,0.0,0.0,0.0,0.0,0.0,0.0,0.0,0.0,0.0,0.0,0.0,0.0,0.0,0.0,0.0,0.0,0.0,0.0,0.0,0.0,0.0,0.0,0.0,0.0,0.0,0.0,0.0,0.0,0.0,0.0,0.0,0.0,0.0,0.0,0.0,0.0,0.0,0.0,0.0,0.0,0.0,0.0,0.0,0.0,0.0,0.0,0.0,0.0,0.0,0.0,0.0,0.0,0.0,0.0,0.0,0.0,0.0,0.0,0.0,0.0,0.0,0.0,0.0,0.0,0.0,0.0,0.0,0.0,0.0,0.0,0.0,0.0,0.0,0.0,0.0,0.0,0.0,0.0,0.0,0.0,0.0,0.0,0.0,7.037229061126709,0.0,0.0,0.0,0.0,0.0,0.0,0.0,0.0,0.0,0.0,0.0,0.0,0.0,0.0,0.0,0.0,0.0,0.0,0.0,0.0,0.0,0.0,13.546561241149902,0.0,0.0,0.0,0.0,0.0,0.0,0.0,0.0,0.0,0.0,0.0,0.0,0.0,0.0,0.0,0.0,0.0,0.0,0.0,0.0,0.0,0.0,0.0,0.0,0.0,0.0,0.0,0.0,0.0,0.0,0.0,0.0,0.0,0.0,0.0,0.0,0.0,0.0,0.0,0.0,0.0,0.0,0.0,0.0,0.0,0.0,0.0,0.0,0.0,22.664844512939453,0.0,0.0,0.0,0.0,0.0,0.0,0.0,0.0,0.0,0.0,0.0,0.0,0.0,0.0,0.0,0.0,0.0,0.0,0.0,0.0,0.0,0.0,0.0,0.0,0.0,0.0,0.0,0.0,0.0,0.0,0.0,0.0,0.0,0.0,0.0,0.0,0.0,0.0,0.0,0.0,0.0,0.0,0.0,0.0,0.0,0.0,2.3638761043548584,0.0,0.0,0.0,0.0,0.0,0.0,0.0,0.0,0.0,0.0,0.0,0.0,0.0,0.0,0.0,0.0,0.0,0.0,0.0,0.0,0.0,0.0,0.0,0.0,0.0,0.0,0.0,0.0,0.0,0.0,0.0,0.0,0.0,0.0,0.0,0.0,0.0,0.0,0.0,0.0,0.0,0.0,0.0,0.0,0.0,0.0,0.0,0.0,0.0,0.0,0.0,0.0,0.0,0.0,0.0,0.0,0.0,0.0,0.0,0.0,0.0,0.0,0.0,0.0,0.0,0.0,0.0,0.0,0.0,0.0,0.0,0.0,0.0,0.0,0.0,0.0,0.0,0.0,0.0,0.0,0.0,0.0,0.0,0.0,0.0,0.0,0.0,0.0,0.0,0.0,0.0,0.0,0.0,0.0,0.0,0.0,0.0,0.0,0.0,0.0,0.0,0.0,0.0,0.0,0.0,0.0,0.0,0.0,0.0,0.0,0.0,0.0,0.0,0.0,0.0,0.0,0.0,0.0,0.0,0.0,0.0,0.0,0.0,0.0,0.0,0.0,0.0,0.0,0.0,0.0,13.638223648071289,0.0,0.0,0.0,0.0,0.0,0.0,0.0,0.0,0.0,0.0,0.0,0.0,0.0,0.0,0.0,0.0,0.0,0.0,0.0,0.0,0.0,0.0,0.0,0.0,0.0,0.0,0.0,0.0,0.0,0.0,0.0,0.0,0.0,0.0,0.0,0.0,0.0,0.0,0.0,0.0,0.0,0.0,0.0,0.0,0.0,0.0,0.0,0.0,0.0,0.0,0.0,0.0,0.0,0.0,0.0,0.0,0.0,0.0,0.0,0.0,0.0,0.0,0.0,0.0,0.0,0.0,0.0,0.0,0.0,0.0,0.0,0.0,0.0,0.0,0.0,0.0,0.0,0.0,0.0,0.0,0.0,0.0,0.0,0.0,0.0,0.0,0.0,0.0,0.0,0.0,0.0,0.0,0.0,0.0,0.0,0.0,0.0,0.0,0.0,0.0,0.0,0.0,0.0,0.0,0.0,0.0,0.0,0.0,0.0,0.0,0.0,0.0,0.0,0.0,0.0,0.0,0.0,0.0,0.0,0.0,0.0,0.0,0.0,0.0,0.0,0.0,0.0,0.0,0.0,0.0,0.0,0.0,0.0,0.0,0.0,0.0,0.0,0.0,0.0,0.0,0.0,0.0,0.0,0.0,0.0,0.0,0.0,0.0,0.0,0.0,0.0,0.0,0.0,0.0,0.0,0.0,0.0,0.0,0.0,0.0,0.0,0.0,0.0,0.0,0.0,0.0,0.0,0.0,13.190279006958008,0.0,0.0,0.0,0.0,0.0,0.0,0.0,0.0,0.0,0.0,0.0,0.0,0.0,0.0,0.0,0.0,0.0,0.0,0.0,0.0,0.0,0.0,0.0,0.0,0.0,0.0,0.0,0.0,0.0,0.0,0.0,0.0,0.0,0.0,0.0,0.0,0.0,0.0,0.0,0.0,0.0,0.0,0.0,0.0,0.0,0.0,0.0,0.0,0.0,0.0,0.0,0.0,0.0,0.0,0.0,0.0,0.0,0.0,0.0,0.0,0.0,0.0,0.0,0.0,0.0,0.0,0.0,0.0,0.0,0.0,0.0,0.0,0.0,0.0,0.0,0.0,0.0,0.0,0.0,0.0,0.0,0.0,0.0,0.0,0.0,0.0,0.0,0.0,0.0,0.0,0.0,0.0,0.0,0.0,0.0,0.0,0.0,0.0,0.0,0.0,0.0,0.0,0.0,0.0,0.0,0.0,0.0,0.0,0.0,0.0,0.0,0.0,0.0,0.0,22.920516967773438,0.0,0.0,0.0,0.0,0.0,0.0,0.0,0.0,0.0,0.0,0.0,0.0,0.0,0.0,0.0,0.0,0.0,0.0,0.0,0.0,0.0,0.0,0.0,0.0,0.0,0.0,0.0,0.0,0.0,0.0,0.0,0.0,0.0,0.0,0.0,0.0,0.0,0.0,0.0,0.0,0.0,0.0,0.0,0.0,0.0,0.0,0.0,0.0,0.0,0.0,0.0,0.0,0.0,0.0,0.0,0.0,0.0,0.0,0.0,0.0,0.0,0.0,0.0,0.0,0.0,0.0,0.0,0.0,0.0,0.0,0.0,0.0,0.0,0.0,0.0,0.0,0.0,0.0,0.0,0.0,0.0,0.0,0.0,0.0,0.0,0.0,0.0,0.0,0.0,0.0,0.0,0.0,0.0,0.0,0.0,0.0,6.2428879737854,0.0,0.0,0.0,0.0,0.0,0.0,0.0,0.0,0.0,0.0,0.0,0.0,0.0,0.0,0.0,0.0,0.0,0.0,0.0,0.0,0.0,0.0,0.0,0.0,0.0,18.071096420288086,0.0,0.0,0.0,0.0,0.0,0.0,0.0,0.0,0.0,0.0,0.0,0.0,0.0,0.0,0.0,0.0,0.0,0.0,0.0,0.0,0.0,0.0,0.0,0.0,0.0,0.0,0.0,0.0,0.0,0.0,0.0,0.0,0.0,0.0,0.0,0.0,0.0,0.0,0.0,0.0,0.0,0.0,0.0,0.0,0.0,0.0,0.0,0.0,0.0,0.0,0.0,0.0,0.0,0.0,0.0,0.0,0.0,0.0,0.0,0.0,0.0,0.0,0.0,0.0,0.0,0.0,0.0,0.0,0.0,0.0,0.0,0.0,0.0,0.0,0.0,0.0,0.0,0.0,0.0,0.0,0.0,0.0,0.0,0.0,0.0,0.0,0.0,0.0,0.0,0.0,0.0,0.0,0.0,0.0,0.0,0.0,0.0,0.0,0.0,0.0,0.0,0.0,0.0,0.0,1.1107158660888672,0.0,0.0,0.0,0.0,0.0,0.0,0.0,0.0,0.0,0.0,0.0,0.0,0.0,0.0,0.0,0.0,0.0,0.0,0.0,0.0,0.0,0.0,0.0,0.0,0.0,0.0,0.0,0.0,0.0,0.0,0.0,0.0,0.0,0.0,0.0,0.0,0.0,0.0,0.0,0.0,0.0,0.0,0.0,0.0,0.0,0.0,0.0,0.0,0.0,0.0,0.0,0.0,0.0,0.0,0.0,0.0,0.0,0.0,0.0,0.0,0.0,0.0,0.0,0.0,0.0,0.0,0.0,20.881189346313477,0.0,0.0,0.0,0.0,0.0,0.0,0.0,0.0,0.0,0.0,0.0,0.0,0.0,0.0,0.0,0.0,0.0,0.0,0.0,0.0,0.0,0.0,0.0,0.0,0.0,0.0,0.0,0.0,0.0,0.0,0.0,0.0,0.0,0.0,0.0,0.0,0.0,0.0,0.0,0.0,0.0,0.0,0.0,0.0,11.76009464263916,0.0,0.0,0.0,0.0,0.0,0.0,0.0,0.0,0.0,0.0,0.0,0.0,0.0,0.0,0.0,0.0,0.0,0.0,0.0,0.0,0.0,0.0,0.0,0.0,0.0,0.0,0.0,0.0,0.0,0.0,0.0,0.0,0.0,0.0,0.0,0.0,0.0,0.0,0.0,0.0,0.0,0.0,0.0,0.0,0.0,0.0,0.0,0.0,0.0,0.0,0.0,0.0,0.0,0.0,0.0,0.0,0.0,0.0,0.0,0.0,0.0,0.0,0.0,0.0,0.0,0.0,0.0,0.0,0.0,0.0,0.0,0.0,0.0,0.0,0.0,0.0,0.0,0.0,0.0,0.0,0.0,0.0,0.0,0.0,0.0,0.0,0.0,0.0,0.0,0.0,0.0,0.0,0.0,0.0,0.0,0.0,0.0,0.0,0.0,0.0,0.0,0.0,0.0,0.0,0.0,0.0,0.0,0.0,0.0,0.0,0.0,0.0,0.0,0.0,16.976457595825195,0.0,0.0,0.0,0.0,0.0,0.0,0.0,0.0,0.0,0.0,0.0,0.0,0.0,0.0,0.0,0.0,0.0,0.0,0.0,0.0,0.0,0.0,0.0,0.0,0.0,0.0,3.7171132564544678,0.0,0.0,0.0,0.0,0.0,0.0,0.0,0.0,0.0,0.0,0.0,0.0,0.0,0.0,0.0,0.0,0.0,0.0,0.0,0.0,0.0,0.0,0.7143388986587524,0.0,0.0,11.358610153198242,0.0,0.0,38.51923370361328,0.0,0.0,0.0,0.0,17.659975051879883,0.0,0.0,0.0,0.0,0.0,0.0,0.0,0.0,0.0,0.0,0.0,0.0,0.0,0.0,0.0,0.0,0.0,0.0,0.0,0.0,0.0,0.0,0.0,0.0,0.0,0.0,0.0,0.0,0.0,0.0,0.0,0.0,0.0,0.0,0.0,0.0,0.0,0.0,0.0,0.0,0.0,0.0,0.0,0.0,6.731189250946045,0.0,0.0,0.0,0.0,0.0,0.0,0.0,0.0,0.0,0.0,0.0,0.0,0.0,0.0,0.0,7.007352352142334,0.0,0.0,0.0,0.0,0.0,0.0,17.270305633544922,0.0,0.0,0.0,0.0,0.0,0.0,0.0,0.0,0.0,0.0,0.0,0.0,0.0,0.0,0.0,0.0,0.0,0.0,0.0,0.0,0.0,0.0,0.0,0.0,0.0,0.0,0.0,0.0,0.0,0.0,0.0,0.0,0.0,0.0,0.0,0.0,0.0,0.0,0.0,0.0,0.0,0.0,0.0,0.0,0.0,0.0,0.0,0.0,0.0,0.0,0.0,0.0,0.0,0.0,0.0,0.0,0.0,0.0,0.0,0.0,0.0,0.0,0.0,0.0,0.0,0.0,0.0,0.0,0.0,0.0,0.0,0.0,0.0,0.0,0.0,0.0,0.0,0.0,0.0,0.0,0.0,0.0,0.0,0.0,0.0,0.0,0.0,0.0,0.0,0.0,0.0,0.0,0.0,0.0,0.0,0.0,0.0,0.0,0.0,4.375375747680664,0.0,0.0,0.0,0.0,0.0,0.0,0.0,0.0,0.0,0.0,0.0,0.0,0.0,0.0,0.0,0.0,0.0,0.0,0.0,0.0,0.0,0.0,0.0,0.0,0.0,0.0,0.0,0.0,0.0,0.0,0.0,0.0,0.0,0.0,0.0,0.0,0.0,0.0,0.0,0.0,0.0,0.0,0.0,0.0,0.0,0.0,0.0,0.0,0.0,0.0,0.0,0.0,0.0,0.0,0.0,2.247098684310913,0.0,0.0,0.0,0.0,0.0,0.0,0.0,0.0,0.0,0.0,0.0,0.0,0.0,0.0,0.0,0.0,0.0,0.0,0.0,0.0,0.0,0.0,0.0,0.0,0.0,0.0,0.0,0.0,0.0,0.0,0.0,0.0,0.0,0.0,0.0,0.0,0.0,0.0,0.0,0.0,0.0,0.0,0.0,0.0,0.0,0.0,0.0,0.0,0.0,0.0,0.0,0.0,0.0,0.0,0.0,0.0,0.0,0.0,0.0,0.0,0.0,0.0,0.0,0.0,0.0,0.0,0.0,0.0,0.0,0.0,0.0,0.0,0.0,0.0,0.0,0.0,0.0,0.0,0.0,0.0,0.0,0.0,0.0,0.0,0.0,0.0,0.0,0.0,0.0,0.0,0.0,0.0,0.0,0.0,0.0,0.0,0.0,0.0,0.0,0.0,0.0,0.0,0.0,0.0,0.0,0.0,0.0,0.0,0.0,0.0,0.0,31.42205047607422,0.0,0.0,0.0,0.0,0.0,0.0,0.0,0.0,0.0,0.0,0.0,0.0,0.0,0.0,0.0,0.0,0.0,0.0,0.0,0.0,0.0,0.0,0.0,0.0,0.0,0.0,0.0,0.0,0.0,0.0,0.0,0.0,0.0,0.0,0.0,0.0,0.0,0.0,0.0,0.0,0.0,0.0,0.0,0.0,0.0,0.0,0.0,0.0,11.472197532653809,0.0,0.0,0.0,0.0,0.0,0.0,14.109474182128906,0.0,0.0,0.0,0.0,0.0,0.0,0.0,0.0,0.0,0.0,0.0,0.0,0.0,0.0,0.0,0.0,0.0,0.0,0.0,0.0,0.0,0.0,0.0,0.0,0.0,0.0,0.0,0.0,0.0,0.0,0.0,0.0,0.0,0.0,0.0,0.0,0.0,0.0,0.0,0.0,0.0,0.0,0.0,0.0,0.0,0.0,0.0,0.0,0.0,0.0,0.0,0.0,5.459076881408691,0.0,0.0,0.0,0.0,0.0,13.833051681518555,0.0,0.0,6.977427005767822,0.0,0.0,0.0,0.0,0.0,0.0,0.5095770955085754,0.0,0.0,0.0,0.0,0.0,0.0,0.0,0.0,0.0,0.0,0.0,0.0,0.0,0.0,0.0,0.0,0.0,0.0,0.0,0.0,0.0,0.0,0.0,0.0,0.0,0.0,0.0,0.0,0.0,0.0,0.0,0.0,0.0,0.0,0.0,0.0,0.0,0.0,0.0,0.0,0.0,0.0,10.60678768157959,0.0,0.0,21.673004150390625,0.0,0.0,0.0,0.0,0.0,0.0,0.0,0.0,0.0,0.0,0.0,0.0,0.0,0.0,0.0,0.0,0.0,0.0,0.0,0.0,0.0,0.0,0.0,0.0,0.0,0.0,0.0,0.0,0.0,0.0,0.0,0.0,0.0,0.0,0.0,0.0,0.0,0.0,0.0,0.0,0.0,0.0,0.0,0.0,0.0,0.0,0.0,0.0,0.0,0.0,0.0,0.0,0.0,0.0,0.0,0.0,0.0,0.0,0.0,0.0,0.0,0.0,0.0,0.0,0.0,0.0,0.0,0.0,0.0,0.0,0.0,0.0,2.0255773067474365,0.0,0.0,0.0,0.0,0.0,0.0,0.0,0.0,0.0,0.0,0.0,0.0,0.0,0.0,0.0,0.0,0.0,0.0,0.0,0.0,0.0,0.0,0.0,0.0,0.0,0.0,0.0,0.0,0.0,0.0,0.0,0.0,0.0,0.0,0.0,0.0,0.0,0.0,0.0,0.0,0.0,0.0,0.0,0.0,0.0,0.0,0.0,0.0,0.0,0.0,0.0,0.0,0.0,0.0,0.0,0.0,0.0,0.0,0.0,0.0,0.0,0.0,0.0,0.0,0.0,0.0,0.0,0.0,0.0,0.0,0.0,0.0,0.0,0.0,0.0,0.0,0.0,0.0,0.0,0.0,0.0,0.0,0.0,0.0,0.0,0.0,0.0,0.0,0.0,0.0,0.0,0.0,0.0,0.0,0.0,0.0,0.0,0.0,0.0,0.0,0.0,0.0,0.0,0.0,0.0,0.0,0.0,0.0,0.0,0.0,0.0,0.0,0.0,0.0,0.0,0.0,0.0,0.0,0.0,0.0,0.0,0.0,0.0,0.0,0.0,0.0,0.0,0.0,0.0,0.0,0.0,0.0,0.0,0.0,0.0,0.0,0.0,0.0,0.0,0.0,0.0,0.0,0.0,0.0,0.0,0.0,0.0,0.0,0.0,0.0,0.0,0.0,0.0,0.0,0.0,0.0,0.0,0.0,0.0,0.0,0.0,0.0,0.0,0.0,0.0,0.0,0.0,0.0,0.0,0.0,0.0,0.0,0.0,0.0,0.0,0.0,0.0,0.0,0.0,0.0,0.0,0.0,0.0,0.0,0.0,0.0,0.0,0.0,0.0,0.0,0.0,0.0,0.0,0.0,0.0,0.0,0.0,0.0,0.0,0.0,0.0,0.0,0.0,0.0,0.0,0.0,0.0,0.0,0.0,0.0,0.0,0.0,0.0,0.0,0.0,0.0,0.0,0.0,0.0,0.0,0.0,0.0,0.0,0.0,0.0,0.0,0.0,0.0,0.0,0.0,0.0,0.0,0.0,0.0,0.0,0.0,0.0,0.0,0.0,0.0,0.0,0.0,0.0,0.0,0.0,0.0,0.0,0.0,0.0,0.0,0.0,0.0,0.0,0.0,0.0,0.0,0.0,0.0,0.0,0.0,0.0,0.0,0.0,0.0,0.0,0.0,0.0,0.0,0.0,0.0,0.0,0.0,0.0,0.0,0.0,0.0,0.0,0.0,0.0,0.0,0.0,0.0,0.0,0.0,0.0,0.0,0.0,0.0,0.0,0.0,0.0,0.0,0.0,0.0,0.0,0.0,0.0,0.0,0.0,0.0,0.0,0.0,0.0,0.0,0.0,0.0,0.0,0.0,0.0,0.0,0.0,0.0,0.0,0.0,0.0,0.0,0.0,0.0,0.0,0.0,0.0,0.0,0.0,0.0,0.0,0.0,0.0,0.0,0.0,0.0,0.0,0.0,0.0,0.0,0.0,0.0,0.0,0.0,0.0,0.0,0.0,0.0,0.0,0.0,0.0,0.0,0.0,0.0,0.0,0.0,0.0,0.0,0.0,0.0,0.0,0.0,0.0,0.0,0.0,0.0,0.0,0.0,0.0,0.0,0.0,0.0,0.0,0.0,0.0,0.0,0.0,0.0,0.0,0.0,0.0,0.0,0.0,0.0,0.0,0.0,0.0,0.0,0.0,0.0,0.0,0.0,0.0,0.0,0.0,0.0,0.0,0.0,0.0,0.0,0.0,0.0,0.0,0.0,0.0,0.0,0.0,0.0,0.0,0.0,0.0,0.0,0.0,0.0,0.0,0.0,0.0,0.0,0.0,0.0,0.0,0.0,0.0,0.0,0.0,0.0,0.0,0.0,0.0,0.0,0.0,0.0,0.0,0.0,0.0,0.0,0.0,0.0,0.0,0.0,0.0,0.0,0.0,0.0,21.811532974243164,0.0,0.0,0.0,0.0,12.18309211730957,0.0,0.0,0.0,0.0,0.0,0.0,0.0,0.0,0.0,0.0,0.0,0.0,0.0,0.0,0.0,0.0,0.0,0.0,0.0,0.0,0.0,0.0,0.0,0.0,0.0,0.0,0.0,0.0,0.0,0.0,0.0,0.0,0.0,0.0,0.0,0.0,0.0,0.0,0.0,0.0,0.0,0.0,0.0,0.0,0.0,0.0,0.0,0.0,0.0,0.0,0.0,0.0,0.0,0.0,0.0,0.0,0.0,0.0,0.0,0.0,0.0,0.0,0.0,0.0,0.0,0.0,0.0,0.0,0.0,0.0,0.0,0.0,0.0,0.0,0.0,0.0,0.0,0.0,0.0,0.0,0.0,0.0,0.0,0.0,0.0,0.0,0.0,0.0,0.0,0.0,0.0,0.0,0.0,0.0,0.0,0.0,0.0,0.0,0.0,0.0,0.0,0.0,0.0,0.0,0.0,0.0,0.0,0.0,0.0,0.0,0.0,0.0,0.0,0.0,0.0,0.0,0.0,0.0,0.0,0.0,0.0,0.0,0.0,0.0,0.0,0.0,0.0,0.0,0.0,0.0,0.0,0.0,0.0,0.0,0.0,0.0,0.0,0.0,0.0,0.0,0.0,0.0,0.0,0.0,0.0,0.0,0.0,0.0,0.0,0.0,0.0,0.0,0.0,0.0,0.0,0.0,0.0,0.0,0.0,0.0,0.0,0.0,0.0,0.0,0.0,0.0,0.0,0.0,0.0,0.0,0.0,0.0,0.0,0.0,0.0,0.0,0.0,0.0,0.0,0.0,0.0,0.0,0.0,0.0,0.0,0.0,0.0,0.0,0.0,0.0,0.0,0.0,0.0,0.0,0.0,0.0,0.0,0.0,0.0,0.0,0.0,0.0,0.0,0.0,0.0,0.0,0.0,0.0,0.0,0.0,0.0,0.0,0.0,0.0,0.0,0.0,0.0,0.0,0.0,0.0,0.0,0.0,8.721829414367676,0.0,0.0,0.0,0.0,0.0,0.0,0.0,0.0,0.0,0.0,0.0,0.0,0.0,0.0,0.0,0.0,0.0,0.0,0.0,0.0,0.0,0.0,0.0,0.0,0.0,0.0,0.0,0.0,0.0,0.0,0.0,0.0,0.0,0.0,0.0,0.0,0.0,0.0,0.0,0.0,0.0,0.0,0.0,0.0,0.0,0.0,0.0,0.0,0.0,0.0,0.0,0.0,0.0,0.0,0.0,0.0,0.0,0.0,0.0,0.0,0.0,0.0,0.0,0.0,0.0,0.0,0.0,0.0,0.0,0.0,0.0,0.0,0.0,0.0,0.0,0.0,0.0,0.0,0.0,0.0,0.0,0.0,0.0,0.0,0.0,0.0,0.0,0.0,0.0,0.0,0.0,0.0,0.0,0.0,0.0,0.0,0.0,0.0,0.0,0.0,0.0,0.0,0.0,0.0,0.0,0.0,0.0,0.0,0.0,0.0,0.0,0.0,0.0,0.0,0.0,0.0,0.0,0.0,0.0,0.0,0.0,0.0,0.0,0.0,0.0,0.0,0.0,0.0,0.0,0.0,0.0,0.0,0.0,0.0,0.0,0.0,0.0,0.0,0.0,0.0,0.0,0.0,0.0,0.0,0.0,0.0,0.0,0.0,0.0,0.0,0.0,0.0,0.0,0.0,0.0,0.0,0.0,0.0,0.0,0.0,0.0,0.0,0.0,0.0,0.0,0.0,0.0,0.0,0.0,0.0,0.0,0.0,0.0,0.0,0.0,0.0,0.0,0.0,0.0,0.0,0.0,0.0,0.0,0.0,0.0,0.0,0.0,0.0,0.0,0.0,0.0,0.0,0.0,0.0,0.0,0.0,0.0,0.0,0.0,0.0,0.0,0.0,0.0,0.0,0.0,0.0,0.0,0.0,0.0,0.0,0.0,0.0,0.0,0.0,0.0,0.0,0.0,0.0,0.0,0.0,0.0,0.0,0.0,0.0,0.0,0.0,0.0,18.509366989135742,0.0,0.0,0.0,0.0,0.0,0.0,0.0,0.0,0.0,0.0,0.0,0.0,0.0,0.0,0.0,0.0,0.0,0.0,0.0,0.0,0.0,0.0,0.0,0.0,0.0,0.0,0.0,0.0,0.0,0.0,0.0,0.0,3.51881742477417,0.0,0.0,0.0,0.0,0.0,0.0,0.0,0.0,0.0,0.0,0.0,0.0,0.0,0.0,0.0,0.0,0.0,0.0,0.0,0.0,0.0,0.0,0.0,0.0,0.0,0.0,0.0,25.6447811126709,0.0,0.0,0.0,0.0,0.0,0.0,0.0,0.0,0.0,0.0,0.0,0.0,0.0,0.0,0.0,0.0,0.0,0.0,0.0,0.0,0.0,0.0,0.0,0.0,0.0,0.0,0.0,0.0,0.0,0.0,0.0,0.0,0.0,0.0,0.0,0.0,0.0,0.0,0.0,0.0,0.0,0.0,0.0,0.0,11.392770767211914,0.0,0.0,0.0,0.0,0.0,0.0,0.0,0.0,0.0,0.0,0.0,0.0,0.0,0.0,0.0,0.0,0.0,0.0,0.0,0.0,0.0,0.0,0.0,0.0,0.0,0.0,0.0,0.0,0.0,0.0,0.0,0.0,0.0,0.0,0.0,0.0,0.0,0.0,0.0,0.0,0.0,0.0,0.0,0.0,0.0,0.0,0.0,0.0,0.0,0.0,0.0,0.0,0.0,0.0,0.0,0.0,0.0,0.0,0.0,0.0,0.0,0.0,0.0,0.0,0.0,0.0,0.0,0.0,0.0,0.0,0.0,0.0,0.0,0.0,0.0,0.0,0.0,0.0,0.0,0.0,0.0,3.644728660583496,0.0,0.0,0.0,0.0,0.0,0.0,0.0,0.0,0.0,0.0,0.0,0.0,0.0,0.0,0.0,0.0,0.0,0.0,0.0,0.0,0.0,0.0,0.0,0.0,0.0,0.0,0.0,0.0,0.0,0.0,7.925252437591553,0.0,0.0,0.0,0.0,0.0,0.0,0.0,0.0,0.0,0.0,0.0,0.0,0.0,0.0,0.0,0.0,0.0,0.0,0.0,0.0,0.0,0.0,0.0,0.0,0.0,0.0,0.0,0.0,0.0,0.0,0.0,0.0,0.0,0.0,0.0,0.0,0.0,7.839951038360596,0.0,0.0,0.0,0.0,0.0,0.0,0.0,0.0,0.0,0.0,0.0,0.0,0.0,0.0,0.0,0.0,0.0,0.0,0.0,0.0,0.0,0.0,0.0,0.0,0.0,0.0,20.676773071289062,0.0,0.0,0.0,0.0,0.0,0.0,0.0,0.0,0.0,0.0,0.0,0.0,0.0,0.0,0.0,0.0,0.0,0.0,0.0,0.0,0.0,0.0,0.0,0.0,0.0,0.0,17.48130226135254,0.0,0.0,0.0,0.0,0.0,0.0,0.0,0.0,0.0,0.0,0.0,0.0,0.0,0.0,0.0,0.0,0.0,0.0,0.0,0.0,0.0,0.0,0.0,0.0,0.0,0.0,0.0,0.0,28.80143165588379,0.0,0.0,0.0,0.0,0.0,0.0,0.0,11.626230239868164,0.0,0.0,0.0,0.0,0.0,0.0,0.0,0.0,0.0,0.0,0.0,0.0,0.0,0.0,0.0,0.0,0.0,0.0,0.0,0.0,0.0,0.0,0.0,0.0,0.0,0.0,0.0,0.0,0.0,0.0,0.0,0.0,0.0,0.0,0.0,0.0,0.0,0.0,0.0,0.0,0.0,0.0,0.0,0.0,0.0,0.0,0.0,0.0,0.0,0.0,3.7330822944641113,0.0,0.0,0.0,0.0,0.0,0.0,0.0,0.0,0.0,0.0,0.0,0.0,0.0,0.0,0.0,0.0,0.0,0.0,0.0,0.0,0.0,0.0,0.0,0.0,0.0,0.0,0.0,0.0,0.0,0.0,0.0,0.0,0.0,0.0,0.0,0.0,0.0,0.0,0.0,0.0,0.0,0.0,0.0,0.0,0.0,0.0,0.0,3.9177937507629395,0.0,0.0,0.0,0.0,0.0,0.0,0.0,0.0,0.0,0.0,0.0,0.0,0.0,0.0,0.0,0.0,0.0,0.0,0.0,0.0,0.0,0.0,0.0,0.0,0.0,0.0,0.0,0.0,0.0,0.0,0.0,0.0,0.0,0.0,0.0,0.0,0.0,0.0,0.0,0.0,0.0,0.0,0.0,10.704035758972168,0.0,0.0,0.0,0.0,0.0,0.0,0.0,0.0,0.0,0.0,0.0,0.0,0.0,0.0,0.0,0.0,0.0,0.0,0.0,0.0,45.25907516479492,0.0,0.0,0.0,0.0,0.0,0.0,0.0,0.0,0.0,0.0,0.0,0.0,0.0,0.0,0.0,0.0,0.0,0.0,0.0,0.0,0.0,0.0,0.0,0.0,0.0,0.0,0.0,0.0,0.0,0.0,0.0,0.0,14.239508628845215,0.0,0.0,0.0,0.0,0.0,0.0,0.0,0.0,0.0,0.0,0.0,0.0,0.0,0.0,0.0,0.0,0.0,0.0,0.0,0.0,0.0,0.0,0.0,0.0,0.0,0.0,0.0,25.434295654296875,0.0,0.0,0.0,0.0,0.0,0.0,0.0,0.0,0.0,0.0,0.0,0.0,0.0,0.0,0.0,0.0,0.0,0.0,0.0,0.0,0.0,0.0,0.0,0.0,0.0,0.0,0.0,0.0,0.0,0.0,0.0,0.0,0.0,0.0,0.0,0.0,0.0,0.0,0.0,0.0,0.0,0.0,0.0,0.0,50.02878189086914,0.0,0.0,0.0,0.0,0.0,0.0,0.0,0.0,0.0,0.0,0.0,0.0,0.0,0.0,0.0,0.0,0.0,0.0,0.0,0.0,0.0,0.0,0.0,0.0,0.0,0.0,0.0,0.0,0.0,0.0,0.0,0.0,0.0,0.0,0.0,0.0,0.0,0.0,0.0,0.0,0.0,0.0,0.0,0.0,0.0,0.0,0.0,0.0,0.0,0.0,0.0,0.0,0.0,0.0,0.0,0.0,0.0,0.0,0.0,0.0,0.0,0.0,0.0,0.0,0.0,0.0,0.0,0.0,0.0,0.0,0.0,0.0,0.0,0.0,0.0,0.0,0.0,0.0,0.0,0.0,0.0,0.0,0.0,0.0,0.0,0.0,0.0,0.0,0.0,0.0,0.0,0.0,0.0,0.0,0.0,0.0,0.0,0.0,0.0,0.0,0.0,0.0,0.0,0.0,0.0,0.0,0.0,0.0,0.0,0.0,0.0,0.0,9.203810691833496,0.0,0.0,0.0,0.0,0.0,0.0,0.0,0.0,0.0,0.0,0.0,0.0,0.0,0.0,0.0,0.0,0.0,0.0,0.0,0.0,0.0,0.0,0.0,0.0,0.0,0.0,0.0,0.0,0.0,0.0,0.0,0.0,0.0,0.0,0.0,0.0,0.0,5.278217792510986,0.0,0.0,0.0,0.0,0.0,0.0,0.0,0.0,0.0,0.0,0.0,0.0,0.0,0.0,0.0,0.0,0.0,0.0,0.0,0.0,0.0,0.0,0.0,0.0,0.0,0.0,16.66520118713379,0.0,0.0,0.0,0.0,0.0,0.0,0.0,0.0,0.0,0.0,0.0,0.0,0.0,0.0,0.0,0.0,0.0,0.0,0.0,0.0,0.0,0.0,0.0,0.0,0.0,0.0,14.866475105285645,0.0,0.0,0.0,0.0,0.0,0.0,0.0,0.0,0.0,0.0,0.0,0.0,0.0,0.0,0.0,0.0,0.0,0.0,0.0,0.0,0.0,0.0,0.0,0.0,0.0,0.0,0.0,0.0,33.997676849365234,0.0,0.0,0.0,0.0,0.0,0.0,0.0,6.9460649490356445,0.0,0.0,0.0,0.0,0.0,0.0,0.0,0.0,0.0,0.23719856142997742,0.0,0.0,0.0,0.0,0.0,0.0,0.0,0.0,0.0,0.0,0.0,0.0,0.0,0.0,0.0,0.0,0.0,0.0,0.0,0.0,0.0,0.0,0.0,0.0,0.0,0.0,0.0,0.0,0.0,0.0,0.0,0.0,2.534867763519287,0.0,0.0,0.0,0.0,0.0,0.0,0.0,0.0,0.0,0.0,0.0,0.0,0.0,0.0,0.0,0.0,0.0,0.0,0.0,0.0,0.0,0.0,0.0,0.0,0.0,0.0,0.0,0.0,0.0,0.0,0.0,0.0,0.0,0.0,0.0,0.0,0.0,0.0,0.0,0.0,0.0,0.0,0.0,0.0,0.0,0.0,0.0,0.0,0.0,0.0,0.0,0.0,0.0,0.0,0.0,0.0,0.0,0.0,0.0,0.0,0.0,5.8067169189453125,0.0,0.0,0.0,0.0,0.0,0.0,0.0,0.0,0.0,0.0,0.0,0.0,0.0,0.0,0.0,0.0,0.0,0.0,0.0,0.0,0.0,0.0,0.0,0.0,0.0,0.0,0.0,0.0,0.0,0.0,0.0,0.0,0.0,0.0,0.0,0.0,0.0,0.0,0.0,0.0,0.0,0.0,0.0,0.0,0.0,0.0,0.0,0.0,0.0,0.0,0.0,0.0,0.0,0.0,0.0,0.0,0.0,0.0,52.07489776611328,0.0,0.0,0.0,0.0,0.0,0.0,0.0,0.0,0.0,10.104048728942871,0.0,0.0,0.0,0.0,0.0,0.0,0.0,0.0,0.0,0.0,0.0,0.0,0.0,0.0,0.0,0.0,0.0,0.0,0.0,0.0,0.0,0.0,0.0,0.0,0.0,0.0,0.0,0.0,0.0,0.0,0.0,0.0,0.0,0.0,0.0,0.0,0.0,0.0,0.0,0.0,0.0,0.0,0.0,0.0,0.0,0.0,0.0,0.0,0.0,0.0,5.557422637939453,0.0,0.0,0.0,0.0,0.0,0.0,0.0,0.0,0.0,0.0,0.0,0.0,0.0,0.0,0.0,0.0,0.0,0.0,0.0,0.0,0.0,0.0,0.0,0.0,0.0,0.0,0.0,0.0,0.0,0.0,0.0,0.0,0.0,0.0,0.0,0.0,0.0,0.0,0.0,0.0,0.0,0.0,0.0,0.0,25.492088317871094,0.0,0.0,0.0,0.0,0.0,0.0,0.0,0.0,0.0,0.0,0.0,0.0,0.0,11.943900108337402,0.0,0.0,0.0,0.0,0.0,0.0,0.0,0.0,0.0,0.0,0.0,0.0,0.0,0.0,0.0,0.0,0.0,0.0,0.0,0.0,0.0,0.0,0.0,0.0,0.0,0.0,0.0,0.0,0.0,0.0,0.0,0.0,0.0,0.0,0.0,0.0,0.0,0.0,0.0,0.0,0.0,0.0,0.0,0.0,0.0,0.0,0.0,0.0,0.0,0.0,0.0,0.0,0.0,0.0,0.0,0.0,0.0,0.0,0.0,0.0,0.0,0.0,0.0,0.0,0.0,0.0,0.0,0.0,0.0,0.0,0.0,0.0,0.0,0.0,0.0,0.0,0.0,0.0,0.0,0.0,0.0,0.0,0.0,0.0,0.0,0.0,0.0,0.0,0.0,0.0,0.0,0.0,0.0,0.0,0.0,0.0,0.0,0.0,0.0,0.0,0.0,0.0,0.0,0.0,0.0,0.0,0.0,0.0,0.0,0.0,0.0,0.0,0.0,0.0,0.0,0.0,0.0,0.0,0.0,0.0,0.0,0.0,0.0,0.0,0.0,0.0,0.0,0.0,0.0,0.0,0.0,0.0,0.0,0.0,0.0,0.0,0.0,0.0,0.0,0.0,0.0,0.0,0.0,0.0,0.0,0.0,0.0,0.0,0.0,0.0,0.0,0.0,0.0,0.0,0.0,0.0,0.0,0.0,0.0,0.0,0.0,0.0,0.0,0.0,0.0,0.0,0.0,0.0,0.0,0.0,0.0,0.0,0.0,0.0,0.0,0.0,0.0,0.0,0.0,0.0,0.0,0.0,0.0,0.0,0.0,0.0,0.0,0.0,0.0,0.0,0.0,0.0,0.0,0.0,0.0,0.0,0.0,0.0,0.0,0.0,0.0,0.0,0.0,0.0,0.0,0.0,0.0,0.0,0.0,0.0,0.0,0.0,0.0,0.0,0.0,0.0,0.0,0.0,0.0,0.0,0.0,0.0,0.0,0.0,0.0,0.0,0.0,0.0,0.0,0.0,0.0,0.0,0.0,0.0,0.0,0.0,0.0,0.0,0.0,0.0,0.0,0.0,0.0,0.0,0.0,0.0,0.0,0.0,0.0,0.0,0.0,0.0,0.0,0.0,0.0,0.0,0.0,0.0,0.0,0.0,0.0,0.0,0.0,0.0,0.0,0.0,0.0,0.0,0.0,0.0,0.0,0.0,0.0,0.0,0.0,0.0,0.0,0.0,0.0,0.0,0.0,0.0,0.0,0.0,0.0,0.0,0.0,0.0,0.0,0.0,0.0,0.0,0.0,0.0,0.0,0.0,0.0,0.0,0.0,0.0,0.0,0.0,0.0,0.0,0.0,0.0,0.0,0.0,0.0,0.0,0.0,0.0,0.0,0.0,0.0,0.0,0.0,0.0,0.0,0.0,0.0,0.0,0.0,0.0,0.0,0.0,0.0,0.0,0.0,0.0,0.0,0.0,0.0,0.0,0.0,0.0,0.0,0.0,0.0,0.0,0.0,0.0,0.0,0.0,0.0,0.0,0.0,0.0,0.0,0.0,0.0,0.0,0.0,0.0,0.0,0.0,0.0,0.0,0.0,0.0,0.0,0.0,0.0,0.0,0.0,0.0,0.0,0.0,0.0,0.0,0.0,0.0,0.0,0.0,0.0,0.0,0.0,0.0,0.0,0.0,0.0,0.0,0.0,0.0,0.0,0.0,0.0,0.0,0.0,0.0,0.0,1.4578919410705566,0.0,0.0,0.0,0.0,0.0,0.0,0.0,0.0,0.0,0.0,0.0,0.0,0.0,0.0,0.0,0.0,0.0,0.0,0.0,0.0,0.0,0.0,0.0,0.0,0.0,0.0,0.0,0.0,0.0,0.0,0.0,0.0,0.0,0.0,0.0,0.0,0.0,0.0,0.0,0.0,0.0,0.0,0.0,0.0,0.0,0.0,0.0,0.0,0.0,0.0,0.0,0.0,0.0,0.0,0.0,0.0,0.0,0.0,0.0,0.0,28.92344093322754,0.0,0.0,0.0,0.0,0.0,0.0,0.0,0.0,0.0,0.0,0.0,0.0,0.0,0.0,0.0,0.0,0.0,0.0,0.0,0.0,0.0,0.0,0.0,0.0,0.0,0.0,0.0,0.0,0.0,0.0,0.0,0.0,0.0,0.0,0.0,0.0,0.0,0.0,0.0,0.0,0.0,0.0,0.0,0.0,0.0,0.0,0.0,0.0,0.0,0.0,0.0,0.0,0.0,0.0,0.0,0.0,0.0,0.0,14.65266227722168,0.0,0.0,0.0,0.0,0.0,0.0,0.0,0.0,0.0,0.0,0.0,0.0,0.0,0.0,0.0,0.0,0.0,0.0,0.0,0.0,0.0,0.0,0.0,0.0,0.0,0.0,0.0,0.0,0.0,0.0,0.0,0.0,0.0,0.0,0.0,0.0,0.0,0.0,0.0,0.0,0.0,0.0,0.0,0.0,0.0,0.0,0.0,0.0,0.0,0.0,0.0,0.0,0.0,0.0,0.0,0.0,0.0,0.0,0.0,0.0,0.0,0.0,0.0,0.0,0.0,0.0,0.0,0.0,0.0,0.0,0.0,0.0,0.0,0.0,0.0,0.0,0.0,0.0,0.0,0.0,0.0,0.0,0.0,0.0,0.0,0.0,0.0,0.0,0.0,0.0,0.0,0.0,0.0,0.0,0.0,0.0,0.0,0.0,0.0,0.0,0.0,0.0,0.0,0.0,0.0,0.0,0.0,0.0,0.0,0.0,0.0,0.0,0.0,0.0,0.0,0.0,0.0,0.0,0.0,0.0,0.0,0.0,0.0,0.0,5.5229387283325195,0.0,0.0,0.0,0.0,0.0,0.0,0.0,0.0,0.0,0.0,0.0,0.0,0.0,0.0,0.0,0.0,0.0,0.0,0.0,0.0,0.0,0.0,0.0,0.0,0.0,0.0,0.0,0.0,0.0,0.0,0.0,0.0,0.0,0.0,0.0,0.0,0.0,0.0,0.0,0.0,0.0,0.0,0.0,0.0,0.0,0.0,0.0,0.0,0.0,0.0,0.0,0.0,0.0,0.0,0.0,0.0,0.0,0.0,0.0,0.0,0.0,0.0,0.0,0.0,0.0,0.0,0.0,0.0,0.0,0.0,0.0,0.0,0.0,0.0,0.0,0.0,0.0,0.0,0.0,0.0,0.0,0.0,0.0,0.0,0.0,0.0,0.0,0.0,0.0,0.0,0.0,0.0,0.0,0.0,0.0,0.0,0.0,0.0,0.0,0.0,0.0,0.0,0.0,0.0,0.0,0.0,21.53864288330078,0.0,0.0,0.0,0.0,0.0,0.0,0.0,0.0,0.0,0.0,0.0,0.0,0.0,0.0,0.0,0.0,0.0,0.0,0.0,0.0,0.0,0.0,0.0,0.0,0.0,0.0,0.0,0.0,0.0,0.0,0.0,0.0,0.0,0.0,0.0,0.0,0.0,0.0,0.0,0.0,0.0,0.0,0.0,0.0,0.0,0.0,0.0,0.0,0.0,0.0,0.0,0.0,0.0,0.0,0.0,0.0,0.0,0.0,0.0,0.0,0.0,0.0,0.0,0.0,0.0,0.0,0.0,0.0,0.0,0.0,0.0,0.0,0.0,0.0,0.0,0.0,0.0,0.0,0.0,0.0,0.0,0.0,0.0,0.0,0.0,0.0,0.0,0.0,0.0,0.0,0.0,0.0,0.0,0.0,0.0,0.0,0.0,0.0,0.0,0.0,0.0,0.0,0.0,0.0,0.0,0.0,0.0,0.0,0.0,0.0,0.0,0.0,0.0,0.0,0.0,0.0,0.0,0.0,0.0,0.0,0.0,0.0,0.0,0.0,0.0,0.0,0.0,0.0,0.0,0.0,0.0,0.0,0.0,0.0,0.0,0.0,0.0,0.0,0.0,0.0,0.0,0.0,0.0,0.0,0.0,0.0,0.0,0.0,0.0,0.0,0.0,0.0,0.0,0.0,0.0,0.0,0.0,0.0,0.0,0.0,0.0,0.0,0.0,0.0,0.0,0.0,0.0,0.0,0.0,0.0,0.0,0.0,0.0,0.0,0.0,0.0,0.0,0.0,0.0,0.0,0.0,0.0,0.0,0.6468803286552429,0.0,0.0,0.0,0.0,0.0,0.0,0.0,0.0,0.0,0.0,0.0,0.0,0.0,0.0,0.0,0.0,0.0,0.0,0.0,0.0,0.0,0.0,0.0,0.0,0.0,5.6571550369262695,0.0,0.0,0.0,1.5179519653320312,0.0,35.0666389465332,0.0,0.0,0.0,0.0,40.79104232788086,0.0,0.0,0.0,0.0,0.0,0.0,0.0,0.0,0.0,0.0,0.0,0.0,0.0,0.0,0.0,0.0,0.0,0.0,0.0,0.0,0.0,0.0,0.0,0.0,0.0,0.0,0.0,0.0,0.0,0.0,0.0,0.0,0.0,0.0,0.0,0.0,0.0,0.0,0.0,0.0,0.0,0.0,0.0,0.36391642689704895,0.0,0.0,0.0,0.0,0.0,0.0,0.0,0.0,0.0,0.0,0.0,0.0,0.0,0.0,0.0,0.0,10.166786193847656,0.0,0.0,0.0,0.0,0.0,0.0,0.0,0.0,0.0,0.0,0.0,0.0,0.0,0.0,0.0,0.0,0.0,0.0,0.0,0.0,0.0,0.0,0.0,0.0,0.0,0.0,0.0,0.0,0.0,0.0,0.0,0.0,0.0,0.0,0.0,0.0,0.0,0.0,0.0,0.0,0.0,0.0,0.0,0.0,0.0,0.0,0.0,0.0,0.0,0.0,0.0,0.0,0.0,0.0,0.0,0.0,0.0,0.0,0.0,0.0,0.0,0.0,0.0,0.0,0.0,0.0,0.0,0.0,0.0,0.0,0.0,0.0,0.0,0.0,0.0,0.0,0.0,0.0,0.0,0.0,0.0,0.0,0.0,0.0,0.0,0.0,0.0,0.0,0.0,0.0,0.0,0.0,0.0,0.0,0.0,0.0,0.0,0.0,0.0,0.0,0.0,0.0,0.0,0.0,0.0,0.0,25.58130645751953,0.0,0.0,0.0,0.0,0.0,0.0,0.0,0.0,0.0,0.0,0.0,0.0,8.21459674835205,0.0,0.0,0.0,0.0,0.0,0.0,0.0,0.0,0.0,0.0,0.0,0.0,0.0,0.0,0.0,0.0,0.0,0.0,0.0,3.209660291671753,16.04071617126465,0.0,0.0,0.0,0.0,0.0,0.0,0.0,0.0,0.0,0.0,0.0,0.0,0.0,0.0,0.0,0.0,0.0,0.0,0.0,0.0,0.0,13.17108154296875,0.0,1.985630989074707,0.0,0.0,0.0,0.0,0.0,0.0,0.0,0.0,0.0,0.0,0.0,0.0,0.0,0.0,0.0,0.0,0.0,0.0,0.0,0.0,0.0,0.0,0.0,0.0,0.0,0.0,0.0,0.0,0.0,0.5535183548927307,0.0,0.0,0.0,0.0,0.0,0.0,0.0,23.505504608154297,0.0,0.0,0.0,0.0,0.0,0.0,0.0,0.0,0.0,0.0,0.0,0.0,0.0,0.0,0.0,0.0,0.0,0.0,0.0,0.0,0.0,0.0,0.0,0.0,0.0,0.0,8.679319381713867,0.0,14.830212593078613,0.0,0.0,0.0,0.0,0.0,6.550599098205566,0.0,0.0,4.2489848136901855,0.0,0.0,0.0,0.0,0.0,0.0,0.0,0.0,0.0,0.0,0.0,0.0,0.0,0.0,0.0,0.0,0.0,0.0,14.761529922485352,0.0,0.0,0.0,0.0,0.0,0.0,0.0,0.0,0.0,0.0,0.0,0.0,0.0,0.0,19.376441955566406,0.0,0.0,0.0,0.0,0.0,0.0,0.0,0.0,0.0,0.0,0.0,0.0,6.0520148277282715,0.0,0.0,0.0,0.0,0.0,0.0,0.0,0.0,0.0,0.0,0.0,0.0,0.0,0.0,0.0,0.0,0.0,0.0,0.0,0.0,0.0,0.0,0.0,0.0,0.0,0.0,0.0,0.0,0.0,0.0,0.0,0.0,0.0,0.0,0.0,9.761423110961914,1.299514651298523,0.0,0.0,0.0,0.0,4.67529296875,30.960708618164062,1.0810821056365967,0.0,0.0,0.0,0.0,0.0,0.0,0.0,0.0,0.0,0.0,0.0,0.0,0.0,0.0,0.0,0.0,0.0,0.0,0.0,0.0,3.374847173690796,0.0,0.0,0.0,0.0,0.0,0.0,0.0,0.0,0.0,0.0,0.0,0.0,0.0,0.0,0.0,0.0,0.0,0.0,0.0,0.0,0.0,0.0,0.0,0.0,0.0,0.0,0.0,32.18062973022461,0.0,0.0,17.601974487304688,0.0,0.0,0.0,0.0,0.0,0.0,0.0,0.0,28.132448196411133,0.0,0.0,0.0,0.0,0.0,0.0,0.0,0.0,0.0,0.0,0.0,0.0,0.0,0.0,0.0,0.0,0.0,0.0,0.0,0.0,0.0,0.0,0.0,0.0,0.0,0.0,0.0,0.0,0.0,0.0,0.0,0.0,0.0,0.0,0.0,0.0,0.0,0.0,0.0,0.0,0.0,0.0,0.0,0.0,0.0,0.0,0.0,0.0,0.0,1.6714891195297241,0.0,0.0,0.0,0.0,0.0,0.0,0.0,3.5782716274261475,0.0,0.0,0.0,0.0,0.0,0.0,0.0,0.0,0.0,0.0,0.0,0.0,0.0,0.0,19.73212432861328,0.0,0.0,0.0,0.0,0.0,0.0,0.0,0.0,0.0,0.0,0.0,0.0,0.0,0.0,0.0,0.0,0.0,0.0,0.0,0.0,0.0,0.0,0.0,0.0,0.0,0.0,0.0,0.0,0.0,0.0,0.0,0.0,0.0,0.0,0.0,0.0,0.0,0.0,0.0,0.0,0.0,0.0,0.0,0.0,0.0,0.0,0.0,0.0,0.0,0.0,0.0,0.0,0.0,1.461186170578003,0.0,0.0,0.0,0.0,0.0,0.0,0.0,0.0,0.0,0.0,0.0,0.0,0.0,0.0,0.0,0.0,0.0,0.0,0.0,0.0,0.0,0.0,0.0,0.0,0.0,0.0,0.0,0.0,0.0,0.0,0.0,0.0,0.0,0.0,0.0,0.0,0.0,0.0,0.0,0.0,0.0,0.0,0.0,0.0,0.0,0.0,0.0,0.0,0.0,0.0,0.0,0.0,0.0,0.0,0.0,0.0,0.0,0.0,0.0,0.0,0.0,0.0,0.0,0.0,0.0,0.0,0.0,0.0,0.0,0.0,0.0,0.0,0.0,0.0,0.0,0.0,0.0,0.0,0.0,0.0,0.0,0.0,0.0,0.0,0.0,0.0,0.0,0.0,0.0,0.0,0.0,0.0,0.0,0.0,0.0,0.0,0.0,0.0,19.02212905883789,0.0,0.0,0.0,0.0,0.0,0.0,0.0,0.0,0.0,0.0,0.0,0.0,0.0,0.0,0.0,0.0,0.0,0.0,0.0,0.0,0.0,0.0,0.0,0.0,0.0,0.0,0.0,0.0,0.0,0.0,0.0,0.0,1.1599931716918945,0.0,0.0,0.0,0.0,0.0,0.0,0.0,0.0,0.0,0.0,0.0,0.0,0.0,0.0,0.0,0.0,0.0,0.0,0.0,0.0,0.0,0.0,0.0,0.0,0.0,0.0,0.0,0.0,0.0,0.0,0.0,0.0,0.0,0.0,0.0,0.0,0.0,0.0,0.0,0.0,0.0,0.0,0.0,0.0,0.0,0.0,0.0,0.0,0.0,0.0,0.0,0.0,0.0,0.0,0.0,0.0,0.0,0.0,0.0,0.0,0.0,0.0,0.0,0.0,0.0,0.0,0.0,0.0,0.0,0.0,0.0,0.0,0.0,0.0,0.0,0.0,0.0,0.0,0.0,0.0,0.0,0.0,0.0,0.0,0.0,0.0,0.0,0.0,0.0,9.967020034790039,0.0,0.0,0.0,0.0,0.0,0.0,0.0,10.60129165649414,0.0,0.0,0.0,0.0,0.0,0.0,0.0,0.0,0.0,0.0,0.0,0.0,0.0,0.0,0.0,1.5491068363189697,0.0,0.0,0.0,0.0,0.0,0.0,0.0,0.0,0.0,0.0,0.0,0.0,0.0,0.0,0.0,0.0,0.0,0.0,0.0,0.0,47.54217529296875,0.0,0.0,0.0,0.0,0.0,0.0,0.0,0.0,0.0,0.0,0.0,0.0,0.0,0.0,0.0,0.0,0.0,0.0,0.0,0.0,0.0,0.0,0.0,0.0,0.0,0.0,0.0,0.0,0.0,0.0,0.0,0.0,0.0,0.0,0.0,0.0,0.0,0.0,0.0,0.0,0.0,0.0,0.0,0.0,0.0,0.0,0.0,0.0,0.0,0.0,0.0,0.0,0.0,0.0,0.0,0.0,0.0,0.0,0.0,0.0,0.0,0.0,0.0,0.0,0.0,0.0,0.0,0.0,0.0,0.0,0.0,0.0,0.0,0.0,0.0,0.0,0.0,0.0,0.0,0.0,0.0,0.0,0.0,0.0,0.0,0.0,0.0,0.0,0.0,0.0,0.0,0.0,0.0,0.0,0.0,0.0,0.0,0.0,0.0,0.0,0.0,0.0,0.0,0.0,0.0,0.0,0.0,0.0,0.0,0.0,0.0,0.0,0.0,0.0,0.0,0.0,0.0,10.615789413452148,0.0,0.0,0.0,0.0,0.0,0.0,0.0,0.0,0.0,0.0,0.0,0.0,0.0,0.0,0.0,0.0,0.0,0.0,0.0,0.0,0.0,0.0,0.0,0.0,0.0,0.0,0.0,0.0,0.0,0.0,0.0,0.0,0.0,0.0,0.0,0.0,0.0,0.0,0.0,0.0,0.0,0.0,0.0,0.0,0.0,0.0,0.0,0.0,0.0,0.0,0.0,0.0,50.45237731933594,0.0,0.0,0.0,0.0,15.817367553710938,0.0,0.0,0.0,0.0,0.0,0.0,0.0,0.0,0.0,0.0,0.0,0.0,0.0,0.0,0.0,0.0,0.0,0.0,0.0,0.0,0.0,0.0,0.0,0.0,0.0,0.0,0.0,0.0,0.0,0.0,0.0,0.0,0.0,0.0,0.0,0.0,0.0,0.0,0.0,0.0,0.0,0.0,0.0,0.0,7.5225067138671875,0.0,0.0,0.0,0.0,0.0,0.0,0.0,0.0,0.0,0.0,0.0,0.0,0.0,0.0,0.0,0.0,0.0,0.0,0.0,0.0,0.0,0.0,0.0,0.0,0.0,0.0,0.0,0.0,0.0,0.0,0.0,0.0,0.0,0.0,0.0,0.0,0.0,0.0,0.0,0.0,0.0,0.0,0.0,0.0,0.0,0.0,0.0,0.0,0.0,0.0,0.0,0.0,0.0,0.0,0.0,0.0,0.0,0.0,0.0,0.0,0.0,0.0,0.0,0.0,0.0,0.0,34.02521896362305,0.0,0.0,0.0,0.0,0.0,0.0,0.0,0.0,0.0,0.0,0.0,0.0,0.0,0.0,0.0,0.0,0.0,0.0,0.0,0.0,0.0,0.0,0.0,0.0,0.0,7.533987045288086,0.0,0.0,0.0,0.0,0.0,0.0,0.0,0.0,0.0,0.0,0.0,0.0,0.0,0.0,0.0,0.0,0.0,0.0,0.0,0.0,0.0,0.0,0.0,0.0,0.0,0.0,0.0,0.0,5.359067916870117,0.0,0.0,0.0,0.0,0.0,0.0,0.0,0.0,0.0,0.0,0.0,0.0,0.0,0.0,0.0,0.0,1.7378292083740234,0.0,0.0,0.0,0.0,0.0,0.0,0.0,0.0,0.0,0.0,0.0,0.0,0.0,0.0,0.0,0.0,1.0763658285140991,0.0,4.164564609527588,0.0,0.0,0.0,0.0,1.7044605016708374,0.0,0.0,0.0,0.0,0.0,0.0,0.0,0.0,0.0,0.0,0.0,0.0,0.0,0.0,2.12309193611145,0.0,0.0,0.0,6.270837306976318,0.0,0.0,0.0,0.0,0.0,0.8423010110855103,0.0,0.0,0.0,0.0,0.0,0.0,0.0,0.0,0.0,0.0,0.0,0.0,0.0,0.0,0.0,0.0,0.0,0.0,0.0,0.0,0.0,0.0,0.0,0.0,0.0,0.0,0.0,0.0,0.0,0.0,0.0,0.0,0.0,0.0,0.0,0.0,0.0,0.0,0.0,0.0,0.0,0.0,0.0,0.0,0.0,0.0,0.0,0.0,0.0,0.0,0.0,0.0,0.0,0.0,0.0,0.0,0.0,33.7029914855957,0.0,0.0,0.0,0.0,0.0,22.419668197631836,0.0,17.789348602294922,0.0,0.0,0.0,0.0,0.0,0.0,0.0,0.0,0.0,0.0,0.0,0.0,0.0,0.0,79.4621810913086,13.343017578125,0.0,0.0,0.0,0.0,13.867250442504883,0.0,0.0,0.0,0.0,0.0,0.0,0.0,0.0,0.0,0.0,0.0,0.0,0.0,0.0,0.0,52.104217529296875,0.0,0.0,0.0,0.0,0.0,0.0,0.0,0.0,0.0,0.0,0.0,0.0,0.0,0.0,0.0,0.0,0.0,0.0,0.0,0.0,0.0,0.0,0.0,0.0,0.0,0.0,0.0,0.0,22.072946548461914,0.0,0.0,0.0,0.0,0.0,0.0,0.0,0.0,0.0,0.0,0.0,0.0,0.0,0.0,0.0,0.0,0.0,0.0,0.0,0.0,0.0,0.0,0.0,0.0,0.0,0.0,49.836978912353516,0.0,0.0,0.0,0.0,0.0,0.0,0.0,0.0,0.0,0.0,0.0,0.0,0.0,0.0,0.0,0.0,0.0,0.0,0.0,0.0,0.0,0.0,0.0,0.0,0.0,0.0,0.0,0.0,0.0,0.0,0.0,0.0,0.0,0.0,0.0,0.0,0.0,0.0,0.0,0.0,0.0,0.0,0.0,0.0,0.0,0.0,0.0,0.0,0.0,0.0,0.0,0.0,0.0,0.0,0.0,0.0,0.0,0.0,45.545570373535156,0.0,0.0,0.0,0.0,0.0,0.0,0.0,0.0,0.0,0.0,0.0,0.0,0.0,0.0,0.0,0.0,0.0,0.0,0.0,0.0,0.0,0.0,0.0,0.0,0.0,0.0,0.0,0.0,0.0,0.0,0.0,0.0,9.577988624572754,0.0,0.0,0.0,0.0,0.0,0.0,20.76398468017578,0.0,0.0,0.0,0.0,0.0,0.0,0.0,0.0,0.0,0.0,0.0,0.0,0.0,0.0,0.0,60.97599792480469,0.0,0.0,0.0,0.0,19.260297775268555,0.0,0.0,0.0,0.0,0.0,0.0,0.0,0.0,0.0,0.0,15.977411270141602,0.0,0.0,0.0,0.0,0.0,0.0,0.0,0.0,0.0,0.0,0.0,0.0,0.0,0.0,0.0,0.0,0.0,0.0,0.0,0.0,0.0,0.0,0.0,0.0,0.0,0.0,0.0,0.0,0.0,0.0,0.0,0.0,0.0,0.0,0.0,0.0,0.0,0.0,0.0,0.0,0.0,0.0,0.0,0.0,0.0,0.0,0.0,0.0,0.0,0.0,0.0,0.0,0.0,0.0,0.0,0.0,0.0,0.0,0.0,0.0,0.0,0.0,0.0,0.0,0.0,0.0,0.0,0.0,0.0,0.0,0.0,7.729281425476074,0.0,0.0,0.0,0.0,0.0,0.0,0.0,0.0,0.0,3.822239875793457,0.0,0.0,0.0,0.0,0.0,0.0,0.0,0.0,0.0,0.0,0.0,0.0,0.0,0.0,0.0,0.0,0.0,0.0,29.770265579223633,0.0,0.0,0.0,0.0,0.0,0.0,0.0,0.0,0.0,0.0,0.0,0.0,0.0,0.0,0.0,0.0,0.0,0.0,0.0,0.0,14.473714828491211,0.0,0.0,0.0,0.0,27.368453979492188,0.0,0.0,0.0,0.0,0.0,0.0,0.0,0.0,0.0,0.0,0.0,0.0,0.0,0.0,0.0,0.0,0.0,0.0,0.0,0.0,0.0,0.0,0.0,0.0,0.0,0.0,0.0,0.0,21.91790771484375,0.0,7.452155590057373,0.0,0.0,0.0,0.0,0.0,0.0,0.0,0.0,3.0337142944335938,0.0,0.0,0.0,0.0,0.0,0.0,0.0,0.0,0.0,0.0,0.0,0.0,0.0,0.0,0.0,0.0,5.62746524810791,0.0,0.0,0.0,0.0,15.276639938354492,0.15441474318504333,0.0,0.0,0.0,0.0,0.0,0.0,27.611953735351562,0.0,0.0,0.0,0.0,0.0,0.0,0.0,0.0,0.0,3.001683473587036,0.0,0.0,0.0,0.0,0.0,0.0,0.0,10.053945541381836,12.234354972839355,0.0,0.0,0.0,0.0,0.0,0.0,0.0,0.0,0.0,0.0,0.0,0.0,0.0,0.0,1.3005561828613281,0.0,0.0,0.0,0.0,0.0,0.0,0.0,0.0,0.0,0.0,0.0,0.0,0.0,0.0,0.0,0.0,0.0,0.0,0.0,0.0,0.0,0.0,0.0,0.0,0.0,0.0,0.0,0.0,0.0,0.0,0.0,3.4784040451049805,0.0,0.0,0.0,0.0,0.0,0.0,0.0,0.0,0.0,0.0,0.0,0.0,19.325439453125,0.0,0.0,0.0,22.06959342956543,0.0,0.0,0.0,0.0,0.0,36.228912353515625,0.0,15.016660690307617,0.0,0.0,0.0,0.0,0.0,0.0,0.0,0.0,0.0,0.0,0.0,0.0,0.0,0.0,86.33013916015625,10.789971351623535,0.0,0.0,0.0,0.0,10.342636108398438,0.0,0.0,0.0,0.0,0.0,0.0,0.0,0.0,0.0,8.782660484313965,0.0,0.0,0.0,0.0,0.0,17.990638732910156,0.0,0.0,0.0,6.990772247314453,0.0,0.0,0.0,0.0,0.0,0.0,0.0,1.8226028680801392,0.0,0.0,0.0,0.0,0.0,0.0,0.0,0.0,12.234415054321289,0.0,0.0,0.0,0.0,0.0,0.0,0.0,41.83382797241211,0.0,0.0,0.0,0.0,0.0,0.0,0.0,0.0,0.0,0.0,0.0,0.0,0.0,0.0,0.0,0.0,0.0,0.0,0.0,0.0,0.47465479373931885,0.0,0.0,0.0,0.0,0.0,42.26392364501953,0.0,0.0,0.0,0.0,0.0,0.0,0.0,0.0,0.0,0.0,0.0,0.0,0.0,0.0,0.0,0.0,0.0,0.0,0.0,0.0,0.0,0.0,0.0,0.0,0.0,0.0,0.0,0.0,0.0,0.0,0.0,0.0,0.0,0.0,0.0,21.085325241088867,0.0,80.81755828857422,0.0,0.0,0.0,2.2607343196868896,0.0,0.0,0.0,0.0,0.0,0.0,0.0,0.0,0.0,0.0,0.0,0.0,0.0,0.0,2.7202794551849365,0.0,54.433067321777344,0.0,0.0,0.0,0.0,0.0,0.0,0.0,5.936459064483643,0.0,0.0,0.0,0.0,0.0,0.0,0.0,0.0,0.0,0.0,0.0,0.0,0.0,0.0,0.0,0.0,0.0,0.0,18.169418334960938,0.0,0.0,0.0,0.0,23.97447395324707,7.750905513763428,0.0,0.0,0.0,0.0,1.0829713344573975,0.0,42.43205261230469,0.0,0.0,0.0,0.0,0.0,0.0,0.0,0.0,0.0,0.0,0.0,0.0,0.0,6.6954345703125,0.0,0.0,0.0,0.0,0.0,0.0,0.706641674041748,0.0,0.0,0.0,0.0,0.0,0.0,0.0,0.0,0.0,0.0,0.0,0.0,6.768555641174316,0.0,0.0,0.0,0.0,0.0,0.0,5.396401882171631,0.0,0.0,0.0,0.0,0.0,0.0,0.0,0.0,0.0,0.0,0.0,0.0,1.0342624187469482,0.0,0.0,0.0,0.0,0.0,0.0,0.0,0.0,0.0,0.0,0.0,32.99959945678711,0.0,0.0,0.0,0.0,0.0,0.0,0.0,0.0,0.0,0.0,0.0,0.0,0.0,0.0,0.0,0.0,0.0,0.0,0.0,0.0,0.0,0.0,20.378543853759766,0.0,0.0,0.0,0.0,0.0,0.0,0.0,0.0,0.0,0.0,0.0,0.0,0.0,0.0,0.0,0.0,0.0,0.0,0.0,0.0,0.0,0.0,0.0,0.0,0.0,0.0,0.0,0.0,0.0,0.0,0.0,0.0,0.0,0.0,0.0,0.0,0.0,0.0,0.0,0.0,0.0,0.0,0.0,45.11385726928711,0.0,0.0,0.0,0.0,0.0,0.0,0.0,0.0,0.0,0.0,0.0,0.0,0.0,0.0,0.0,0.0,0.0,0.0,0.0,0.0,0.0,0.0,0.0,0.0,0.0,0.0,0.0,0.0,0.0,0.0,0.0,0.0,0.0,0.0,0.0,0.0,0.0,0.0,0.0,0.0,0.0,0.0,0.0,0.0,0.0,0.0,0.0,0.0,0.0,0.0,0.0,0.0,0.0,0.0,0.4457712769508362,0.0,0.0,0.0,0.0,0.0,0.0,0.0,0.0,0.0,0.0,0.0,0.0,0.0,0.0,0.0,0.0,0.0,0.0,0.0,0.0,0.0,0.0,0.0,0.0,0.0,0.0,0.0,5.248286247253418,0.0,0.0,0.0,0.0,0.0,16.57505226135254,0.0,0.0,0.0,0.0,0.0,0.0,17.8501033782959,0.0,0.0,0.0,0.0,0.0,0.0,0.0,0.0,0.0,0.0,0.0,0.0,0.0,0.0,11.660188674926758,0.0,0.0,0.0,13.588683128356934,0.0,0.0,0.0,0.0,0.0,0.0,0.0,0.0,0.0,0.0,0.0,0.0,0.0,0.0,0.0,0.0,0.0,0.0,0.0,0.0,0.0,0.0,0.0,0.0,0.0,0.0,0.0,0.0,0.0,0.0,0.0,0.0,0.0,0.0,0.0,0.0,0.0,0.0,0.0,0.0,0.0,0.0,0.0,0.0,0.0,0.0,0.0,0.0,0.0,0.0,0.0,2.2296183109283447,0.0,0.0,0.0,0.0,0.0,0.0,0.0,23.46272087097168,0.0,0.0,0.0,12.027395248413086,0.0,0.0,0.0,0.0,0.0,36.353538513183594,0.0,0.0,0.0,0.0,0.0,0.0,0.0,0.0,0.0,0.0,0.0,0.0,0.0,0.0,0.0,0.0,48.26856994628906,28.657615661621094,0.0,0.0,0.0,0.0,0.0,0.0,0.0,0.0,0.0,0.0,0.0,0.0,0.0,0.0,15.392584800720215,0.0,0.0,0.0,0.0,0.0,42.323665618896484,0.0,0.0,0.0,12.881965637207031,0.0,0.0,0.0,0.0,0.0,0.0,0.0,0.0,0.0,0.0,0.0,0.0,0.0,0.0,0.0,0.0,0.0,0.0,0.0,0.0,0.0,0.0,0.0,0.0,50.639312744140625,0.0,0.0,0.0,0.0,0.0,0.0,0.0,0.0,0.0,0.0,0.0,0.0,0.0,0.0,0.0,0.0,0.0,0.0,0.0,0.0,0.0,0.0,0.0,0.0,0.0,0.0,37.09943771362305,0.0,0.0,0.0,0.0,0.0,0.0,0.0,0.0,0.0,0.0,0.0,0.0,0.0,0.0,0.0,0.0,0.0,0.0,0.0,0.0,0.0,0.0,0.0,0.0,0.0,0.0,0.0,0.0,0.0,0.0,0.0,0.0,0.0,0.0,0.0,0.0,0.0,24.011898040771484,0.0,0.0,0.0,0.0,0.0,0.0,0.0,0.0,0.0,0.0,0.0,0.0,0.0,0.0,0.0,0.0,0.0,7.709486961364746,16.016948699951172,0.0,57.331626892089844,0.0,0.0,0.0,0.0,0.0,0.0,0.0,0.0,0.0,7.286760330200195,0.0,0.0,0.0,0.0,0.0,0.0,0.0,0.0,0.0,0.0,0.0,0.0,0.0,0.0,0.0,0.0,10.468740463256836,0.0,0.0,0.0,0.0,10.782066345214844,3.0422425270080566,0.0,0.0,0.0,0.0,0.0,0.0,25.31831932067871,0.0,0.0,0.0,0.0,0.0,0.0,0.0,0.0,0.0,0.0,0.0,0.0,0.0,0.0,0.0,29.683673858642578,0.0,0.0,0.0,0.0,0.0,0.0,0.0,0.0,0.0,0.0,0.0,0.0,0.0,0.0,0.0,0.0,0.0,0.0,0.0,0.0,0.0,0.0,0.0,0.0,0.0,0.0,0.0,0.0,0.0,0.0,0.0,0.0,0.0,0.0,0.0,0.0,0.0,0.0,0.0,0.0,0.0,0.0,0.0,0.0,0.0,0.0,0.0,0.0,0.0,21.321155548095703,0.0,0.0,0.0,0.0,0.0,0.0,0.0,0.0,0.0,0.0,0.0,0.0,0.0,0.0,0.0,0.0,0.0,0.0,0.0,0.0,0.0,0.0,29.404308319091797,0.0,0.0,0.0,0.0,0.0,0.0,0.0,0.0,0.0,0.0,0.0,0.0,8.561201095581055,0.0,0.0,0.0,0.0,0.0,0.0,0.0,0.0,0.0,0.0,0.0,0.0,0.0,0.0,0.0,0.0,0.0,0.0,0.0,0.0,0.0,0.0,0.0,0.0,0.0,0.0,0.0,0.0,0.0,0.0,0.0,0.0,0.0,0.0,0.0,0.0,0.0,0.0,0.0,0.0,0.0,0.0,0.0,0.0,0.0,0.0,0.0,0.0,0.0,0.0,0.0,0.0,0.0,0.0,0.0,0.0,0.0,0.0,0.0,0.0,0.0,0.0,0.0,0.0,0.0,0.0,0.0,0.0,0.0,0.0,0.0,0.0,0.0,0.0,0.0,0.0,0.0,0.0,0.0,0.0,0.0,0.0,0.0,0.0,0.0,0.0,0.0,0.0,0.0,0.0,0.0,0.0,0.0,0.0,0.0,0.0,0.0,0.0,0.0,0.0,0.0,0.0,0.0,0.0,0.0,0.0,0.0,0.0,0.0,0.0,0.0,0.0,0.0,0.0,0.0,0.0,0.0,0.0,0.0,0.0,0.0,0.0,0.0,0.0,0.0,0.0,0.0,0.0,0.0,0.0,0.0,0.0,0.0,0.0,0.0,0.0,0.0,0.0,0.0,0.0,0.0,0.0,0.0,0.0,0.0,0.0,0.0,0.0,0.0,0.0,0.0,0.0,0.0,0.0,0.0,0.0,0.0,0.0,0.0,0.0,0.0,0.0,0.0,0.0,0.0,0.0,0.0,0.0,0.0,0.0,0.0,0.0,0.0,0.0,0.0,0.0,0.0,0.0,0.0,0.0,0.0,0.0,0.0,0.0,0.0,0.0,0.0,0.0,0.0,0.0,0.0,0.0,0.0,0.0,0.0,0.0,0.0,0.0,0.0,0.0,0.0,0.0,0.0,0.0,0.0,0.0,0.0,0.0,0.0,31.40248680114746,0.0,0.0,0.0,0.0,0.0,0.0,0.0,0.0,0.0,0.0,0.0,0.0,0.0,0.0,0.0,0.0,0.0,0.0,0.0,0.0,0.0,0.0,0.0,20.8956298828125,0.0,0.0,0.0,0.0,0.0,0.0,0.0,0.0,0.0,0.0,0.0,0.0,0.0,0.0,0.0,0.0,0.0,0.0,0.0,0.0,41.48744201660156,0.0,0.0,0.0,0.0,0.0,0.0,0.0,0.0,0.0,0.0,0.0,0.0,0.0,0.0,0.0,0.0,0.0,0.0,0.0,0.0,0.0,0.0,0.0,0.0,0.0,0.0,0.0,0.0,15.119917869567871,0.0,0.0,0.0,0.0,0.0,0.0,0.0,0.0,0.0,0.0,0.0,0.0,0.0,0.0,0.0,0.0,0.0,0.0,0.0,0.0,0.0,0.0,0.0,0.0,0.0,0.0,0.0,0.0,0.0,0.0,0.0,0.0,0.0,0.0,0.0,0.0,0.0,0.0,0.0,0.0,0.0,0.0,0.0,0.0,0.0,0.0,0.0,0.0,0.0,0.0,0.0,0.0,0.0,0.0,0.0,0.0,0.0,0.0,0.0,0.0,0.0,0.0,0.0,0.0,0.0,0.0,0.0,0.0,0.0,0.0,0.0,0.0,0.0,0.0,0.0,0.0,0.0,0.0,0.0,0.0,0.0,0.0,0.0,0.0,0.0,7.150522232055664,0.0,0.0,0.0,0.0,0.0,0.0,0.0,0.0,0.0,2.4232723712921143,0.0,0.0,0.0,0.0,0.0,0.0,0.0,0.0,0.0,0.0,0.0,0.0,0.0,0.0,0.0,0.0,0.0,0.0,0.0,0.0,0.0,0.0,0.0,0.0,0.0,0.0,0.0,0.0,0.0,0.0,0.0,0.0,0.0,0.0,0.0,0.0,0.0,0.0,0.0,0.0,0.0,0.0,8.885176658630371,0.0,0.0,49.71910858154297,0.0,0.0,0.0,0.0,20.928359985351562,0.0,0.0,0.0,0.0,0.0,0.0,0.0,0.0,0.0,0.0,0.0,0.0,0.0,0.0,0.0,0.0,0.0,0.0,0.0,0.0,0.0,0.0,0.0,0.0,0.0,0.0,0.0,0.0,0.0,0.0,0.0,0.0,0.0,0.0,0.0,0.0,0.0,0.0,0.0,0.0,0.0,0.0,0.0,0.0,7.571990489959717,0.0,0.0,0.0,0.0,0.0,0.0,0.0,0.0,0.0,0.0,0.0,0.0,0.0,0.0,0.0,0.0,0.0,0.0,0.0,0.0,0.0,0.0,0.0,0.0,0.0,0.0,0.0,0.0,0.0,0.0,0.0,0.0,0.0,0.0,0.0,1.072367787361145,0.0,0.0,0.0,0.0,0.0,0.0,0.0,0.0,0.0,0.0,0.0,0.0,0.0,0.0,0.0,0.0,0.0,0.0,0.0,0.0,0.0,0.0,0.0,0.0,0.0,0.0,0.0,0.0,0.0,0.0,0.0,1.7794249057769775,0.0,0.0,0.0,0.0,2.853076696395874,0.0,0.0,0.0,0.0,0.0,0.0,0.0,0.0,0.0,0.0,0.0,0.0,0.0,0.0,2.6711132526397705,0.0,0.0,0.0,0.0,0.0,0.0,0.0,0.0,0.0,0.0,0.0,0.0,0.0,0.0,0.0,0.0,0.0,0.0,0.0,0.0,0.0,0.0,0.0,0.0,0.0,0.0,0.0,0.0,0.0,0.0,0.0,0.0,0.0,0.0,0.0,0.0,0.0,0.0,0.0,0.0,0.0,0.0,0.0,0.0,0.0,0.0,0.0,0.0,0.0,0.0,8.514019012451172,0.0,0.0,0.0,0.0,0.0,0.0,0.0,0.0,0.0,0.0,0.0,0.0,0.0,0.0,0.0,0.0,0.0,0.0,0.0,0.0,0.0,0.0,0.0,0.0,0.0,0.0,0.0,0.0,0.0,0.0,0.0,0.0,0.0,0.0,0.0,0.0,0.0,0.0,0.0,0.0,0.0,0.0,0.0,0.0,0.0,0.0,0.0,0.0,0.0,0.0,0.0,0.0,0.0,0.0,0.0,0.0,0.0,0.0,0.0,0.0,0.0,0.0,0.0,0.0,0.0,0.0,0.0,0.0,0.0,0.0,0.0,0.0,0.0,0.0,0.0,0.0,0.0,0.0,0.0,6.462503433227539,0.0,0.0,0.0,0.0,0.0,0.0,0.0,0.0,0.0,0.0,0.0,0.0,0.0,0.0,0.0,0.0,0.0,0.0,0.0,0.0,0.0,0.0,0.0,0.0,0.0,0.0,25.024490356445312,0.0,0.0,0.0,0.0,0.0,0.0,0.0,9.331547737121582,0.0,7.45657205581665,0.0,0.0,0.0,0.0,0.0,0.0,0.0,0.0,0.0,0.0,0.0,0.0,0.0,0.0,0.0,0.0,0.0,0.0,11.367774963378906,0.0,0.0,0.0,0.0,0.0,0.0,0.0,0.0,0.0,0.0,0.0,0.0,0.0,0.0,0.0,17.290069580078125,0.0,0.0,0.0,0.0,0.0,0.0,0.14657235145568848,0.0,0.0,0.0,0.0,0.0,11.018477439880371,0.0,0.0,0.0,0.0,0.0,0.0,0.0,0.0,0.0,0.0,0.0,0.0,0.0,0.0,0.0,0.0,0.0,0.0,0.0,0.0,0.0,0.0,0.0,0.0,0.0,0.0,0.0,0.0,0.0,0.0,0.0,0.0,0.0,0.0,0.0,0.0,0.0,0.0,0.0,0.0,0.0,0.0,1.9049488306045532,0.0,0.0,0.0,0.0,0.0,0.0,0.0,0.0,0.0,0.0,0.0,0.0,0.0,0.0,0.0,0.0,0.0,0.0,0.0,0.0,0.0,0.0,0.0,0.0,0.0,0.0,0.0,0.0,0.0,0.0,0.0,0.0,0.0,0.0,0.0,0.0,0.0,0.0,0.0,0.0,0.0,0.0,0.0,0.0,0.0,0.0,0.0,0.0,0.0,0.0,0.0,0.0,3.121656894683838,0.0,0.0,0.0,0.0,0.0,10.940215110778809,0.0,0.0,0.0,0.0,0.0,0.0,0.0,0.0,0.0,0.0,0.0,0.0,0.0,0.0,0.0,0.0,0.0,0.0,0.0,0.0,0.0,0.0,0.0,9.486278533935547,0.0,0.0,0.0,0.0,0.0,0.0,0.0,0.0,0.0,0.0,0.0,0.0,0.0,0.0,0.0,0.0,0.0,0.0,0.0,0.0,0.0,0.0,0.0,0.0,0.0,0.0,0.0,0.0,0.0,5.909797191619873,0.0,41.91130447387695,0.0,0.0,0.0,0.0,32.31052017211914,0.0,0.0,0.0,0.0,0.0,0.0,0.0,0.0,0.0,0.0,0.0,0.0,0.0,0.0,0.0,0.0,0.0,0.0,0.0,0.0,0.0,0.0,0.0,0.0,0.0,0.0,0.0,0.0,0.0,0.0,0.0,0.0,0.0,0.0,0.0,0.0,0.0,0.0,0.0,0.0,0.0,0.0,0.0,0.4591843783855438,0.0,0.0,0.0,0.0,0.0,0.0,0.0,0.0,0.0,0.0,0.0,0.0,0.0,0.0,0.0,0.0,2.466512680053711,0.0,0.0,0.0,0.0,0.0,0.0,0.0,0.0,0.0,0.0,0.0,0.0,0.0,0.0,0.0,0.0,0.0,0.0,0.0,0.0,0.0,0.0,0.0,0.0,0.0,0.0,15.391240119934082,0.0,0.0,11.117734909057617,0.0,3.7206735610961914,0.0,0.0,0.0,0.0,0.0,0.0,0.0,0.0,0.0,3.2363979816436768,0.0,0.0,0.0,0.0,0.0,0.0,0.0,0.0,0.0,0.0,0.0,0.0,0.0,0.0,0.0,0.0,0.0,0.0,0.0,0.0,0.0,0.0,0.0,11.806243896484375,0.0,0.0,0.0,0.0,0.0,0.0,0.0,0.0,0.0,0.0,0.0,0.0,0.0,0.0,0.0,0.0,0.0,0.0,0.0,0.0,0.0,0.0,0.0,0.0,0.0,0.0,0.0,0.0,0.0,0.0,0.0,0.0,0.0,0.0,0.0,0.0,0.0,0.0,0.0,0.0,0.0,0.0,0.0,0.0,0.0,0.0,0.0,0.0,0.0,0.0,0.0,0.0,0.0,13.799551963806152,0.0,0.0,0.0,0.0,0.0,0.0,0.0,0.0,0.0,0.0,0.0,0.0,13.011173248291016,0.0,0.0,0.0,0.0,0.0,0.0,0.0,40.500091552734375,0.0,0.0,0.0,0.0,0.0,0.0,0.0,0.0,0.0,0.0,0.0,0.0,0.0,0.0,0.0,0.0,0.0,0.0,0.0,8.167478561401367,0.0,3.5321462154388428,0.0,0.0,0.0,0.0,0.0,0.0,0.0,0.0,0.0,9.270469665527344,0.0,0.0,0.0,0.0,0.0,0.0,0.0,0.0,0.0,4.302069187164307,0.0,0.0,0.0,0.0,0.0,0.0,0.0,0.0,0.0,0.0,0.1494002342224121,0.2541731595993042,0.0,0.0,0.0,0.0,0.0,0.0,0.0,26.668500900268555,0.0,0.0,0.0,0.0,0.0,0.0,0.0,0.0,0.0,0.0,0.0,0.0,0.0,0.0,0.0,0.0,0.0,0.0,0.0,0.0,0.0,2.7278499603271484,0.0,0.0,0.0,0.0,0.0,1.3417036533355713,17.77919578552246,0.0,0.0,0.0,0.0,0.0,0.0,0.0,0.0,1.1023802757263184,0.0,0.0,0.0,0.0,0.0,0.0,0.0,0.0,0.0,0.0,0.0,0.0,0.0,0.0,0.0,0.0,0.0,0.0,4.981995105743408,0.0,0.0,0.0,0.0,0.0,0.0,0.0,0.0,0.0,0.0,0.0,0.0,0.0,0.0,0.0,0.0,0.0,0.0,0.0,0.0,0.0,0.0,0.0,0.0,0.0,0.0,0.0,0.0,0.0,0.0,0.0,0.0,0.0,0.0,0.0,0.0,0.0,0.0,0.0,0.0,0.0,0.0,0.0,0.0,0.8904047012329102,0.0,0.0,1.6828465461730957,6.061791896820068,0.0,0.0,0.0,0.0,0.0,0.0,0.0,0.0,0.0,0.0,0.0,0.0,0.0,0.0,0.0,9.11616325378418,0.0,0.0,0.0,0.0,0.9951967000961304,30.535179138183594,0.0,0.0,0.0,0.0,0.0,0.0,0.0,0.0,0.0,0.0,0.0,0.0,0.0,0.0,0.0,0.0,0.0,0.0,0.0,0.0,0.0,0.0,0.0,0.0,0.0,0.0,0.0,0.0,0.0,0.0,0.0,0.0,0.0,0.0,0.0,0.0,0.0,0.0,0.0,0.0,0.0,0.0,0.0,0.0,0.0,0.0,0.0,0.0,0.0,41.49390411376953,0.0,0.0,16.148704528808594,0.0,0.0,0.0,0.0,0.0,0.0,0.0,14.07687759399414,0.0,0.0,0.0,0.0,0.0,0.0,0.0,0.0,0.0,0.0,0.0,0.0,0.0,0.0,0.0,0.0,0.0,0.0,0.0,3.6031274795532227,0.0,0.0,0.0,0.0,0.0,0.0,0.0,0.0,0.0,0.0,0.0,0.0,0.0,0.0,0.0,0.0,0.0,0.0,0.0,0.0,0.0,0.0,5.999370574951172,0.0,0.0,0.0,0.0,0.0,0.0,0.0,0.0,0.0,0.0,0.0,0.0,0.0,0.0,0.0,4.4521989822387695,0.0,0.0,0.0,0.0,0.0,0.0,0.0,0.0,0.0,0.0,0.0,0.0,0.0,0.0,18.450984954833984,17.759233474731445,0.0,0.0,0.0,0.0,0.0,0.0,5.750758647918701,0.0,0.0,0.0,0.0,0.0,0.0,0.0,0.0,0.0,0.0,0.0,0.0,0.0,0.0,0.0,9.299626350402832,0.0,0.0,0.0,0.0,0.0,0.0,0.0,0.0,0.0,0.0,1.2993597984313965,0.0,0.0,0.0,0.0,0.0,0.0,0.0,0.0,0.0,0.0,0.0,0.0,0.0,0.0,0.0,0.0,0.0,0.0,20.003671646118164,3.865485906600952,0.0,0.0,0.0,0.0,0.0,0.0,0.0,0.0,0.0,0.0,6.179100036621094,0.0,0.0,0.0,0.0,0.0,0.0,0.0,0.0,0.0,0.0,0.0,0.0,0.0,0.0,0.0,0.0,0.0,0.0,0.0,0.0,0.0,35.575111389160156,0.0,0.0,0.0,0.0,0.0,0.0,0.0,0.0,0.0,0.0,0.0,0.0,0.0,0.0,0.0,0.0,0.0,0.0,0.0,0.0,0.0,0.0,8.043985366821289,0.0,0.0,0.0,0.0,0.0,0.0,16.812807083129883,0.0,0.0,0.0,0.0,0.0,0.0,0.0,0.0,0.0,0.0,0.0,0.0,0.0,0.0,0.0,0.0,0.0,0.0,0.0,0.0,0.0,0.0,0.0,0.0,0.0,0.0,0.0,0.0,0.0,0.0,0.0,0.0,0.0,0.0,0.0,0.0,0.0,0.0,0.0,0.0,0.0,0.0,0.0,0.0,0.0,0.0,0.0,0.0,0.0,0.0,10.572944641113281,0.0,0.0,0.0,0.0,0.0,0.0,0.0,0.0,0.0,0.0,0.0,0.0,0.0,0.0,0.0,0.0,0.0,0.0,0.0,0.0,0.0,0.0,0.0,0.0,0.0,0.0,0.0,0.0,0.0,0.0,0.0,0.0,0.0,0.0,0.0,0.0,0.0,0.0,0.0,0.0,0.0,0.0,0.0,0.0,0.0,0.0,0.0,0.0,0.0,0.0,0.0,0.0,0.0,0.0,0.0,0.0,0.0,0.0,0.0,0.0,0.0,0.0,0.0,0.0,0.0,0.0,0.0,0.0,0.0,0.0,0.0,0.0,0.0,0.0,0.0,0.0,0.0,0.0,0.0,0.0,0.0,0.0,0.0,0.0,0.0,0.0,0.0,0.0,0.0,0.0,0.0,0.0,0.0,0.0,0.0,0.0,0.0,0.0,0.0,0.0,0.0,0.0,0.0,0.0,0.0,0.0,26.08722496032715,0.0,5.152684211730957,0.0,0.0,0.0,0.0,0.0,24.20950698852539,0.0,0.0,0.0,0.0,0.0,0.0,0.0,0.0,0.0,0.0,0.0,0.0,0.0,0.0,1.2518277168273926,3.7386159896850586,0.0,0.0,0.0,0.0,10.325231552124023,0.0,0.0,0.0,0.0,0.0,0.0,0.0,0.0,0.0,0.0,0.0,0.0,0.0,0.0,0.0,110.94612884521484,0.0,0.0,0.0,0.0,0.0,0.0,0.0,0.0,0.0,0.27656957507133484,0.0,0.0,0.0,0.0,0.0,0.0,0.0,0.0,0.0,0.0,0.0,0.0,0.0,0.0,0.0,0.0,5.954972267150879,0.0,0.0,0.0,0.0,0.0,0.0,0.0,0.0,0.0,0.0,0.0,0.0,0.0,0.0,0.0,0.0,0.0,0.0,0.0,0.0,0.0,0.0,0.0,0.0,0.0,0.0,3.509120225906372,0.0,0.0,0.0,0.0,0.0,0.0,0.0,0.0,0.0,0.0,0.0,0.0,0.0,0.0,0.0,0.0,0.0,0.0,0.0,0.0,0.0,0.0,0.0,0.0,0.0,0.0,0.0,0.0,0.0,0.0,0.0,0.0,0.0,0.0,0.0,0.0,0.0,0.0,0.0,0.0,0.0,0.0,6.766735076904297,20.136554718017578,0.0,0.0,0.0,0.9021310210227966,0.0,0.0,0.0,0.0,0.0,0.0,6.428831100463867,0.0,0.0,0.0,0.0,0.0,0.0,0.0,0.0,0.0,0.0,0.0,0.0,0.0,0.0,0.0,0.0,0.0,0.0,0.0,0.0,0.0,0.0,0.0,0.0,0.0,0.0,0.0,0.0,0.0,0.0,0.0,0.0,0.0,0.0,0.0,0.0,0.0,0.0,0.0,0.0,0.0,0.0,0.0,0.0,0.0,0.0,0.0,0.0,0.0,0.0,0.0,0.0,0.0,0.0,0.0,0.0,0.0,0.0,0.0,0.0,0.0,46.093997955322266,0.0,0.0,0.0,0.0,0.0,0.0,0.0,0.0,0.0,0.0,0.0,0.0,0.0,0.0,0.0,0.0,0.0,0.0,0.0,0.0,0.0,0.0,0.0,0.0,0.0,0.0,0.0,16.1558895111084,0.0,0.0,0.0,0.0,0.0,0.0,0.0,0.0,0.0,0.0,0.0,0.0,0.0,0.0,0.0,0.0,0.0,0.0,0.0,0.0,0.0,0.0,0.0,0.0,0.0,0.0,9.879923820495605,0.0,0.0,0.0,0.0,0.0,0.0,0.0,0.0,0.0,0.0,0.0,0.0,0.0,0.0,0.0,0.0,0.0,5.384741306304932,34.59966278076172,0.0,0.0,0.0,0.0,0.0,0.0,0.0,0.0,0.0,0.0,0.0,3.5596697330474854,0.0,0.0,0.0,0.0,0.0,0.0,0.0,0.0,0.0,0.0,0.0,0.0,0.0,0.0,0.0,0.0,0.0,0.0,0.0,0.0,0.0,7.466424942016602,0.0,0.0,0.0,0.0,0.0,0.0,0.0,0.0,53.841007232666016,0.0,0.0,0.0,0.0,0.0,0.0,0.0,0.0,0.0,0.0,0.0,0.0,0.0,0.0,0.0,0.0,0.0,0.0,0.0,0.0,22.045623779296875,0.0,0.0,0.0,0.0,0.0,0.0,0.0,0.0,0.0,0.0,0.0,0.0,0.0,0.0,0.0,0.0,0.0,0.0,0.0,0.0,0.0,0.0,0.0,0.0,0.0,0.0,0.0,0.0,0.0,0.0,0.0,0.0,0.0,0.0,0.0,0.0,0.0,0.0,0.0,0.0,0.0,0.0,0.0,0.0,0.0,0.0,0.0,0.0,0.0,0.0,0.0,0.0,0.0,0.0,0.0,0.0,0.0,0.0,0.0,0.0,0.0,0.0,0.0,0.0,0.0,0.0,0.0,4.124973297119141,0.0,0.0,0.0,0.0,0.0,0.0,0.0,0.0,0.0,0.0,0.0,0.0,0.0,0.0,0.0,0.0,0.0,0.0,0.0,0.0,0.0,4.741334438323975,0.0,0.0,0.0,1.0467917919158936,0.0,0.0,0.0,0.0,0.0,0.0,0.0,0.0,0.0,0.0,0.0,0.0,0.0,0.0,2.7291717529296875,0.0,0.0,0.0,0.0,0.0,0.0,0.0,0.0,0.0,0.0,0.0,0.0,0.0,0.0,0.0,0.0,0.0,0.0,0.0,0.0,0.0,0.0,0.0,0.0,0.0,0.0,0.0,0.0,0.0,0.0,0.0,0.0,0.0,0.0,0.0,0.0,0.0,0.0,0.0,0.0,0.0,0.0,0.0,0.0,0.0,0.0,0.0,0.0,54.92158508300781,0.0,0.0,0.0,0.0,0.0,0.0,0.0,30.039167404174805,0.0,0.0,0.0,0.0,0.0,0.0,0.0,0.0,0.0,0.0,0.0,0.0,0.0,0.0,87.21466064453125,16.079341888427734,0.0,0.0,0.0,0.0,4.12218713760376,0.0,0.0,0.0,0.0,0.0,0.0,0.0,0.0,0.0,0.0,0.0,0.0,0.0,0.0,0.0,143.8771209716797,0.0,0.0,0.0,0.0,0.0,0.0,0.0,0.0,0.0,0.0,0.0,0.0,0.0,0.0,0.0,0.0,0.0,0.0,0.0,0.0,0.0,0.0,0.0,0.0,0.0,0.0,0.0,0.0,0.0,0.0,0.0,0.0,0.0,0.0,0.0,0.0,0.0,0.0,0.0,0.0,0.0,0.0,0.0,0.0,0.0,0.0,0.0,0.0,0.0,0.0,0.0,0.0,0.0,0.0,0.0,26.066001892089844,0.0,0.0,0.0,0.0,0.0,0.0,0.0,0.0,0.0,0.0,0.0,0.0,0.0,0.0,0.0,0.0,0.0,0.0,0.0,0.0,0.0,0.0,0.0,0.0,0.0,0.0,0.0,0.0,0.0,0.0,0.0,0.0,0.0,0.0,0.0,0.0,0.0,0.0,0.0,0.0,0.0,9.731472969055176,0.0,0.0,0.0,0.0,0.0,0.0,0.0,0.0,0.0,0.0,0.0,0.0,0.0,0.0,0.0,0.0,0.0,0.0,0.0,0.0,0.0,0.0,0.0,0.0,0.0,0.0,0.0,0.0,0.0,0.0,0.0,0.0,0.0,0.0,0.0,0.0,0.0,0.0,0.0,0.0,0.0,0.0,0.0,23.47421646118164,0.0,0.0,0.0,0.0,15.35074234008789,0.0,0.0,0.0,0.0,0.0,0.0,0.0,1.590596318244934,0.0,0.0,0.0,0.0,0.0,0.0,0.0,0.0,0.0,0.0,0.0,0.0,0.0,0.0,0.0,66.18004608154297,0.0,0.0,0.0,0.0,0.0,0.0,0.0,0.0,0.0,0.0,0.0,0.0,0.0,0.0,0.0,17.33127784729004,0.0,0.0,0.0,0.0,0.0,0.0,0.0,0.0,0.0,0.0,0.0,0.0,0.0,0.0,0.0,0.0,0.0,0.0,0.0,0.0,0.0,0.0,0.0,0.0,0.0,0.0,0.0,0.0,0.0,0.0,0.0,0.0,0.0,0.0,0.0,0.0,0.0,0.0,0.0,0.0,0.0,0.0,0.0,0.0,0.0,0.0,0.0,0.0,0.0,0.0,0.0,0.0,0.0,0.0,0.0,0.0,0.0,0.0,0.0,0.0,0.0,0.0,0.0,0.0,0.0,0.0,0.0,0.0,0.0,0.0,0.0,0.0,0.0,0.0,0.0,0.0,0.0,0.0,0.0,0.0,0.0,0.0,0.0,0.0,0.0,0.0,0.0,0.0,0.0,0.0,0.0,0.0,0.0,0.0,0.0,0.0,0.0,0.0,0.0,0.0,50.92170715332031,0.0,0.0,8.177034378051758,0.0,0.0,0.0,0.0,0.0,0.0,0.0,0.0,0.0,0.0,0.0,0.0,0.0,0.0,0.0,0.0,0.0,35.11433410644531,0.0,0.0,0.0,0.0,22.13881492614746,0.0,0.0,0.0,0.0,0.0,0.0,0.0,0.0,0.0,0.0,0.0,0.0,0.0,0.0,0.0,0.0,0.0,0.0,0.0,0.0,0.0,0.0,0.0,0.0,0.0,0.0,0.0,0.0,8.411154747009277,0.0,0.0,0.0,0.0,0.0,0.0,0.0,0.0,0.0,0.0,6.034046649932861,0.0,0.0,0.0,0.0,0.0,0.0,0.0,0.0,0.0,0.0,0.0,0.0,0.0,0.0,0.0,0.0,0.0,0.0,0.0,0.0,0.0,0.0,0.0,0.0,0.0,0.0,0.0,0.0,0.0,0.0,0.0,0.0,0.0,0.0,0.0,0.0,0.0,0.0,0.0,0.0,0.0,0.0,0.0,0.0,0.0,0.0,0.0,0.0,0.0,0.0,0.0,0.0,0.0,0.0,0.0,0.0,0.0,0.0,0.0,0.0,0.0,0.0,0.0,17.951519012451172,0.0,0.0,0.0,0.0,0.0,0.0,0.0,0.0,0.0,0.0,0.0,0.0,0.0,0.0,0.0,0.0,0.0,0.0,0.0,0.0,0.0,0.0,0.0,0.0,0.0,0.0,0.0,0.0,0.0,0.0,0.0,0.0,0.0,0.0,0.0,0.0,0.0,0.0,0.0,0.0,0.0,0.0,0.0,0.0,0.0,0.0,0.0,0.0,31.198312759399414,0.0,0.0,0.0,0.0,0.0,7.507778167724609,0.0,0.0,0.0,0.0,0.0,0.0,0.0,0.0,0.0,0.0,0.0,0.0,0.0,0.0,0.0,0.0,81.02298736572266,0.0,0.0,0.0,0.0,0.0,0.0,0.0,0.0,0.0,0.0,0.0,0.0,0.0,0.0,0.0,0.0,0.0,0.0,0.0,0.0,0.0,86.79380798339844,0.0,0.0,0.0,0.0,0.0,0.0,0.0,0.0,0.0,0.0,0.0,0.0,0.0,0.0,0.0,0.0,0.0,0.0,0.0,0.0,0.0,0.0,0.0,0.0,0.0,0.0,0.0,0.0,0.0,0.0,0.0,0.0,0.0,0.0,0.0,0.0,0.0,0.0,0.0,0.0,0.0,0.0,0.0,0.0,0.0,0.0,0.0,0.0,0.0,0.0,0.0,0.0,0.0,0.0,0.0,18.10226058959961,0.0,0.0,0.0,0.0,0.0,0.0,0.0,0.0,0.0,0.0,0.0,0.0,0.0,0.0,0.0,0.0,0.0,0.0,0.0,0.0,0.0,0.0,0.0,0.0,0.0,0.0,0.0,0.0,0.0,0.0,0.0,0.0,0.0,0.0,0.0,0.0,0.0,59.19729995727539,0.0,0.0,0.0,0.0,0.0,0.0,0.0,0.0,0.0,0.0,0.0,0.0,0.0,0.0,0.0,0.0,0.0,0.0,0.0,0.0,0.0,0.0,0.0,0.0,0.0,0.0,0.0,0.0,0.0,0.0,0.0,0.0,0.0,0.0,0.0,0.0,0.0,0.0,0.0,0.0,0.0,0.0,0.0,0.0,0.0,0.0,0.0,34.95725631713867,0.0,0.0,0.0,0.0,19.60613441467285,0.0,0.0,0.0,0.0,0.0,0.0,0.0,24.262977600097656,0.0,0.0,0.0,0.0,0.0,0.0,0.0,0.0,0.0,0.0,0.0,0.0,0.0,0.0,0.0,0.0,0.0,0.0,0.0,0.0,3.672769069671631,0.0,0.0,0.0,0.0,0.0,0.0,0.0,0.0,0.0,0.0,0.0,0.0,0.4828838109970093,0.0,0.0,0.0,0.0,0.0,0.0,0.0,0.0,0.0,0.0,0.0,0.0,0.0,0.0,0.0,0.0,0.0,0.0,0.0,0.0,0.0,0.0,0.0,0.0,0.0,0.0,0.0,0.0,0.0,0.0,0.0,2.7412009239196777,0.0,0.0,0.0,0.0,0.0,0.0,0.0,0.0,0.0,0.0,0.0,0.0,0.0,0.0,0.0,0.0,0.0,0.0,0.0,0.0,0.0,0.0,4.514500141143799,0.0,0.0,0.0,0.0,0.0,0.0,0.0,0.0,0.0,0.0,0.0,0.0,0.0,0.0,0.0,0.0,0.0,0.0,0.0,0.0,0.0,0.0,0.0,0.0,0.0,0.0,0.0,0.0,0.0,0.0,0.0,0.0,0.0,0.0,0.0,0.0,0.0,0.0,0.0,0.0,0.0,0.0,0.0,43.40642547607422,0.0,0.0,0.0,0.0,0.0,0.0,0.0,0.0,0.0,0.0,0.0,0.0,0.0,0.0,0.0,0.0,0.0,0.0,0.0,0.0,7.309443473815918,0.0,0.0,0.0,0.0,0.0,0.0,0.0,0.0,0.0,0.0,0.0,0.0,0.0,0.0,0.0,0.0,0.0,0.0,0.0,0.0,0.0,0.0,0.0,0.0,0.0,0.0,0.0,0.0,0.0,0.0,0.0,0.0,0.0,0.0,0.0,0.0,0.0,0.0,0.0,0.0,0.0,0.0,0.0,0.0,0.0,0.0,0.0,0.0,0.0,0.0,0.0,0.0,0.0,0.0,0.0,0.0,0.0,0.0,0.0,0.0,0.0,0.0,0.0,0.0,0.0,0.0,0.0,5.542255401611328,0.0,0.0,0.0,0.0,0.0,0.0,0.0,0.0,0.0,0.0,0.0,0.0,0.0,0.0,0.0,0.0,0.0,0.0,0.0,0.0,0.0,0.0,0.0,0.0,0.0,0.0,0.0,0.0,0.0,0.0,0.0,0.0,0.0,0.0,0.0,0.0,0.0,0.0,0.0,0.0,0.0,0.0,0.0,0.0,0.0,0.0,0.0,0.0,0.0,0.0,0.0,0.0,0.0,0.0,0.0,0.0,0.0,0.0,0.0,0.0,0.0,0.0,0.0,0.0,0.0,0.0,0.0,0.0,0.0,0.0,0.0,0.0,0.0,0.0,0.0,0.0,0.0,0.0,0.0,0.0,0.0,0.0,0.0,0.0,0.0,0.0,0.0,0.0,0.0,29.561660766601562,0.0,0.0,0.0,0.0,0.0,0.0,0.0,0.0,0.0,0.0,0.0,0.0,0.0,0.0,0.0,0.0,0.0,0.0,0.0,0.0,0.0,0.0,32.945587158203125,15.583431243896484,0.0,0.0,0.0,0.0,0.0,0.0,0.0,0.0,0.0,0.0,0.0,0.0,0.0,0.0,0.0,0.0,0.0,0.0,0.0,0.0,58.40198516845703,0.0,0.0,0.0,0.0,0.0,0.0,0.0,0.0,0.0,0.0,9.934967041015625,0.0,0.0,0.0,0.0,0.0,0.0,0.0,0.0,0.0,0.0,0.0,0.0,0.0,0.0,0.0,0.0,0.0,0.0,0.0,0.0,0.0,0.0,0.0,0.0,0.0,0.0,0.0,0.0,0.0,0.0,0.0,0.0,0.0,0.0,0.0,0.0,0.0,0.0,0.0,0.0,0.0,0.0,0.0,0.0,0.0,0.0,0.0,0.0,0.0,0.0,0.0,0.0,0.0,0.0,0.0,0.0,0.0,0.0,0.0,0.0,0.0,0.0,0.0,0.0,0.0,0.0,0.0,0.0,0.0,0.0,0.0,0.0,0.0,0.0,0.0,0.0,0.0,0.0,0.0,0.0,0.0,0.0,0.4221702218055725,0.0,0.0,0.0,0.0,0.0,0.0,0.0,0.0,0.0,0.0,0.0,0.0,0.0,0.0,0.0,0.0,0.0,0.0,0.0,0.0,0.0,0.0,0.0,0.0,0.0,0.0,0.0,0.0,0.0,0.0,0.0,0.0,0.0,0.0,0.0,0.0,0.0,0.0,0.0,0.0,0.0,0.0,0.0,0.0,0.0,0.0,0.0,0.0,0.0,0.0,0.0,0.0,8.388057708740234,0.0,0.0,0.0,0.0,0.0,0.0,0.0,0.0,0.0,0.0,0.0,0.0,0.0,0.0,0.0,0.0,0.0,0.0,0.0,0.0,0.0,0.0,0.0,30.433303833007812,0.0,0.0,0.0,0.0,9.7009916305542,0.0,0.0,0.0,0.0,0.0,0.0,0.0,0.0,0.0,0.0,0.0,0.0,0.0,0.0,0.0,0.0,0.0,0.0,0.0,0.0,0.0,0.0,0.0,0.0,0.0,0.0,0.0,0.0,0.0,0.0,0.0,0.0,0.0,0.0,0.0,0.0,0.0,0.0,0.0,0.0,0.0,0.0,0.0,0.0,0.0,0.0,0.0,0.0,0.0,0.0,0.0,0.0,0.0,0.0,0.0,0.0,0.0,0.0,0.0,0.0,0.0,0.0,0.0,0.0,0.0,0.0,0.0,0.0,0.0,0.0,0.0,0.0,0.0,0.0,0.0,0.0,0.0,0.0,0.0,0.0,3.581552028656006,0.0,0.0,0.0,0.0,0.0,0.0,0.0,0.0,0.0,0.0,0.0,0.0,0.0,0.0,0.0,0.0,0.0,0.0,0.0,0.0,0.0,0.0,0.0,0.0,0.0,0.0,0.0,0.0,0.0,0.0,0.04921822249889374,0.0,0.0,0.0,0.0,0.0,0.0,0.0,0.0,0.0,0.0,0.0,0.0,0.0,0.0,0.0,0.0,0.0,0.0,0.0,0.0,0.0,0.0,0.0,0.0,0.0,0.0,0.0,0.0,0.0,0.0,0.0,0.0,0.0,0.0,0.0,0.0,0.0,0.0,0.0,0.0,0.0,0.0,0.0,0.0,0.0,0.0,0.0,0.0,0.0,0.0,0.0,0.0,0.0,0.0,0.0,0.0,0.0,0.0,0.0,0.0,0.0,0.0,0.0,0.0,0.0,0.0,0.0,0.0,0.0,0.0,0.0,10.231836318969727,0.0,0.0,0.0,0.0,0.0,0.0,0.0,0.0,0.0,0.0,0.0,0.0,0.0,0.0,0.0,0.0,0.0,0.0,0.0,0.0,0.0,0.0,0.0,0.0,0.0,0.0,0.0,0.0,0.0,0.0,0.0,0.0,0.0,0.0,0.0,0.0,0.0,0.0,0.0,0.0,0.0,0.0,0.0,0.0,0.0,0.0,0.0,0.0,0.0,0.0,0.0,0.0,0.0,0.0,0.0,0.0,0.0,0.0,0.0,0.0,0.0,0.0,0.0,0.0,0.0,0.0,0.0,0.0,0.0,0.0,0.0,0.0,0.0,0.0,0.0,0.0,0.0,0.0,0.0,0.0,0.0,0.0,0.0,0.0,0.0,0.0,0.0,0.0,0.0,0.0,0.0,0.0,0.0,0.0,0.0,0.0,0.0,0.0,0.0,0.0,0.0,0.0,0.0,0.0,0.0,0.0,48.4349250793457,0.0,0.0,0.0,0.0,0.0,0.0,0.0,49.82691192626953,0.0,17.217288970947266,0.0,0.0,0.0,0.0,0.0,0.0,0.0,0.0,0.0,0.0,0.0,0.0,0.0,20.648252487182617,0.0,0.0,0.0,0.0,11.617393493652344,0.0,0.0,0.0,0.0,0.0,0.0,0.0,0.0,0.0,0.0,0.0,0.0,0.0,0.0,0.0,78.85982513427734,0.0,0.0,0.0,0.0,0.0,0.0,0.0,0.0,0.0,0.0,21.12902069091797,0.0,0.0,0.0,0.0,0.0,0.0,0.0,0.0,0.0,0.0,0.0,0.0,0.0,0.0,0.0,0.0,0.0,0.0,0.0,0.0,0.0,0.0,0.0,0.0,0.0,0.0,0.0,0.0,0.0,0.0,0.0,0.0,0.0,0.0,0.0,0.0,0.0,0.0,0.0,0.0,0.0,0.0,0.0,0.0,0.0,0.0,0.0,0.0,0.0,0.0,0.0,0.0,0.0,0.0,0.0,0.0,0.0,0.0,0.0,0.0,0.0,0.0,0.0,0.0,0.0,0.0,0.0,0.0,0.0,0.0,0.0,0.0,0.0,0.0,0.0,0.0,0.0,0.0,0.0,0.0,0.0,0.0,0.0,0.0,0.0,0.0,0.0,0.0,0.0,0.0,0.0,0.0,0.0,0.0,0.0,0.0,0.0,0.0,0.0,0.0,0.0,0.0,0.0,27.171524047851562,0.0,0.0,0.0,0.0,0.0,0.0,0.0,0.0,0.0,0.0,0.0,0.0,0.0,0.0,0.0,0.0,0.0,0.0,0.0,0.0,0.0,0.0,0.0,0.0,0.0,0.0,0.0,0.0,0.0,0.0,0.0,0.0,0.0,0.0,0.0,0.0,0.0,0.0,0.0,0.0,0.0,0.0,0.0,0.0,0.0,0.0,0.0,0.0,0.0,0.0,0.0,0.0,13.858490943908691,0.0,0.0,65.58503723144531,0.0,0.0,0.0,0.0,13.513395309448242,0.0,0.0,0.0,0.0,0.0,0.0,0.0,0.0,0.0,0.0,0.0,0.0,0.0,0.0,0.0,0.0,0.0,0.0,0.0,0.0,0.0,0.0,0.0,0.0,0.0,0.0,0.0,0.0,0.0,0.0,0.0,0.0,0.0,0.0,0.0,0.0,0.0,0.0,0.0,0.0,0.0,0.0,0.0,0.0,0.0,0.0,0.0,0.0,0.0,0.0,0.0,0.0,0.0,0.0,0.0,0.0,0.0,0.0,0.0,0.0,2.484602689743042,0.0,0.0,0.0,0.0,0.0,0.0,0.0,0.0,0.0,0.0,0.0,0.0,0.0,0.0,0.0,0.0,0.0,22.63478660583496,18.42677879333496,0.0,7.993649959564209,0.0,0.0,0.0,0.0,0.0,0.0,0.0,0.0,0.0,0.0,19.024944305419922,0.0,0.0,0.0,0.0,0.0,0.0,0.0,0.0,0.0,1.4355567693710327,0.0,0.0,0.0,0.0,0.0,0.0,0.0,0.0,0.0,0.0,0.0,0.0,0.0,0.0,2.853069305419922,3.059915781021118,0.0,0.0,0.0,0.0,0.0,0.0,0.0,0.0,0.0,0.0,0.0,0.0,0.0,0.0,0.0,0.0,0.0,0.0,0.0,0.0,0.0,0.0,0.0,0.0,0.0,0.0,27.791240692138672,0.0,0.0,0.0,0.0,0.0,0.0,0.0,0.0,0.0,1.1953864097595215,0.0,20.51808738708496,0.0,0.0,0.0,0.0,0.0,0.0,0.0,0.0,0.0,0.0,0.0,0.0,0.0,0.0,0.0,0.0,0.0,1.1355128288269043,0.0,0.0,0.0,0.0,1.8844937086105347,0.0,0.0,17.203353881835938,0.0,0.0,3.3031930923461914,0.0,0.0,0.0,0.0,4.638589382171631,0.0,0.0,0.0,0.0,0.0,0.0,0.0,0.9710062742233276,0.0,0.0,0.0,0.0,0.0,0.0,12.828940391540527,0.0,0.0,0.0,0.0,0.0,0.0,0.0,0.0,0.0,0.0,2.442113161087036,0.0,0.0,0.0,0.0,0.0,0.0,0.0,0.0,0.0,0.0,0.0,0.0,0.0,0.0,6.109873294830322,0.0,0.0,0.0,0.0,0.0,0.0,0.0,0.0,0.0,0.0,0.0,0.0,0.0,0.0,0.0,0.0,0.0,0.0,0.0,0.0,0.0,0.0,0.0,0.0,5.06065559387207,0.0,0.0,0.0,0.0,0.0,0.0,0.0,0.0,0.0,0.0,10.1556978225708,0.0,0.0,0.0,0.0,0.0,0.0,0.0,0.0,0.0,0.0,0.0,0.0,0.0,0.0,0.0,0.0,0.0,0.0,0.0,0.0,0.0,19.883920669555664,0.0,0.0,0.0,0.0,0.0,0.0,0.0,44.22904968261719,0.0,7.981239318847656,0.0,0.0,0.0,0.0,7.2647857666015625,0.0,0.0,0.0,0.0,0.0,0.0,0.0,4.693676471710205,4.687755107879639,0.0,0.0,0.0,0.0,33.233184814453125,0.0,0.0,0.0,0.0,0.0,0.0,0.0,0.0,0.0,0.0,0.0,0.0,0.0,0.0,0.0,34.776893615722656,0.0,5.20338249206543,0.0,0.0,0.0,3.2916243076324463,0.0,0.0,0.0,0.0,0.0,0.0,0.0,0.0,0.0,0.0,0.0,0.0,0.0,0.0,0.0,5.84757137298584,0.0,0.0,0.0,0.0,0.0,7.892706871032715,7.114391803741455,17.370433807373047,0.0,0.0,0.0,23.463769912719727,0.0,0.0,0.0,0.0,0.0,0.0,0.0,0.0,0.0,0.0,0.0,0.0,0.0,0.0,0.0,0.0,0.0,0.0,0.0,0.0,0.0,20.07906723022461,0.0,0.0,0.0,0.0,0.0,0.0,0.0,0.0,0.0,0.0,0.0,0.0,0.0,0.0,0.0,0.0,0.0,0.0,0.0,0.0,0.0,0.001181870698928833,0.0,0.0,0.0,0.0,39.19728088378906,0.0,0.0,6.678794860839844,0.0,0.0,0.0,0.0,0.0,6.219188690185547,0.0,0.0,0.0,0.0,7.932175159454346,0.0,0.0,0.0,3.232006549835205,0.0,0.0,0.0,0.0,12.959388732910156,0.0,0.0,15.493617057800293,9.700597763061523,0.0,0.0,0.0,0.0,28.04940414428711,0.0,0.0,0.0,0.0,0.0,0.0,0.0,0.0,0.0,0.0,0.0,0.0,0.0,6.801693439483643,14.329699516296387,0.0,0.0,0.0,32.74477767944336,1.4383256435394287,0.0,0.0,0.0,9.291287422180176,0.0,0.0,1.1151058673858643,0.0,4.139462947845459,0.0,0.0,0.0,0.0,0.0,0.0,0.0,0.0,0.0,0.0,0.0,0.0,0.0,0.0,0.0,2.7608532905578613,0.0,21.943071365356445,0.0,12.498740196228027,0.0,0.0,0.0,0.0,0.0,0.0,37.82578659057617,0.0,0.0,0.0,0.0,7.1329803466796875,0.0,0.0,0.0,0.0,0.0,8.135294914245605,0.0,0.0,27.281251907348633,0.0,0.0,0.0,10.21872615814209,0.0,0.0,0.0,0.0,0.0,0.0,0.0,0.0,0.0,0.0,0.0,0.0,0.0,0.0,0.0,0.0,0.0,0.0,0.0,0.0,0.0,0.0,0.0,0.0,0.0,0.0,0.0,0.0,0.0,0.0,12.916155815124512,0.0,0.0,0.0,0.0,0.0,2.352267026901245,0.0,0.0,0.0,0.0,0.0,0.0,0.0,0.0,0.0,0.0,0.0,0.0,0.0,0.0,0.0,0.0,0.0,0.0,0.0,0.0,0.0,0.0,0.0,0.0,0.0,0.0,0.0,0.0,0.0,0.0,0.0,0.0,0.0,0.0,0.0,0.0,0.0,20.520051956176758,0.0,0.0,2.787675142288208,0.0,0.0,0.0,0.0,0.0,0.0,0.0,0.0,0.0,0.0,0.0,0.0,0.0,0.0,0.0,0.0,0.0,0.0,0.0,0.0,0.0,0.0,0.0,0.0,0.0,0.0,0.0,0.0,0.0,0.0,0.0,0.0,0.0,0.0,0.0,11.204151153564453,0.0,0.0,0.0,0.0,0.0,0.0,0.0,0.0,0.0,0.0,0.0,0.0,0.0,0.0,0.0,0.0,0.0,0.0,0.0,0.0,0.0,0.0,0.0,0.0,0.0,0.0,0.0,0.0,0.0,0.0,0.0,2.7190778255462646,0.0,0.0,0.0,0.0,0.0,0.0,0.0,0.0,0.0,0.0,0.0,0.0,0.0,0.0,0.0,0.0,0.0,0.0,0.0,0.0,0.0,0.0,0.0,0.0,39.6609992980957,0.0,0.0,0.0,0.0,0.1582707166671753,0.0,0.0,0.0,0.0,13.686047554016113,0.0,0.0,0.0,0.0,0.0,0.0,0.0,30.570093154907227,0.0,0.0,0.0,0.0,0.0,0.0,0.0,0.0,0.0,0.0,0.0,0.0,0.0,0.0,0.0,0.0,0.0,0.0,0.0,26.59790802001953,0.0,0.0,0.0,0.0,0.0,0.0,0.0,0.0,0.0,0.0,0.0,5.0102858543396,1.8883118629455566,0.0,0.0,0.0,0.0,0.0,0.0,0.0,0.0,16.58598518371582,0.0,0.0,0.0,0.0,0.0,0.0,7.8156280517578125,0.0,0.0,0.0,0.0,0.0,0.0,0.0,0.0,0.0,0.0,0.0,0.0,24.338586807250977,0.0,0.0,0.0,0.0,0.0,0.0,0.0,0.0,0.0,0.0,0.0,0.0,0.0,0.0,0.0,0.0,0.0,0.0,0.0,0.0,0.0,3.4499258995056152,0.0,0.0,0.0,0.0,0.0,11.63050651550293,0.0,0.0,27.517614364624023,0.0,0.0,0.0,0.0,0.0,0.0,0.0,0.0,0.0,0.0,0.0,0.0,0.0,0.0,0.0,0.0,0.0,0.0,0.0,0.0,0.0,0.0,0.0,0.0,0.0,1.7238138914108276,0.0,0.0,0.0,0.0,0.0,0.0,0.0,0.0,0.0,0.0,0.0,0.0,0.0,0.0,0.0,0.0,0.0,0.0,0.0,0.0,0.0,0.0,0.0,0.0,0.0,7.247572422027588,0.0,0.0,0.0,0.0,2.863222599029541,0.0,0.0,0.0,0.0,0.0,0.0,0.0,0.0,0.0,0.0,0.0,0.0,0.0,0.0,0.0,0.0,6.741875648498535,0.0,0.0,0.0,0.0,0.0,0.0,0.0,0.0,0.0,0.0,0.0,0.0,0.0,0.0,0.0,0.0,34.504730224609375,0.0,0.0,0.0,0.0,0.0,33.88777542114258,0.0,0.0,0.0,0.0,0.0,0.0,0.0,0.0,0.0,0.0,0.0,0.0,0.0,0.0,0.0,0.0,0.0,0.0,0.0,0.0,0.0,0.0,0.0,0.0,0.0,0.0,0.0,0.0,0.0,0.0,0.0,0.0,0.0,0.0,0.0,0.0,0.0,0.0,0.0,0.0,0.0,0.0,0.0,0.0,0.0,0.0,0.0,0.0,0.0,18.040502548217773,0.0,0.0,13.210087776184082,0.0,0.0,0.0,0.0,0.0,0.0,0.0,71.57967376708984,0.0,0.0,0.0,0.0,0.0,0.0,0.0,0.0,0.0,0.0,0.0,0.0,0.0,0.0,0.0,0.0,0.0,0.0,0.0,6.890883445739746,0.0,0.0,0.0,0.0,0.0,0.0,0.0,0.0,0.0,0.0,0.0,0.0,0.0,0.0,0.0,0.0,0.0,0.0,0.0,0.0,0.0,0.0,0.0,0.0,0.0,0.0,0.0,0.0,0.0,0.0,0.0,0.0,0.0,0.0,0.0,0.0,0.0,0.0,0.0,0.0,0.0,0.0,0.0,0.0,0.0,0.0,0.0,0.0,0.0,0.0,0.0,0.0,0.0,2.5065560340881348,3.7193145751953125,0.0,0.0,0.0,0.0,0.0,0.0,6.526090621948242,0.0,0.0,0.0,0.0,0.0,0.0,0.0,0.0,0.0,0.0,0.0,0.0,0.0,0.0,0.0,18.304141998291016,0.0,0.0,0.0,0.0,0.0,0.0,0.0,0.0,0.0,0.0,0.0,0.0,0.0,0.0,0.0,0.0,0.0,0.0,0.0,0.0,0.0,0.4402514100074768,0.0,0.0,0.0,0.0,0.0,0.0,0.0,11.810930252075195,11.896215438842773,0.0,0.0,0.0,0.0,0.0,0.0,0.0,0.0,0.0,0.0,25.07991600036621,0.0,19.135143280029297,0.0,0.0,0.0,0.0,0.0,0.0,0.0,0.0,0.0,0.0,0.0,0.0,0.0,0.0,0.0,0.0,0.0,0.0,0.0,34.71687316894531,0.0,0.0,0.0,0.0,0.0,0.0,0.0,0.0,0.0,0.0,0.0,0.0,0.0,0.0,0.0,0.0,0.0,0.0,0.0,0.40905821323394775,0.0,0.0,7.296368598937988,32.803157806396484,0.0,0.0,0.0,0.0,0.0,0.0,0.0,0.0,0.0,0.0,0.0,0.0,0.0,0.0,0.0,0.0,0.0,0.0,0.0,0.0,0.0,0.0,0.0,0.0,0.0,0.0,0.0,0.0,0.0,0.0,0.0,0.0,0.0,0.0,0.0,0.0,0.0,0.0,0.0,0.0,0.0,0.0,0.0,0.0,0.0,0.0,0.0,0.0,0.0,0.0,0.0,0.0,0.0,0.0,0.0,0.0,30.86626625061035,0.0,0.0,0.0,0.0,0.0,10.237635612487793,0.0,0.0,0.0,0.0,0.0,0.0,0.0,0.0,0.0,0.0,0.0,25.92578887939453,0.0,0.0,0.0,0.0,0.0,0.0,0.0,0.0,0.0,0.0,0.0,0.0,0.0,0.0,0.0,0.0,0.0,0.0,0.0,6.359533309936523,0.0,8.28132438659668,0.0,2.1188578605651855,0.0,8.070547103881836,0.0,0.0,0.0,0.0,0.0,0.0,14.061779975891113,0.0,0.0,0.0,0.0,6.883487701416016,0.0,0.0,0.0,0.0,0.0,0.0,0.0,0.0,0.0,0.0,3.666558265686035,0.0,0.0,0.0,0.0,1.6992359161376953,0.0,0.0,0.0,0.0,0.0,0.0,6.557002544403076,37.92593002319336,0.0,0.0,5.242691516876221,0.0,0.0,0.0,0.0,0.0,0.0,0.0,0.0,0.0,0.0,0.0,0.0,0.0,0.0,0.0,0.0,0.0,0.0,0.0,0.0,0.0,0.0,0.0,19.02791976928711,0.0,0.0,0.0,16.414165496826172,0.0,0.0,0.0,5.159562110900879,0.0,0.0,0.0,0.0,0.0,0.0,0.0,0.0,0.0,0.0,0.0,0.0,0.0,0.0,0.0,0.0,0.0,0.0,0.0,0.0,0.0,0.0,0.0,0.0,0.0,0.0,0.0,0.0,0.0,0.0,0.0,0.0,0.0,0.0,0.0,0.0,83.08992767333984,0.0,0.0,0.0,0.0,0.0,2.986809015274048,1.5968912839889526,0.0,1.8600616455078125,11.179224967956543,0.0,0.0,0.0,0.0,0.0,0.0,0.0,0.0,0.0,0.0,0.0,0.0,0.0,0.0,0.0,5.757917881011963,10.418277740478516,0.0,0.0,0.0,0.0,0.0,27.298126220703125,0.0,0.0,0.0,0.0,0.0,0.0,0.0,0.0,0.0,0.0,0.0,0.0,0.0,0.0,0.0,0.0,6.618595123291016,0.0,0.0,0.0,18.502628326416016,0.0,23.295917510986328,0.0,0.0,0.0,0.0,0.0,0.0,0.0,0.0,0.0,0.0,0.0,0.0,0.0,0.0,0.0,0.0,0.0,0.0,0.0,0.0,0.0,8.102819442749023,0.0,0.0,0.0,0.0,0.0,0.0,0.0,0.0,0.0,0.0,0.0,0.0,8.051338195800781,0.0,0.0,0.0,0.0,0.0,0.0,12.690810203552246,0.0,0.0,0.0,0.0,0.0,0.0,0.0,0.0,0.0,0.0,17.33743667602539,0.0,0.0,0.0,0.0,0.0,1.2637214660644531,0.0,18.95826530456543,0.0,0.0,0.0,0.0,0.0,0.0,0.0,0.0,0.0,0.0,0.0,0.0,0.0,0.0,0.0,0.0,0.0,0.0,0.0,18.816556930541992,0.0,0.0,0.0,0.0,0.0,0.0,0.0,0.0,1.5848146677017212,0.0,0.0,0.0,0.0,0.0,0.0,0.0,0.0,0.0,0.0,0.0,0.0,0.0,0.0,0.0,0.0,0.0,0.0,0.0,0.0,0.0,0.0,0.0,0.0,0.0,1.739345908164978,0.0,0.0,0.0,0.0,0.0,0.0,0.0,0.0,0.0,0.0,0.0,0.0,0.0,0.04198983311653137,0.0,0.0,0.0,0.0,0.0,0.0,0.0,0.0,0.0,0.0,0.0,0.0,15.647237777709961,0.0,0.0,0.0,0.0,6.340278625488281,0.0,0.0,0.0,0.0,0.0,0.0,0.0,0.0,0.0,0.0,6.9303693771362305,0.0,0.0,0.0,0.0,0.0,0.0,0.0,0.0,0.0,0.0,0.0,0.0,0.0,0.0,5.7559051513671875,0.0,0.0,0.0,3.4463143348693848,0.0,0.0,7.994689464569092,0.0,0.0,0.0,0.0,0.0,0.0,0.0,20.730968475341797,0.0,0.0,0.0,0.0,0.0,0.0,0.0,0.0,0.0,0.0,2.9854354858398438,45.66072463989258,0.0,16.723491668701172,0.0,0.0,0.0,0.0,0.0,0.0,0.0,0.0,0.0,0.0,0.8158836364746094,0.0,0.0,0.0,0.0,0.0,0.0,0.0,0.0,19.199861526489258,0.0,0.0,0.0,0.0,0.0,0.0,0.0,0.0,0.0,0.0,0.0,0.0,0.0,0.0,0.0,0.0,0.0,0.0,0.0,0.0,0.0,0.0,0.0,0.0,0.0,0.0,0.0,0.0,0.0,0.0,0.0,0.0,0.0,0.0,0.0,0.0,0.0,0.0,0.0,0.0,0.0,0.0,0.0,0.0,0.0,0.0,0.0,0.0,0.0,0.0,0.0,0.0,0.0,0.0,0.0,0.0,0.0,0.0,0.0,0.0,0.0,0.0,0.0,0.0,16.120080947875977,0.0,0.0,0.0,0.0,0.0,0.0,0.0,0.0,0.0,0.0,0.0,0.0,0.0,0.0,0.0,10.584320068359375,0.0,0.0,2.9049806594848633,0.0,0.0,0.0,0.0,0.0,0.0,0.0,0.0,0.0,0.0,0.0,0.0,0.0,0.0,0.0,0.0,0.0,0.0,0.0,0.0,0.0,0.0,0.0,0.0,0.0,0.0,0.0,0.0,0.0,0.0,0.0,0.0,0.0,0.0,0.0,0.0,1.433550477027893,0.0,0.0,0.0,24.721940994262695,0.0,0.0,0.0,0.0,0.0,0.0,0.0,0.0,0.0,0.0,0.0,0.0,0.0,0.0,0.0,0.0,0.0,0.0,0.0,0.0,0.0,0.0,0.0,0.0,0.0,0.0,0.0,0.0,0.0,0.0,0.0,0.0,0.0,0.0,0.0,17.265626907348633,0.0,0.0,0.0,0.0,0.0,0.0,0.0,0.0,0.0,0.0,0.0,0.0,0.0,0.0,0.0,0.0,0.0,0.0,0.0,0.0,0.0,0.0,0.0,0.0,0.0,0.0,61.173248291015625,0.0,0.0,0.0,14.887847900390625,0.0,0.0,6.780709743499756,10.553510665893555,0.0,0.0,0.0,0.0,0.0,0.0,0.0,0.0,0.0,0.0,0.0,0.0,0.0,0.0,6.435904502868652,0.0,0.0,0.0,0.0,0.0,3.0603318214416504,0.0,0.0,0.0,0.0,0.0,0.0,0.0,0.0,0.0,0.0,0.0,0.0,0.0,0.0,0.0,120.5982437133789,0.0,0.0,0.0,0.0,0.0,0.0,0.0,0.0,0.0,0.0,0.0,0.0,0.0,0.0,0.0,0.0,0.0,0.0,0.0,0.0,0.0,0.0,0.0,0.0,0.0,0.0,21.26025390625,0.0,0.0,0.0,0.0,0.0,17.665903091430664,0.0,0.0,0.0,0.0,0.0,0.0,0.0,0.0,0.0,0.0,0.0,0.0,0.0,0.0,0.0,0.0,18.131052017211914,0.0,0.0,0.0,5.366231441497803,0.0,10.795892715454102,0.0,0.0,0.0,0.0,0.0,0.0,0.0,0.0,0.0,0.0,0.0,0.0,0.0,0.0,0.0,0.0,0.0,0.0,0.0,0.0,0.0,0.0,0.0,0.0,0.0,0.0,0.0,0.0,0.0,0.0,0.0,0.0,0.0,0.0,0.0,0.0,0.0,0.0,0.0,0.0,28.212528228759766,17.32516098022461,0.0,0.0,0.0,0.0,0.0,0.0,0.0,0.0,0.0,0.0,22.37615966796875,0.0,0.0,0.0,0.0,0.0,16.567232131958008,0.0,0.0,0.0,0.0,0.0,0.0,0.0,0.0,0.0,0.0,0.0,0.0,0.0,0.0,0.0,0.0,0.0,0.0,0.0,0.0,0.0,0.0,0.0,0.0,0.0,0.0,4.496168613433838,0.0,0.0,0.0,1.9400380849838257,0.0,0.0,0.0,0.0,0.0,0.0,0.0,0.0,0.0,0.0,0.0,0.0,0.0,0.0,0.0,0.0,0.0,0.0,0.0,0.0,0.0,0.0,0.0,0.0,17.00482940673828,0.0,0.0,0.0,0.0,13.735483169555664,0.0,0.0,0.0,0.0,0.0,0.0,0.0,0.0,0.0,0.0,9.343781471252441,0.0,0.0,0.0,0.0,0.0,0.0,0.0,0.0,0.0,0.0,0.0,0.0,0.0,0.0,0.0,0.0,10.233441352844238,0.0,0.0,0.0,0.0,0.0,0.0,0.0,0.0,0.0,0.0,0.0,0.0,0.0,0.0,0.0,0.0,11.140932083129883,0.0,0.0,0.0,0.0,0.0,0.0,0.0,0.0,0.0,0.0,0.0,0.0,0.0,0.0,0.0,18.637344360351562,0.0,0.0,0.0,0.0,0.0,0.0,1.5799224376678467,0.0,0.0,0.0,0.0,0.0,0.0,0.0,0.0,0.0,0.0,0.0,0.0,18.774494171142578,0.0,0.0,0.0,0.0,0.0,0.0,0.0,0.0,0.0,0.0,0.0,0.0,0.0,0.0,0.0,0.0,0.0,0.0,0.0,0.0,0.0,0.0,0.0,0.0,0.0,0.0,0.0,0.0,0.0,0.0,0.0,0.0,0.0,0.0,0.0,0.0,0.0,0.0,0.0,0.0,0.0,0.0,0.8369266986846924,0.0,0.0,0.0,0.0,0.0,0.0,0.0,0.0,0.0,0.0,0.0,0.0,0.0,0.0,0.0,0.0,0.0,0.0,0.0,0.0,0.0,0.0,0.0,1.0414267778396606,0.0,0.0,0.0,0.0,0.0,0.0,0.0,0.0,0.0,0.0,0.0,0.0,0.0,0.0,0.0,0.0,0.0,0.0,0.0,3.5142617225646973,0.0,0.0,0.0,0.0,0.0,0.0,0.0,0.0,0.0,0.0,0.0,0.0,0.0,0.0,0.0,0.0,0.0,0.0,23.13090705871582,0.0,0.0,0.0,0.0,0.0,0.0,0.0,0.0,0.0,0.0,0.0,0.0,0.0,0.0,0.0,0.0,0.0,0.0,0.0,0.0,0.0,0.0,0.0,0.0,0.0,0.0,0.0,0.0,0.0,0.0,0.0,0.0,0.0,0.0,0.0,0.0,0.0,0.0,0.0,0.0,29.931310653686523,0.0,0.0,0.0,0.0,0.0,0.0,0.0,0.0,0.0,0.0,0.0,0.0,0.0,0.0,0.0,0.0,0.0,0.0,0.0,0.0,0.0,0.0,0.0,0.0,0.0,0.0,0.0,0.0,0.0,0.0,0.0,0.0,0.0,0.0,0.0,0.0,0.0,0.0,0.0,0.0,0.0,0.0,0.0,0.0,0.0,0.0,0.0,0.0,0.0,0.0,0.0,0.0,0.0,0.0,0.0,0.0,0.0,0.0,0.0,0.0,0.0,0.0,50.21715545654297,0.0,0.0,0.0,15.129395484924316,0.0,0.0,0.0,11.102871894836426,0.0,0.0,0.0,0.0,0.0,0.0,0.0,0.0,0.0,0.0,0.0,0.0,0.0,0.0,0.0,0.0,0.0,0.0,0.0,0.0,0.0,0.0,0.0,0.0,0.0,0.0,0.0,0.0,0.0,0.0,0.0,0.0,0.0,0.0,0.0,0.0,69.58785247802734,0.0,0.0,0.0,0.0,0.0,0.0,0.0,0.0,0.0,0.0,0.0,0.0,0.0,0.0,0.0,0.0,0.0,0.0,0.0,0.0,0.0,0.0,0.0,0.0,0.0,0.0,0.0,0.0,0.0,0.0,0.0,0.0,0.0,0.0,0.0,0.0,0.0,0.0,0.0,0.0,0.0,0.0,0.0,0.0,0.0,0.0,0.0,0.0,0.0,4.970468997955322,0.0,0.0,0.0,0.0,0.0,0.0,0.0,0.0,0.0,0.0,0.0,0.0,0.0,0.0,0.0,0.0,0.0,0.0,0.0,0.0,0.0,0.0,0.0,0.0,0.0,0.0,0.0,0.0,0.0,0.0,0.0,0.0,0.0,0.0,0.0,0.0,0.0,0.0,0.0,0.0,0.0,0.0,0.0,15.272176742553711,0.0,0.0,27.68729591369629,14.575023651123047,0.0,0.0,0.0,0.0,0.0,0.0,0.0,0.0,0.0,0.0,23.746368408203125,0.0,0.0,0.0,0.0,0.0,22.11067771911621,0.0,0.0,0.0,0.0,0.0,0.0,0.0,0.0,0.0,0.0,0.0,0.0,0.0,0.0,0.0,0.0,0.0,0.0,0.0,0.0,0.0,0.0,0.0,0.0,0.0,0.0,3.575701951980591,0.0,0.0,0.0,0.0,0.0,0.0,0.0,0.0,0.0,0.0,0.0,0.0,0.0,0.0,0.0,0.0,0.0,0.0,0.0,0.0,0.0,0.0,0.0,0.0,0.0,0.0,0.0,0.0,0.0,0.0,0.0,0.0,0.0,25.230056762695312,0.0,0.0,0.0,0.0,0.0,0.0,0.0,0.0,0.0,0.0,1.2743173837661743,0.0,0.0,0.0,0.0,0.0,0.0,0.0,0.0,0.0,0.0,0.0,0.0,0.0,0.0,0.0,0.0,0.0,0.0,0.0,0.0,0.0,0.0,0.0,0.0,0.0,0.0,0.0,0.0,0.0,12.60306453704834,0.0,0.0,0.0,20.524015426635742,0.0,0.0,0.0,0.0,0.0,0.0,0.0,0.0,0.0,0.0,0.0,0.0,0.0,0.0,0.0,31.31495475769043,0.0,0.0,0.0,0.0,0.0,0.0,0.0,0.0,0.0,0.0,0.0,0.0,0.0,0.0,0.0,0.0,0.0,0.0,0.0,0.0,0.0,0.0,0.0,0.0,0.0,0.0,0.0,0.0,0.0,0.0,10.83059310913086,0.0,0.0,0.0,0.0,0.0,0.0,0.0,0.0,0.0,0.0,0.0,0.0,0.0,0.0,0.0,0.0,0.0,0.0,0.0,0.0,0.0,0.0,0.0,0.0,0.0,0.0,0.0,0.0,0.0,0.0,0.0,0.0,0.0,0.0,0.0,0.0,0.0,0.0,0.0,0.0,0.0,0.0,0.0,0.0,0.0,0.0,0.0,0.0,0.0,0.0,0.0,0.0,0.0,0.0,0.0,0.0,0.0,0.0,0.0,0.0,0.0,0.0,0.0,0.0,0.0,1.128921389579773,0.0,0.0,0.0,0.0,0.0,0.0,0.0,0.0,0.0,0.0,0.0,0.0,0.0,0.0,0.0,0.0,0.0,0.0,6.770887851715088,0.0,0.0,0.0,0.0,0.0,0.0,10.73420238494873,0.0,0.0,38.44425964355469,0.0,0.0,0.0,0.0,0.0,0.0,0.0,0.0,0.0,0.0,0.0,0.0,0.0,0.0,0.0,0.0,0.0,0.0,0.0,0.0,0.0,0.0,0.0,0.0,0.0,0.0,0.0,0.0,0.0,0.0,0.0,0.0,0.0,0.0,0.0,0.0,0.0,0.0,0.0,0.0,15.276384353637695,0.0,0.0,0.0,0.0,0.0,0.0,0.0,0.0,0.0,0.0,0.0,0.0,0.0,0.0,0.0,0.0,0.0,0.0,0.0,0.0,0.0,0.0,0.0,0.0,0.0,0.0,0.0,0.0,0.0,0.0,0.0,0.0,0.0,0.0,0.0,2.2764556407928467,0.0,0.0,0.0,0.0,0.0,0.0,0.0,0.0,0.0,0.0,0.0,0.0,0.0,0.0,0.0,0.0,0.0,0.0,0.0,0.0,0.0,0.0,0.0,0.0,0.0,0.0,22.2117977142334,0.0,0.0,0.0,4.700592517852783,0.0,0.0,0.0,12.981679916381836,0.0,0.0,0.0,0.0,0.0,0.0,0.0,0.0,0.0,0.0,0.0,0.0,0.0,0.0,0.0,0.0,0.0,0.0,0.0,0.0,0.0,0.0,0.0,0.0,0.0,0.0,0.0,0.0,0.0,0.0,0.0,0.0,0.0,0.0,0.0,0.0,37.72470474243164,0.0,0.0,0.0,0.0,0.0,0.0,0.0,0.0,0.0,0.0,0.0,0.0,0.0,0.0,0.0,0.0,0.0,0.0,0.0,0.0,0.0,0.0,0.0,0.0,0.0,0.0,0.0,0.0,0.0,0.0,0.0,0.0,0.0,0.0,0.0,0.0,0.0,0.0,0.0,0.0,0.0,0.0,0.0,0.0,0.0,0.0,0.0,0.0,0.0,2.9427871704101562,0.0,0.0,0.0,0.0,0.0,0.0,0.0,0.0,0.0,0.0,0.0,0.0,0.0,0.0,0.0,0.0,0.0,0.0,0.0,0.0,0.0,0.0,0.0,0.0,0.0,0.0,0.0,0.0,0.0,0.0,0.0,0.0,0.0,0.0,0.0,0.0,0.0,0.0,0.0,0.0,0.0,0.0,0.0,0.0,0.0,0.0,37.78398513793945,0.0,0.0,0.0,0.0,0.0,0.0,0.0,0.0,0.0,0.0,0.0,24.09581756591797,0.0,0.0,0.0,0.0,0.0,17.11213493347168,0.0,0.0,0.0,0.0,0.0,0.0,0.0,0.0,0.0,0.0,0.0,0.0,0.0,0.0,0.0,0.0,0.0,0.0,0.0,0.0,0.0,0.0,0.0,0.0,0.0,0.0,0.0,0.0,0.0,0.0,0.0,0.0,0.0,0.0,0.0,0.0,0.0,0.0,0.0,0.0,0.0,0.0,0.0,0.0,0.0,0.0,0.0,0.0,0.0,0.0,0.0,0.0,0.37408608198165894,0.0,0.0,0.0,0.0,0.0,0.0,0.0,27.509458541870117,0.0,0.0,0.0,0.0,0.0,0.0,0.0,0.0,0.0,0.0,0.0,0.0,0.0,0.0,0.0,0.0,0.0,0.0,0.0,0.0,0.0,0.0,0.0,0.0,0.0,0.0,0.0,0.0,0.0,0.0,0.0,0.0,0.0,0.0,0.0,0.0,0.0,0.0,0.0,0.0,13.079187393188477,0.0,0.0,0.0,9.151443481445312,0.0,0.0,0.0,0.0,0.0,0.0,0.0,0.0,0.0,0.0,0.0,0.0,0.0,0.0,0.0,32.68387222290039,0.0,0.0,0.0,0.0,0.0,0.0,0.0,0.0,0.0,0.0,0.0,0.0,0.0,0.0,0.0,0.0,0.0,0.0,0.0,0.0,0.0,9.63377571105957,6.366874694824219,0.0,0.0,0.0,0.0,0.0,0.0,0.0,4.21058988571167,0.0,0.0,0.0,0.0,0.0,0.0,0.0,0.0,0.0,0.0,3.912047863006592,0.0,0.0,0.0,2.649648427963257,0.0,0.0,0.0,0.0,0.0,0.0,0.0,0.0,0.0,0.0,0.0,0.0,0.0,0.0,0.0,0.0,0.0,0.0,0.0,0.0,0.0,0.0,0.0,0.0,0.0,0.0,0.0,0.0,0.0,0.0,0.0,0.0,0.0,0.0,0.0,0.0,0.0,0.0,0.0,0.0,0.0,0.0,0.0,0.0,0.0,0.0,0.0,0.0,0.0,0.0,12.815850257873535,0.0,0.0,0.0,0.0,0.0,0.0,0.0,0.0,0.0,8.077882766723633,0.0,0.0,0.0,0.0,0.0,0.0,0.0,0.0,15.342474937438965,0.0,0.0,0.0,0.0,0.0,0.0,35.4941291809082,0.0,0.0,51.642250061035156,0.0,0.0,0.0,0.0,0.0,0.0,0.0,0.41794392466545105,0.0,0.0,0.0,0.0,0.0,0.0,0.0,0.0,0.0,0.0,0.0,19.87274932861328,0.0,0.0,0.0,0.0,0.0,0.0,0.0,0.0,0.0,0.0,0.0,0.0,0.0,0.0,0.0,0.0,0.0,0.0,0.0,0.0,0.0,0.0,0.0,0.0,0.0,0.0,0.0,0.0,0.0,0.0,0.0,0.0,0.0,0.0,0.0,0.0,0.0,0.0,0.0,0.0,0.0,0.0,0.0,0.0,0.0,0.0,0.0,0.0,0.0,0.0,0.0,0.0,0.0,0.0,0.0,0.0,7.274966716766357,0.0,0.0,0.0,0.0,1.3868300914764404,0.0,0.0,0.0,0.0,0.0,0.0,0.0,0.0,0.0,0.0,0.0,0.0,0.0,0.0,0.0,0.0,0.0,0.0,17.038246154785156,0.0,0.0,28.68973159790039,0.0,0.0,0.0,9.131678581237793,0.0,0.0,13.016430854797363,47.36812973022461,0.0,4.5302557945251465,0.0,0.0,0.0,0.0,0.0,0.0,0.0,0.0,0.0,0.0,0.0,0.0,0.0,0.0,0.0,0.0,0.0,0.0,13.963396072387695,0.0,0.0,0.0,0.0,0.0,0.0,0.0,0.0,0.0,0.0,0.0,0.0,0.0,0.0,0.0,70.40763092041016,0.0,16.309921264648438,0.0,0.0,0.0,0.0,0.0,0.0,0.0,0.0,0.0,0.0,0.0,0.0,0.0,0.0,0.0,0.0,0.0,0.0,0.0,0.0,0.0,0.0,0.0,0.0,2.5859971046447754,0.0,0.0,0.0,0.0,0.0,46.5489616394043,0.0,0.0,0.0,0.0,0.0,0.0,0.0,0.0,0.0,0.0,0.0,0.0,0.0,0.0,0.0,0.0,15.443486213684082,0.0,0.0,0.0,0.0,0.0,9.788901329040527,0.0,0.0,0.0,0.0,0.0,0.0,0.0,0.0,0.0,0.0,0.0,0.0,0.0,0.0,0.0,0.0,0.0,0.0,0.0,0.0,0.0,0.0,0.0,0.0,0.0,0.0,0.0,0.0,0.0,0.0,0.0,0.0,0.0,0.0,0.0,0.0,0.0,0.0,0.0,0.0,41.21691131591797,0.0,0.0,0.0,0.0,0.0,0.0,0.0,0.0,0.0,0.0,0.0,13.216398239135742,0.0,0.0,4.735111713409424,0.0,0.0,29.668609619140625,0.0,0.0,0.0,0.0,0.0,0.0,0.0,0.0,0.0,0.0,0.0,0.0,0.0,0.0,0.0,0.0,0.0,0.0,0.0,0.0,0.0,0.0,0.0,0.0,0.0,0.0,0.0,0.0,0.0,0.0,27.26375389099121,0.0,0.0,0.0,0.0,0.0,0.0,0.0,0.0,0.0,0.8156151175498962,0.0,0.0,0.0,0.0,0.0,3.1000659465789795,0.0,33.576072692871094,0.0,0.0,0.0,10.428848266601562,0.0,0.0,60.52301025390625,0.0,0.0,0.0,0.0,34.1328125,0.0,0.0,0.0,0.0,0.0,0.0,0.0,0.0,1.5416176319122314,0.0,23.159305572509766,0.0,0.0,0.14080579578876495,0.0,0.0,0.0,0.0,0.0,0.0,0.0,0.0,0.0,0.0,0.0,0.0,0.0,0.0,0.0,0.0,0.0,0.0,0.0,0.0,0.0,0.0,0.0,0.0,0.0,0.0,0.0,0.0,0.0,0.0,0.0,0.0,0.0,0.0,0.0,0.0,0.0,0.0,2.1902127265930176,0.0,0.0,9.866979598999023,0.0,0.0,0.0,0.0,28.16867446899414,0.0,0.0,0.0,0.0,0.0,0.0,0.0,0.0,0.0,0.0,0.0,0.0,2.5397729873657227,0.0,0.0,0.0,4.028043270111084,18.134090423583984,19.511804580688477,0.0,1.3290401697158813,0.06725284457206726,11.722268104553223,0.0,0.0,0.0,0.0,0.0,0.0,0.0,0.0,18.88739776611328,0.0,0.0,0.0,0.0,0.0,0.0,0.0,0.0,0.0,2.9544906616210938,0.0,0.0,0.0,0.0,0.0,0.0,0.0,0.0,0.0,0.0,0.0,0.0,0.0,0.0,0.0,4.625421524047852,0.0,0.0,0.0,0.0,0.0,0.0,0.0,0.0,0.0,0.0,0.0,0.0,1.478124976158142,0.0,0.0,0.0,0.0,0.0,0.0,0.0,0.0,0.0,0.0,0.0,0.0,0.0,11.614253044128418,0.0,0.0,0.0,0.0,0.0,0.0,28.864120483398438,0.0,0.0,18.63229751586914,0.0,39.25341796875,0.0,0.0,0.0,0.0,0.0,0.0,2.3071751594543457,0.0,0.0,0.0,0.0,0.0,0.0,0.0,0.0,0.0,0.0,0.0,0.0,0.0,0.0,0.0,0.0,0.0,0.0,25.562713623046875,0.0,0.0,16.73894691467285,0.0,0.0,0.0,0.0,0.0,0.0,0.0,0.0,0.0,0.0,0.0,0.0,2.801687717437744,0.0,0.0,0.0,0.0,0.0,0.0,30.786611557006836,0.0,0.0,0.0,0.0,0.0,0.0,0.0,0.0,0.0,0.0,0.08364778012037277,0.0,0.0,0.0,0.0,0.0,0.0,0.0,3.431373119354248,0.0,0.0,0.0,0.0,0.0,0.0,3.9611217975616455,0.0,0.0,0.0,0.0,0.0,0.0,0.0,0.0,0.0,0.0,0.0,0.0,0.0,0.0,0.0,0.0,0.0,0.0,0.0,0.0,0.0,0.0,0.0,0.0,3.591212511062622,0.0,0.0,0.0,0.0,0.0,0.0,0.0,0.0,10.066706657409668,0.0,16.44012451171875,0.0,0.0,0.0,0.0,0.0,0.0,0.0,0.0,0.0,0.0,0.0,0.0,0.0,0.0,0.0,0.0,0.0,0.0,18.905858993530273,0.0,0.0,0.0,0.0,0.0,0.0,0.0,0.0,0.0,0.0,28.25474739074707,0.0,0.0,0.0,0.0,0.0,0.0,9.722904205322266,0.0,0.0,0.0,0.0,0.0,0.0,0.0,0.0,5.8160400390625,0.0,0.0,0.0,0.0,29.682022094726562,0.0,0.0,0.0,0.0,0.0,0.0,0.0,0.0,0.0,0.0,0.0,0.0,0.0,0.0,0.0,24.016138076782227,0.0,27.405399322509766,0.0,0.0,0.0,18.961088180541992,0.0,0.0,6.337157726287842,0.0,0.0,0.0,0.0,0.0,0.0,0.0,0.0,0.0,0.0,0.0,0.0,13.35232162475586,0.0,0.0,0.0,5.648919105529785,0.0,16.995397567749023,3.5926828384399414,7.498861312866211,0.0,0.0,45.874725341796875,5.2768707275390625,0.0,0.0,0.0,0.0,0.0,0.0,0.0,5.360278606414795,0.0,0.0,0.0,0.0,0.0,0.0,0.0,30.48625373840332,0.0,0.0,0.0,0.0,0.0,19.263805389404297,0.0,0.0,1.9243676662445068,0.0,0.0,0.0,0.0,0.0,0.0,0.0,0.0,0.0,0.0,0.0,0.0,0.0,0.0,0.0,0.0,0.0,0.0,0.0,0.0,0.0,0.0,0.0,44.00501251220703,0.0,0.0,0.0,0.0,0.0,0.0,0.0,26.47183609008789,21.544113159179688,0.0,0.0,0.0,0.0,6.587713718414307,3.3046376705169678,0.0,0.0,24.83098030090332,0.0,0.0,0.0,0.0,7.290633678436279,0.0,0.0,0.0,9.341333389282227,0.0,0.0,2.0085182189941406,0.0,3.4533185958862305,0.0,0.0,0.0,0.0,0.0,0.0,0.0,0.0,0.0,10.895672798156738,0.0,0.0,0.0,6.512537002563477,5.381190299987793,0.0,0.0,2.9090771675109863,13.166451454162598,10.559431076049805,0.0,0.0,0.0,0.0,0.0,0.0,0.0,0.0,0.0,0.0,21.69051170349121,0.0,0.0,0.0,0.0,0.0,0.0,0.0,0.0,0.0,9.169699668884277,0.0,0.0,0.0,0.0,0.0,37.180633544921875,0.0,35.034202575683594,0.0,0.0,0.0,0.0,0.0,0.0,32.01272964477539,0.0,0.0,0.0,0.0,13.24502944946289,0.0,0.0,0.0,0.0,0.0,0.0,0.0,0.0,43.379337310791016,0.0,0.0,0.0,14.63687801361084,0.0,0.0,0.0,0.0,0.0,0.0,0.0,1.7605526447296143,0.0,15.209932327270508,0.0,0.0,0.0,0.0,0.0,0.0,0.0,0.0,0.0,0.0,0.0,0.7454780340194702,0.0,0.0,0.0,0.0,0.0,0.0,0.0,0.0,0.0,3.428595542907715,0.0,0.0,0.0,0.0,4.512599945068359,0.0,0.0,0.0,0.0,0.0,0.0,0.0,0.0,0.0,0.0,0.0,0.0,0.0,0.0,0.0,0.0,0.0,0.0,0.0,0.0
n000455_7.jpg,0.0,0.0,0.0,1.1870671510696411,19.72517967224121,0.0,0.0,0.0,31.922157287597656,0.0,0.0,0.0,0.0,0.0,0.0,0.0,0.0,19.15451431274414,0.0,0.0,0.0,0.0,0.0,0.0,0.0,0.0,0.0,11.933269500732422,0.0,0.0,0.0,0.0,0.0,10.241239547729492,0.0,0.0,0.0,0.0,0.0,0.0,0.0,0.0,0.0,0.0,32.901573181152344,0.0,0.0,0.0,0.0,0.0,0.0,0.0,0.0,0.0,0.0,18.082857131958008,17.78033447265625,0.0,0.0,0.0,0.0,0.0,0.0,0.0,0.0,0.0,0.0,0.0,0.0,0.0,0.0,0.0,0.0,0.0,0.0,0.0,0.0,10.214868545532227,0.0,0.0,0.11121885478496552,3.916788101196289,0.0,0.0,0.0,0.0,0.0,0.0,0.0,4.81871223449707,52.72673797607422,0.0,0.0,0.0,0.0,0.0,0.0,0.0,0.0,0.0,10.075448989868164,0.0,0.0,0.0,0.0,0.0,0.0,0.0,0.0,0.0,1.7651562690734863,81.37791442871094,5.459477424621582,21.401927947998047,0.0,0.0,0.0,0.0,0.0,0.0,0.0,0.0,9.049617767333984,0.0,0.0,0.0,0.0,0.0,0.0,0.0,0.0,0.0,0.0,0.0,0.0,0.0,0.0,0.0,5.8942365646362305,0.0,0.0,8.33601188659668,0.0,0.0,0.0,6.003010272979736,0.0,0.0,0.0,0.0,4.104208469390869,15.266929626464844,0.0,0.0,0.0,16.014463424682617,0.0,0.0,12.072731971740723,0.1498468667268753,0.0,0.0,0.0,0.0,0.0,19.990917205810547,0.0,5.395752906799316,0.0,0.0,0.0,0.0,0.0,0.0,0.0,0.0,0.0,0.0,0.0,0.0,0.0,0.0,0.0,0.0,0.0,0.0,0.0,0.0,0.0,1.8489779233932495,0.0,0.0,0.0,0.0,0.0,0.0,2.8928844928741455,0.0,45.651119232177734,0.0,0.0,0.0,0.0,0.0,3.3731729984283447,0.0,0.0,0.0,0.0,0.0,0.0,18.513418197631836,0.8833551406860352,0.0,0.0,0.0,4.07645320892334,0.0,14.999185562133789,0.0,0.17355825006961823,0.0,0.0,0.0,0.0,0.0,0.0,0.0,0.0,0.0,0.0,0.0,0.0,0.0,0.0,3.163724899291992,0.0,0.0,0.0,0.0,0.0,0.0,0.0,0.0,0.0,0.0,0.0,0.0,0.0,5.493953227996826,0.0,0.0,21.108572006225586,0.0,49.878746032714844,0.0,0.0,0.0,0.0,0.0,0.0,0.0,4.064568519592285,0.0,0.0,0.0,0.0,0.0,0.0,0.0,4.153731346130371,0.0,0.0,14.606331825256348,0.0,0.0,0.0,0.0,0.0,0.0,0.0,0.058996930718421936,0.0,0.0,0.0,0.0,0.0,0.0,0.0,0.0,0.0,0.0,0.0,0.0,1.4167274236679077,0.0,0.0,0.0,5.7162556648254395,0.0,0.0,0.0,0.0,0.0,0.0,0.0,0.0,0.0,0.0,0.0,0.0,0.0,0.0,15.968863487243652,0.0,20.130386352539062,0.0,0.0,5.51236629486084,0.0,0.0,11.196290016174316,0.0,17.068614959716797,0.0,7.647837162017822,0.0,0.0,0.0,2.2128233909606934,0.0,0.0,0.0,0.0,0.0,0.0,0.0,0.0,1.7316458225250244,0.0,0.0,17.11863136291504,0.0,0.0,0.0,0.0,0.743611216545105,4.065077781677246,0.0,0.0,0.0,0.0,0.0,0.0,0.0,0.0,13.694523811340332,0.0,0.0,0.0,0.0,0.0,0.0,0.0,40.01637268066406,0.0,7.659756183624268,0.0,0.0,0.0,0.0,30.44614028930664,0.0,0.0,0.0,0.0,0.0,0.0,2.0062060356140137,0.0,0.0,0.0,0.0,0.0,0.0,0.0,0.0,0.0,0.0,0.0,12.030240058898926,0.0,0.0,0.0,0.5382862091064453,0.0,0.0,0.0,0.0,1.4699395895004272,0.0,6.602473735809326,0.04622498154640198,3.4445929527282715,0.0,1.449981927871704,0.0,0.0,0.0,7.151355266571045,0.6693266034126282,0.0,0.0,6.073978424072266,0.0,0.0,0.0,0.0,0.0,0.0,0.0,0.0,0.0,0.0,0.0,0.0,0.0,0.0,0.0,0.0,0.0,0.0,0.0,0.0,0.0,0.0,19.17314338684082,26.225515365600586,0.0,3.438228130340576,0.0,0.0,0.0,0.0,2.01084303855896,0.0,0.0,0.0,0.0,0.0,0.0,0.0,0.0,0.0,0.0,0.0,25.21193504333496,0.0,0.0,0.0,0.0,0.0,0.0,0.0,0.0,0.0,2.571572780609131,0.0,9.734575271606445,2.9780192375183105,0.0,0.0,0.0,0.0,0.0,0.0,0.0,0.0,0.0,0.0,0.0,0.0,0.0,0.0,0.0,0.0,0.0,0.0,0.0,0.0,12.64220905303955,0.0,0.0,0.0,0.0,0.0,0.0,0.0,0.0,0.0,0.0,0.0,0.0,0.0,0.0,0.0,0.0,0.0,0.0,0.0,0.5838856101036072,0.0,0.0,0.0,0.0,0.0,22.78618621826172,0.0,0.0,0.2817641496658325,56.529518127441406,0.0,0.0,0.0,0.0,0.0,0.0,0.0,0.0,13.62448787689209,0.0,0.0,0.0,0.0,0.0,0.0,0.0,0.0,0.0,15.862231254577637,0.0,0.0,0.0,0.0,0.0,20.475791931152344,0.0,0.0,25.91582679748535,0.0,0.0,0.0,0.0,0.0,0.0,0.0,38.93711853027344,0.0,0.0,0.0,0.0,0.0,0.0,0.0,0.0,0.0,7.298905849456787,23.288732528686523,0.0,0.0,0.0,0.0,0.0,0.0,0.0,0.0,0.0,0.0,10.331774711608887,0.0,0.0,0.0,0.0,0.0,0.0,0.0,0.0,0.0,0.0,3.1423351764678955,0.0,6.847784519195557,0.0,0.0,0.0,0.0,0.0,0.0,0.0,0.0,0.0,0.0,48.83534240722656,0.0,0.0,0.0,0.0,0.0,0.0,0.0,0.0,0.0,18.701744079589844,0.0,0.0,0.0,0.0,0.0,0.0,0.0,0.0,0.0,10.914948463439941,97.3248291015625,4.301860809326172,10.003418922424316,0.0,0.0,0.0,0.0,0.0,0.0,0.0,0.0,0.0,0.0,0.0,0.0,0.0,0.0,0.0,0.0,0.0,0.0,0.0,0.0,0.0,3.743863105773926,0.0,0.0,0.0,0.0,0.0,0.0,0.0,0.0,0.0,0.0,0.0,0.0,0.0,0.0,0.0,0.4018992781639099,0.0,0.0,0.0,23.638654708862305,0.0,0.0,4.029001235961914,0.0,0.0,0.0,0.0,0.0,6.802313804626465,8.487491607666016,0.0,2.062659502029419,0.0,0.0,0.0,0.0,0.0,0.0,0.0,0.0,0.0,0.0,0.0,0.0,0.0,0.0,0.0,0.0,0.0,0.0,0.0,0.0,13.32141399383545,0.0,0.0,0.0,0.0,0.0,11.326472282409668,0.0,0.5147048234939575,0.0,28.742778778076172,0.0,0.0,0.0,5.9414753913879395,0.0,13.694392204284668,7.183920383453369,0.0,0.0,8.218182563781738,0.0,0.0,14.112895965576172,0.9588936567306519,0.0,0.0,0.0,21.122285842895508,0.0,0.0,0.0,29.697845458984375,0.0,0.0,0.0,0.0,0.0,0.0,0.0,0.0,0.0,0.0,0.0,0.0,0.0,0.0,0.0,0.0,0.0,0.0,0.0,0.0,0.0,0.0,0.0,0.0,0.0,0.0,0.0,0.0,0.0,0.0,0.0,26.982240676879883,0.0,54.2524528503418,0.0,0.0,0.0,0.0,0.0,0.0,0.0,0.0,0.0,0.0,0.0,0.0,0.0,0.0,0.0,0.0,0.0,0.0,0.0,0.0,0.0,0.06238090991973877,0.0,0.0,0.0,0.0,14.214743614196777,0.0,0.0,0.0,0.0,4.999610900878906,0.0,0.0,0.0,0.0,0.0,0.0,0.0,0.0,0.0,0.0,0.0,0.0,0.0,0.0,0.0,0.0,0.0,0.0,0.0,0.0,0.0,0.0,0.0,0.0,0.0,0.0,3.0141191482543945,0.0,15.756324768066406,0.0,0.0,1.1194955110549927,0.0,0.0,0.0,0.0,26.52437973022461,0.0,7.322390556335449,0.0,0.0,0.0,0.0,0.0,0.0,0.0,0.0,0.0,0.0,0.0,0.0,0.0,0.18690943717956543,0.0,2.1973657608032227,0.0,0.0,0.0,13.857061386108398,0.0,0.0,0.0,0.0,0.0,0.0,0.0,0.0,0.0,0.0,21.044357299804688,0.0,0.0,0.0,0.0,0.0,0.0,0.0,12.917930603027344,0.0,9.9375581741333,0.0,0.0,0.0,0.0,15.788405418395996,0.0,0.0,0.0,0.0,0.0,0.0,3.4445812702178955,0.0,0.0,0.0,0.0,11.345235824584961,0.0,0.0,0.0,0.0,0.0,0.0,3.176006317138672,0.0,0.0,0.0,0.0,0.0,0.0,0.0,0.0,0.0,0.0,0.0,0.0,0.0,0.0,0.0,0.0,0.0,0.0,0.0,0.0,0.0,0.0,9.189087867736816,0.4603928327560425,0.0,0.0,0.0,0.0,0.0,0.0,0.0,0.0,0.0,0.0,0.0,0.0,0.0,0.0,0.0,0.0,0.0,0.0,0.0,0.0,0.0,47.57524871826172,13.296977996826172,0.0,0.0,0.0,0.0,0.0,0.0,0.0,0.0,0.0,0.0,0.0,0.0,0.0,7.834590911865234,0.0,0.0,0.0,0.0,20.642215728759766,0.0,0.0,0.0,0.0,0.0,0.0,0.0,0.0,0.0,0.0,0.0,10.976767539978027,0.0,0.0,0.0,0.0,0.0,0.0,0.0,0.0,0.0,0.0,0.0,0.0,0.0,0.0,0.0,0.0,0.0,0.0,0.0,0.0,0.0,2.011495590209961,0.0,0.0,0.0,0.0,0.0,0.0,0.0,0.0,0.0,0.0,0.0,0.0,0.0,0.0,0.0,0.0,0.0,0.0,4.38639497756958,1.0731565952301025,0.0,19.3376522064209,0.0,0.0,0.0,1.717359185218811,0.0,0.0,7.4179301261901855,39.78614807128906,0.0,0.0,0.0,0.0,0.0,0.0,0.0,0.0,0.0,0.0,0.0,0.0,0.0,0.0,0.0,0.0,0.0,0.0,11.208555221557617,0.0,0.0,0.0,0.0,0.0,3.7333154678344727,0.0,0.0,50.7260627746582,0.0,0.0,0.0,0.0,0.0,0.0,0.0,31.303499221801758,0.0,0.0,0.0,0.0,0.0,0.0,0.0,0.0,0.0,3.8569250106811523,21.799942016601562,0.0,0.0,0.0,0.0,0.0,0.0,0.0,4.638870716094971,0.0,0.0,3.526000738143921,0.0,17.453777313232422,0.0,0.0,0.0,0.0,0.0,0.0,0.0,0.0,0.0,0.0,19.42515754699707,0.0,0.0,0.0,0.0,0.0,0.0,0.0,0.0,0.0,0.0,0.0,0.0,0.0,0.0,0.0,0.0,0.0,0.0,0.0,0.0,3.0511295795440674,0.0,0.0,0.0,0.0,0.0,0.0,0.0,0.0,0.0,8.29483699798584,14.776824951171875,0.0,0.0,0.0,0.0,0.0,0.0,0.0,0.0,0.0,0.0,0.0,0.0,0.0,0.0,0.0,0.0,0.0,0.0,0.0,0.0,0.0,0.0,2.1930770874023438,0.0,0.0,0.0,1.715982437133789,0.0,0.0,0.31688955426216125,0.0,0.0,0.0,0.0,0.0,0.0,0.0,0.0,0.0,0.0,0.0,0.0,0.0,14.989633560180664,0.0,0.0,0.0,0.0,0.0,0.0,0.0,0.0,23.696327209472656,0.0,0.0,0.0,1.415174961090088,0.0,0.0,0.0,0.0,0.0,0.0,0.0,0.0,0.0,0.0,0.0,0.0,0.0,0.0,0.0,0.0,0.0,0.0,0.0,17.63585090637207,0.0,0.21385973691940308,0.0,0.0,0.0,3.0590851306915283,0.0,10.220535278320312,0.0,28.140871047973633,0.0,0.0,0.0,0.0,0.0,0.0,0.0,0.0,0.0,1.6515514850616455,0.0,0.0,28.439971923828125,0.0,0.0,0.0,0.0,25.084932327270508,0.0,0.0,0.0,26.404760360717773,0.0,0.0,0.0,0.0,0.0,0.0,6.136111259460449,2.2147929668426514,0.0,0.0,0.0,0.0,0.0,0.0,0.0,0.0,0.0,0.0,0.0,0.0,0.0,0.0,0.0,0.0,0.0,0.0,0.0,0.0,0.0,0.0,0.0,18.635541915893555,0.0,36.10417938232422,0.0,0.0,0.0,0.0,0.0,0.0,0.0,0.0,0.0,0.0,0.0,0.0,0.0,0.0,0.0,0.0,0.0,0.0,0.0,8.07590389251709,0.0,0.1169053316116333,0.0,0.0,0.0,0.0,6.193328857421875,0.0,0.0,0.0,0.0,0.0,0.0,0.0,0.0,0.0,0.0,0.0,0.0,0.0,0.0,0.0,0.0,0.0,0.0,0.0,0.0,0.0,0.0,0.0,0.0,0.0,0.0,2.0652761459350586,0.0,0.0,0.0,0.0,0.0,1.1368319988250732,0.0,0.0,0.0,8.335531234741211,0.0,0.0,0.0,0.0,0.0,0.0,11.703557014465332,0.0,0.0,0.0,0.0,13.34164810180664,0.0,0.0,0.0,0.33543825149536133,0.0,0.0,0.0,0.0,0.0,0.0,1.6702580451965332,0.0,0.0,0.0,10.107069969177246,0.0,0.0,0.0,4.479801654815674,0.0,0.0,0.0,0.0,0.0,0.0,9.344979286193848,0.0,0.0,0.0,0.0,0.0,0.0,0.0,0.0,0.0,8.535127639770508,5.9711785316467285,0.0,0.0,0.0,10.129227638244629,0.0,0.0,0.0,0.0,0.0,0.0,0.0,0.0,0.0,0.0,0.0,10.376323699951172,0.0,0.0,0.0,0.0,0.0,1.4340523481369019,5.1002516746521,0.0,0.0,0.0,0.0,0.0,0.0,0.0,0.0,0.0,0.0,0.0,0.0,0.0,0.0,3.175830125808716,0.0,0.0,0.0,0.0,0.0,0.0,0.0,19.386280059814453,17.143064498901367,0.0,0.0,0.0,0.0,0.0,0.0,0.0,0.0,0.0,0.0,0.0,0.0,0.0,0.0,0.0,0.0,0.0,10.319365501403809,0.0,0.0,0.0,37.891334533691406,12.616421699523926,0.0,0.0,0.0,0.0,0.0,0.0,0.0,0.0,0.0,0.0,0.0,0.0,0.0,11.816006660461426,0.0,0.0,0.0,0.0,0.0,0.0,0.0,0.0,0.0,0.0,0.0,0.0,0.0,0.0,0.0,0.0,0.0,0.0,0.0,0.0,0.0,0.0,0.0,0.0,0.0,0.0,5.060153961181641,0.0,0.0,0.0,0.0,0.0,0.0,0.0,0.0,0.0,0.0,0.0,0.0,0.0,0.0,0.0,0.0,0.0,0.0,0.0,0.0,0.0,0.0,0.0,0.0,0.0,0.0,0.0,0.0,0.0,0.0,0.0,0.0,0.0,9.207343101501465,0.0,0.0,0.0,1.0995362997055054,0.0,0.0,0.0,49.671173095703125,0.0,0.0,0.0,3.6520681381225586,0.0,0.0,0.0,0.0,0.0,0.0,0.0,0.0,0.0,0.0,0.0,0.0,0.0,0.0,8.909167289733887,0.0,0.0,0.0,0.0,0.0,0.0,0.0,0.0,26.446086883544922,0.0,4.099656581878662,0.0,0.0,0.0,0.0,0.0,17.72612762451172,0.0,0.0,0.0,0.0,0.0,0.0,0.0,0.0,0.0,8.708415985107422,0.0,0.0,0.0,0.0,0.0,0.0,0.0,0.0,8.140511512756348,0.0,0.0,0.0,0.0,2.5014488697052,0.0,0.0,0.0,0.0,0.0,0.0,0.0,0.0,3.473149061203003,0.0,2.4039947986602783,0.0,0.0,17.06221580505371,0.0,0.0,0.0,0.0,0.0,0.0,0.0,2.3076274394989014,0.0,0.0,0.0,0.0,0.0,0.0,0.0,0.0,0.0,7.6461100578308105,0.0,0.0,0.0,0.0,0.0,0.0,0.0,0.0,0.0,6.621785640716553,5.217985153198242,0.0,4.906674385070801,0.0,0.0,0.0,0.0,0.0,0.0,0.0,0.0,0.0,0.0,0.0,0.0,0.0,0.0,0.0,0.0,0.0,0.0,0.0,0.0,0.0,0.0,0.0,0.0,22.18254280090332,0.0,0.0,7.46864128112793,0.0,0.0,0.0,0.0,0.0,0.0,0.0,0.0,0.0,4.441691875457764,0.0,0.0,0.0,8.278965950012207,0.0,0.0,0.7348257899284363,0.0,0.0,0.0,0.0,0.0,8.080001831054688,0.12367890775203705,0.0,0.0,3.762545108795166,0.0,0.0,0.0,0.0,0.0,0.0,0.0,0.0,0.0,0.0,0.0,0.0,0.0,0.0,0.0,0.0,0.0,0.0,0.0,4.153258323669434,16.90443229675293,0.0,0.0,0.0,0.0,0.0,0.0,0.0,0.0,11.350653648376465,0.0,0.0,0.0,0.0,0.0,0.0,0.0,0.0,0.0,9.139715194702148,0.0,0.0,34.61026382446289,0.0,0.0,0.0,0.0,20.816944122314453,0.0,0.0,0.0,2.048768997192383,0.0,0.0,0.0,0.0,0.0,0.0,0.0,0.0,0.0,0.0,0.0,0.0,0.0,0.0,0.0,0.0,0.0,0.0,0.0,0.0,0.0,0.0,0.0,0.0,0.0,0.0,0.0,0.0,0.0,0.0,0.0,3.588840961456299,0.0,20.44907569885254,0.0,0.0,0.0,0.0,0.0,0.0,0.0,0.0,0.0,0.0,0.0,0.0,0.0,0.0,0.0,0.0,0.0,0.0,0.0,0.0,0.0,0.0,0.0,0.0,1.7729840278625488,0.0,0.0,0.0,0.0,0.0,0.0,10.602819442749023,0.0,0.0,0.0,0.0,0.0,0.0,4.1164655685424805,0.0,0.0,0.0,0.0,0.0,0.0,0.0,0.0,0.0,0.0,0.0,0.0,0.0,0.0,0.0,0.0,0.0,0.0,0.0,0.0,0.0,0.0,0.0,0.0,33.874969482421875,0.0,0.0,15.354687690734863,0.0,0.0,0.0,2.5551743507385254,0.0,0.0,1.5359116792678833,0.0,8.804620742797852,0.0,0.0,0.0,3.4088590145111084,0.0,0.0,0.0,0.0,0.0,0.0,15.742693901062012,0.0,0.0,0.0,4.124629974365234,0.0,0.0,0.0,0.0,0.0,0.0,0.0,0.0,0.0,0.0,14.809920310974121,0.0,0.0,0.0,1.0674577951431274,0.0,0.0,0.0,0.0,0.0,11.02008056640625,8.564582824707031,0.0,0.0,0.0,35.93735885620117,0.0,0.0,0.0,0.0,0.0,0.0,9.182602882385254,0.0,0.5026347041130066,0.0,0.0,0.0,0.0,0.0,0.0,0.0,0.0,13.074080467224121,0.0,0.0,0.0,0.0,0.0,0.0,0.0,0.0,0.0,0.0,0.0,0.0,0.0,0.0,0.0,6.9905171394348145,0.0,4.6066975593566895,0.0,1.504741907119751,0.0,0.0,0.0,11.175003051757812,17.918386459350586,0.0,0.0,0.0,0.0,0.0,0.0,0.0,0.0,0.0,0.0,0.0,11.511518478393555,0.0,0.0,0.0,0.0,0.0,13.37205696105957,0.0,0.0,0.0,40.760719299316406,3.914642095565796,0.0,0.0,0.0,0.0,0.0,2.246803045272827,0.0,6.639209747314453,0.0,0.0,0.0,0.013746559619903564,0.0,12.304144859313965,0.0,7.4367876052856445,0.0,0.0,0.0,0.0,0.0,0.0,0.0,0.0,0.0,0.0,0.0,0.0,0.0,0.0,0.0,0.0,0.0,0.0,0.0,0.0,0.0,0.0,0.0,0.0,6.084618091583252,0.0,0.0,0.0,0.0,5.322507858276367,0.0,2.7508153915405273,0.0,0.0,0.0,0.0,0.0,0.0,0.0,0.0,0.0,0.0,0.0,0.0,0.0,0.0,0.0,0.0,0.0,0.0,0.0,0.0,0.0,0.0,0.0,0.0,0.0,0.0,0.0,0.0,0.0,0.0,12.991280555725098,2.5183377265930176,0.0,0.0,78.66696166992188,0.0,0.0,0.0,0.0,0.0,0.0,0.0,0.0,5.343103408813477,0.0,0.0,0.0,0.0,0.0,0.0,0.0,0.0,0.0,7.5895304679870605,0.0,0.0,0.0,0.0,0.0,0.0,0.0,0.0,0.0,0.0,0.0,0.0,0.0,0.0,0.0,0.0,29.71257781982422,0.0,0.0,0.0,0.0,0.0,0.0,0.0,0.0,0.0,13.984346389770508,0.0,0.0,0.0,0.0,0.0,0.0,0.0,0.0,0.0,0.0,0.0,2.654668092727661,0.0,0.0,0.0,0.0,0.0,0.0,0.0,0.0,0.0,0.0,0.0,0.0,0.0,0.0,0.0,20.267148971557617,0.0,0.0,0.0,0.0,0.0,0.0,0.0,8.741936683654785,0.0,0.0,0.0,0.0,0.0,0.0,0.0,0.0,0.0,35.38295364379883,0.0,0.0,0.0,0.0,0.0,0.0,0.0,0.0,0.0,8.257280349731445,12.738388061523438,0.0,12.266642570495605,0.0,0.0,0.0,0.0,0.0,0.0,0.0,0.0,0.0,0.0,0.0,0.0,0.0,0.0,0.0,0.0,0.0,0.0,0.0,0.0,0.0,0.0,0.0,0.0,10.988537788391113,0.0,0.0,0.8021017909049988,0.0,0.0,0.0,0.0,0.0,0.0,0.0,0.0,0.0,16.63589859008789,0.0,0.0,0.0,4.439841270446777,0.0,0.0,13.304376602172852,0.0,0.0,0.0,0.0,0.0,0.0,1.225853681564331,0.0,0.0,0.0,0.0,0.0,0.0,0.0,0.0,0.0,0.0,0.0,0.0,0.0,0.0,0.0,0.0,0.0,0.0,3.8547537326812744,0.0,0.0,0.0,0.0,17.376489639282227,0.0,0.0,0.0,0.0,3.044398784637451,0.0,0.0,0.0,0.0,0.0,0.0,0.0,0.0,0.0,0.0,3.968865394592285,0.0,0.0,1.160010814666748,0.0,0.0,15.899640083312988,5.035993576049805,0.0,0.0,0.0,0.0,0.0,0.0,1.0857800245285034,17.30333137512207,0.0,0.0,0.0,0.0,0.0,0.0,0.0,0.0,0.0,0.0,0.0,0.0,0.0,0.0,3.0886354446411133,0.0,0.0,0.0,0.0,0.0,0.0,0.0,0.0,0.0,0.0,0.0,0.0,0.0,0.0,0.0,0.0,0.0,0.0,0.7554338574409485,0.0,4.193659782409668,0.0,0.0,0.0,0.0,0.0,0.0,0.0,0.0,0.0,0.0,0.0,0.0,0.0,0.0,0.0,0.0,0.0,0.0,0.0,0.0,0.0,0.0,1.7372441291809082,0.0,0.0,0.0,0.0,0.0,0.0,55.32242965698242,0.0,0.0,0.0,0.0,0.0,0.0,0.0,0.0,0.0,0.0,0.0,0.0,0.0,0.0,0.0,0.0,0.0,0.0,0.0,0.0,0.0,0.0,0.0,0.0,0.0,0.0,0.0,0.0,1.7580723762512207,0.0,0.0,32.48914337158203,0.0,0.0,8.393223762512207,0.0,1.89493989944458,0.0,0.0,0.0,0.0,0.6060030460357666,0.0,0.0,0.0,0.0,0.0,2.6709258556365967,0.0,0.0,0.0,0.0,0.0,0.0,22.174240112304688,0.0,0.0,0.0,0.0,0.0,0.0,0.0,0.0,0.0,0.0,0.0,0.0,0.0,0.0,0.0,0.0,0.0,0.0,0.0,0.0,0.0,0.0,0.0,0.0,5.524017810821533,0.0,0.0,0.0,0.0,38.50242614746094,0.0,0.0,0.0,1.3073409795761108,0.0,0.0,11.588292121887207,0.0,3.1640748977661133,0.0,0.0,0.0,0.0,0.0,0.0,0.0,0.0,27.387962341308594,0.0,0.0,0.0,0.0,0.0,0.0,0.0,0.0,0.0,0.0,0.0,2.8587896823883057,0.0,0.0,12.646909713745117,1.5927269458770752,0.0,2.437697172164917,0.0,8.332487106323242,0.0,0.0,0.0,39.97175979614258,0.0,0.0,0.0,0.0,0.0,0.0,0.0,0.0,0.0,0.0,0.0,0.0,3.1668529510498047,0.0,0.0,0.0,0.0,0.0,6.025653839111328,0.0,0.0,0.0,65.67338562011719,0.0,0.0,0.0,0.0,0.0,0.0,0.0,0.0,0.0,0.0,0.0,0.0,0.0,0.0,0.0,0.0,0.0,0.0,0.0,6.03267765045166,0.0,0.0,0.0,0.0,0.0,0.0,0.0,0.0,0.0,0.0,0.0,0.0,1.821770429611206,0.0,0.0,0.0,0.0,0.0,0.0,0.0,0.0,10.459285736083984,0.0,0.0,1.0277332067489624,0.0,7.584375858306885,0.0,15.350052833557129,0.0,0.0,0.0,0.0,0.0,0.0,0.0,0.0,0.0,0.0,0.0,0.0,0.0,0.0,0.0,0.0,0.0,0.0,3.6399288177490234,0.0,0.0,0.0,0.0,0.0,0.0,0.0,0.0,0.0,0.0,0.0,13.63334846496582,1.7196098566055298,0.0,0.0,79.61784362792969,0.0,0.0,0.0,0.0,0.0,0.0,0.0,0.0,0.1793096959590912,0.0,0.0,0.0,0.0,0.0,0.0,0.0,0.0,0.0,0.0,0.0,0.0,0.0,0.0,0.0,6.378121376037598,0.0,0.0,0.0,0.0,0.0,0.0,0.0,0.0,0.0,0.0,30.565879821777344,0.0,0.0,0.0,0.0,0.0,0.0,0.0,0.0,0.0,14.191332817077637,0.0,0.0,0.0,0.0,0.0,0.0,0.0,0.0,0.0,0.0,0.0,0.0,0.0,0.0,0.0,0.0,0.0,0.0,0.0,0.0,0.0,0.0,0.0,0.0,0.0,0.0,0.0,18.566699981689453,0.0,0.0,0.0,0.0,0.0,0.0,0.0,1.5112296342849731,0.0,0.0,0.0,0.0,0.0,0.0,0.0,0.0,0.0,50.61216354370117,0.0,0.0,0.0,9.913189888000488,9.210021018981934,0.0,0.0,0.0,0.0,12.097952842712402,15.432389259338379,0.0,11.375044822692871,0.0,12.980875968933105,0.0,0.0,0.0,0.0,0.0,0.0,0.0,0.0,0.0,0.0,0.0,0.0,0.0,0.0,0.0,0.0,0.0,0.0,0.0,0.0,0.0,0.0,0.0,0.0,0.0,0.0,0.0,0.0,0.0,0.0,0.0,0.0,0.0,0.0,0.0,0.0,0.0,0.0,0.0,4.684354782104492,0.0,0.0,0.0,0.0,0.0,0.0,0.0,0.0,0.0,1.833635687828064,0.0,0.0,0.0,0.0,0.0,0.0,0.0,0.0,0.0,0.0,0.0,0.0,0.0,0.0,0.0,0.0,0.0,0.0,0.0,0.0,0.0,0.0,0.0,0.0,0.0,0.0,0.0,0.0,21.241657257080078,0.0,0.0,0.0,0.0,0.0,0.0,0.0,0.0,0.0,0.7457171082496643,0.0,0.0,0.0,0.0,0.0,0.0,0.0,8.135562896728516,0.0,0.0,0.0,0.0,0.0,0.0,0.0,25.485631942749023,0.0,0.0,0.0,0.0,0.0,0.0,0.0,0.0,0.0,0.0,0.0,0.0,0.0,0.0,0.0,0.0,0.0,0.0,0.0,0.0,0.0,0.0,0.0,0.0,0.0,0.0,0.0,0.0,0.0,0.0,0.0,2.850248336791992,0.0,0.0,0.0,0.0,0.0,0.0,0.0,0.0,0.0,0.0,0.0,0.0,0.0,0.0,0.0,0.0,0.0,0.0,0.0,0.0,0.0,0.0,0.0,0.0,0.0,0.0,0.0,0.0,0.0,0.0,0.0,0.0,0.0,38.80120086669922,0.0,0.0,0.0,0.0,0.0,0.0,0.0,0.0,0.0,0.0,0.0,0.0,0.0,0.0,0.0,0.0,0.0,0.0,0.0,0.0,0.0,0.0,0.0,0.0,0.0,0.0,0.0,0.0,13.234416961669922,0.0,0.0,9.174762725830078,0.0,0.0,0.0,0.0,0.0,0.0,0.0,0.0,0.0,0.0,0.0,0.0,0.0,0.0,0.0,0.0,0.0,0.0,0.0,0.0,3.077385425567627,0.0,12.400497436523438,0.0,0.0,0.0,0.0,0.0,0.0,0.0,0.0,0.0,0.0,0.0,0.0,0.0,0.0,0.0,0.0,0.0,0.0,3.4541146755218506,0.0,0.0,0.0,0.0,0.0,17.199440002441406,0.0,0.0,0.0,0.0,0.0,0.0,0.0,0.0,19.73837661743164,0.0,0.0,17.17759895324707,0.0,0.0,0.0,0.0,0.0,0.0,0.0,0.0,0.0,0.0,0.0,0.0,0.0,0.0,0.0,0.0,0.0,0.0,0.0,0.0,0.0,0.0,0.0,0.0,0.0,0.0,0.0,0.0,0.0,0.0,0.0,0.0,0.0,0.0,56.51386642456055,0.0,0.0,0.0,0.0,0.0,0.0,0.0,0.0,0.0,0.0,0.0,0.0,0.0,0.0,0.0,0.0,0.0,0.0,0.9407203197479248,0.0,0.0,0.0,61.5958137512207,0.0,0.0,0.0,0.0,0.0,0.0,0.0,0.0,0.0,0.0,0.0,0.0,0.0,0.0,2.5973660945892334,0.0,0.0,0.0,0.0,7.361017227172852,0.0,0.0,0.0,0.0,0.0,0.0,0.0,0.0,0.0,0.0,0.0,0.0,1.3126953840255737,0.0,0.0,0.0,0.0,0.0,0.0,0.0,0.0,8.742728233337402,0.0,0.0,0.0,0.0,0.0,0.0,2.4071168899536133,0.0,0.0,0.0,0.0,0.0,0.0,0.0,0.0,0.0,0.0,0.0,0.0,0.0,0.0,0.0,0.0,0.0,0.0,0.0,0.0,0.0,0.0,0.0,2.1805193424224854,0.0,0.0,0.0,0.0,0.0,0.0,11.197925567626953,0.0,0.0,0.0,76.38359069824219,0.0,0.0,0.0,0.0,0.8615977764129639,0.0,0.0,0.0,11.718888282775879,0.0,0.0,0.0,0.0,0.0,0.0,0.0,0.0,0.0,0.0,0.0,0.0,0.0,0.0,0.0,0.0,0.0,0.0,0.0,0.0,7.154001712799072,0.0,0.0,0.0,0.0,0.0,0.0,0.0,0.0,0.0,0.0,0.0,0.0,0.0,0.0,0.0,6.85394811630249,0.0,0.0,0.0,0.0,0.0,8.128522872924805,0.0,0.0,0.0,15.80126667022705,0.0,0.0,0.0,0.0,0.0,0.0,0.0,0.0,0.0,0.0,0.0,0.0,0.0,0.0,0.0,14.097228050231934,0.0,0.0,0.0,0.0,0.0,0.0,0.0,0.0,0.0,15.993358612060547,0.0,0.0,0.0,0.0,0.0,0.0,0.0,0.0,0.0,43.5184326171875,0.0,0.0,0.0,9.356829643249512,37.42500686645508,0.0,0.0,0.0,0.0,21.85090446472168,1.2778019905090332,9.533102035522461,10.049677848815918,0.0,23.74306297302246,0.0,0.0,0.0,0.0,0.0,0.0,0.0,0.0,0.0,0.0,0.0,0.0,2.345461130142212,0.0,0.0,0.0,0.0,0.0,0.0,0.0,0.0,0.0,0.0,0.0,0.0,0.0,0.0,0.0,0.0,0.0,0.0,0.0,0.0,0.0,5.515716075897217,7.559625625610352,0.0,0.0,0.0,7.577996730804443,0.0,0.0,0.0,0.0,0.0,0.0,0.0,0.0,0.0,5.170804500579834,0.0,0.0,0.0,0.0,0.0,0.0,0.0,0.0,0.0,0.0,0.0,0.0,0.0,0.0,0.0,0.0,0.0,0.0,0.0,0.0,0.0,0.0,0.0,0.0,0.0,0.0,0.0,0.0,16.216371536254883,0.0,0.0,0.0,0.0,0.0,0.0,0.0,0.0,0.0,9.90604305267334,10.449286460876465,0.0,0.0,0.0,0.0,0.0,18.96344757080078,2.675534725189209,0.0,0.0,0.8156610727310181,0.0,0.0,1.2135343551635742,0.0,15.942418098449707,0.0,1.2196204662322998,0.0,0.0,0.0,0.0,0.0,0.0,0.0,0.0,0.0,0.0,0.0,0.0,0.0,0.0,0.0,0.0,0.0,0.0,0.0,0.0,0.0,0.0,0.0,0.0,0.0,0.0,0.0,0.0,0.0,0.0,0.0,4.54165506362915,0.0,0.0,0.0,0.0,0.0,0.0,0.0,0.0,0.0,0.0,0.0,0.0,0.0,0.0,1.5431568622589111,0.0,0.0,0.0,0.0,0.0,0.0,0.0,0.0,5.041274547576904,0.0,0.0,0.0,0.0,0.0,0.0,0.0,0.0,0.0,0.0,3.9950575828552246,0.0,0.0,0.0,0.0,10.07954216003418,0.0,0.0,0.0,0.0,0.0,0.0,0.0,0.0,0.0,0.0,0.0,0.0,0.0,9.59852123260498,0.0,0.0,0.0,0.0,0.0,0.0,28.20648956298828,0.0,0.0,5.717411041259766,0.0,0.0,23.407651901245117,0.0,0.0,0.0,0.0,0.0,0.0,2.476151943206787,0.0,0.0,0.0,0.0,0.0,0.0,0.0,0.0,0.0,0.0,0.0,0.0,16.187456130981445,0.0,0.0,0.0,0.0,10.745221138000488,0.0,0.0,0.0,0.0,0.0,0.0,0.0,0.0,0.0,0.0,0.0,0.0,0.0,12.261757850646973,0.0,0.0,0.0,23.155471801757812,0.0,25.713031768798828,0.0,0.0,0.0,0.0,34.189327239990234,0.0,0.0,0.0,31.813047409057617,0.0,0.0,40.08228302001953,0.0,0.0,0.0,0.0,0.0,0.0,0.0,0.0,0.0,0.0,5.562322616577148,0.0,0.0,0.0,0.0,1.5965510606765747,0.0,0.0,0.0,0.0,0.0,0.0,0.0,0.0,0.0,0.0,0.0,0.0,0.0,0.0,5.945262908935547,0.0,0.0,0.0,66.82548522949219,0.0,0.0,0.0,0.0,0.0,0.0,0.0,0.0,0.0,0.0,0.0,0.0,0.0,0.0,0.0,0.0,0.0,0.0,0.0,0.0,0.0,0.0,29.112733840942383,0.0,0.0,0.0,0.0,2.58634877204895,0.0,0.0,0.0,0.0,0.0,0.0,0.0,0.0,0.0,0.9799158573150635,0.0,0.0,0.0,0.0,10.333504676818848,0.0,0.0,0.0,0.0,0.0,0.0,0.0,0.0,0.0,0.0,0.0,0.0,0.0,0.0,0.0,0.0,0.0,0.0,0.0,0.0,0.0,1.257826328277588,0.0,0.0,0.0,0.0,0.0,0.0,18.954998016357422,0.0,0.0,0.0,0.0,0.0,0.0,0.0,23.61315155029297,0.0,0.0,0.0,0.0,0.0,0.0,0.0,0.0,0.0,0.0,0.0,0.0,0.0,0.0,0.0,0.0,3.238490104675293,3.599099636077881,0.0,0.0,0.0,0.0,0.0,0.0,0.0,0.0,21.929399490356445,0.0,0.0,0.0,0.0,27.85161781311035,0.0,0.0,0.0,0.0,0.0,0.0,0.0,0.0,0.0,0.0,0.0,0.0,0.0,0.0,0.0,0.0,0.0,0.0,0.0,0.0,0.0,0.0,0.0,0.0,0.0,0.0,0.0,0.0,0.0,0.0,0.0,0.0,0.0,0.0,0.0,0.0,0.0,0.0,0.0,0.0,0.0,2.9384665489196777,0.0,0.0,0.0,0.0,0.0,0.0,0.0,0.0,0.0,0.0,0.0,0.0,0.0,0.0,0.0,0.0,0.0,0.0,0.0,0.0,0.0,0.0,0.0,0.0,0.0,0.0,0.0,0.0,0.0,0.0,0.0,0.0,0.0,0.0,34.20254135131836,0.0,0.0,0.0,0.0,0.0,0.0,0.0,0.0,0.0,3.348236560821533,0.0,0.0,0.0,0.0,0.0,0.0,0.0,0.0,0.0,9.813617706298828,67.42296600341797,0.0,14.789224624633789,0.0,0.0,0.0,0.0,0.0,0.0,0.0,1.1190721988677979,0.0,0.0,0.0,0.0,0.0,0.0,0.0,0.0,0.0,0.1474175602197647,0.0,0.0,0.0,0.0,0.0,0.0,0.0,0.0,0.0,0.0,0.0,0.0,0.0,0.0,0.0,0.0,0.0,0.0,0.0,19.317317962646484,0.0,0.0,0.0,4.065428256988525,0.0,0.0,0.0,0.0,0.0,0.0,0.0,0.0,0.0,27.133115768432617,0.0,0.0,0.0,0.0,0.0,0.0,0.0,0.0,0.0,0.0,0.0,0.0,0.0,0.0,0.0,0.0,0.0,0.0,0.0,0.0,0.0,0.0,0.0,0.0,0.0,0.0,0.0,0.0,0.0,0.0,0.0,0.0,52.968204498291016,0.0,0.0,0.0,0.0,8.715704917907715,15.320218086242676,0.0,0.0,0.0,0.0,0.0,0.0,12.92587947845459,0.0,0.0,0.0,0.0,0.0,0.0,0.0,0.0,22.528818130493164,0.0,0.0,0.0,0.0,0.0,0.0,0.0,0.0,0.0,0.0,0.0,0.0,0.0,0.0,0.0,0.0,0.0,0.0,0.0,0.0,0.0,0.0,0.0,0.0,0.0,0.0,0.0,0.0,0.0,0.0,0.0,0.0,0.0,22.453624725341797,0.0,0.0,0.0,0.0,0.0,0.0,0.0,0.0,0.0,0.0,0.0,0.0,0.0,0.0,0.0,0.0,0.0,0.0,0.0,0.0,0.0,0.0,0.0,0.0,0.0,0.0,0.0,0.0,0.0,0.0,0.0,0.0,0.0,0.0,0.0,0.0,0.0,0.0,0.0,0.0,0.0,0.0,0.0,12.218469619750977,0.0,0.0,0.0,0.0,0.0,0.0,0.0,0.0,0.0,0.0,0.0,0.0,0.0,0.0,0.0,0.0,7.017911434173584,0.0,0.0,0.0,0.0,0.0,43.02903366088867,0.0,0.0,0.0,0.0,0.0,0.0,0.0,0.0,0.0,0.0,0.0,0.0,0.0,0.0,0.0,0.0,0.0,0.0,0.0,7.727287292480469,0.0,0.0,0.0,0.0,0.0,0.0,0.0,0.0,0.0,0.0,0.0,0.0,0.0,0.0,0.0,0.0,0.0,0.0,0.0,0.0,0.0,0.0,29.826494216918945,0.0,0.0,0.0,0.0,0.0,0.0,9.944294929504395,0.0,0.0,0.0,20.06812858581543,0.0,0.0,0.0,0.0,0.0,0.0,0.0,1.6552470922470093,0.0,0.0,0.0,0.0,0.0,0.0,10.828380584716797,0.0,0.0,0.0,0.0,0.0,0.0,0.0,0.0,0.0,0.0,0.0,0.0,0.0,0.0,0.0,0.0,28.94985008239746,0.0,10.180583000183105,0.0,0.0,0.0,0.0,0.0,0.0,0.0,0.0,0.0,0.0,0.0,0.0,0.0,0.0,0.0,0.0,0.0,0.0,0.0,0.0,0.0,0.0,0.0,0.0,0.0,0.0,32.834510803222656,0.0,0.0,0.0,0.0,0.0,0.0,0.0,0.0,0.0,0.0,0.9036733508110046,0.0,0.0,0.0,0.0,0.0,0.0,0.0,1.6869933605194092,0.0,0.0,0.0,0.0,0.0,0.0,0.0,0.0,0.0,0.0,0.0,0.0,0.2607894539833069,0.0,0.0,0.0,0.0,0.0,0.0,0.0,0.0,0.0,0.0,0.0,0.0,0.0,0.0,0.0,0.0,0.0,0.0,0.0,0.0,0.0,0.0,0.0,0.0,0.0,0.0,0.0,0.0,0.0,0.0,0.8635216951370239,0.0,0.0,0.0,0.0,0.0,0.0,0.0,0.0,0.0,0.0,0.0,0.0,0.0,0.0,0.0,0.0,0.0,0.0,0.0,0.0,4.06923246383667,0.0,0.0,0.0,0.0,0.0,0.0,0.0,0.0,0.0,0.0,0.0,0.0,11.349909782409668,0.0,0.0,0.0,0.0,0.0,0.0,0.0,0.0,0.0,0.0,0.0,0.0,0.0,0.0,0.0,0.0,0.0,0.0,0.0,0.0,0.0,0.0,2.0656018257141113,0.0,0.0,0.0,0.0,0.0,0.0,0.0,0.0,0.0,0.0,2.633496046066284,0.0,0.0,0.0,0.0,0.0,0.0,0.0,0.0,0.0,0.0,0.0,0.0,0.0,0.0,0.0,0.0,0.0,0.0,0.0,0.0,0.0,0.0,0.0,10.094030380249023,0.0,0.0,0.0,0.0,0.0,0.0,0.0,0.0,0.0,0.0,22.575593948364258,0.0,0.0,0.0,0.0,0.0,6.6397929191589355,0.0,0.0,0.0,12.62112045288086,0.0,0.0,0.0,0.0,0.0,0.0,0.0,0.0,0.0,1.340537428855896,68.7868423461914,0.0,24.31520652770996,0.0,0.0,0.0,0.0,0.0,0.0,0.0,0.0,0.0,0.0,0.0,0.0,0.0,0.0,0.0,0.0,0.0,0.0,0.0,0.0,0.0,0.0,0.0,0.0,0.0,0.0,0.0,0.0,0.0,0.0,0.0,0.0,0.0,0.0,0.0,0.0,0.0,0.0,0.0,0.0,0.0,4.080893039703369,10.029593467712402,0.0,0.0,0.0,0.0,0.0,10.661699295043945,0.0,0.0,2.248845100402832,0.0,0.0,0.0,0.0,0.0,0.0,0.0,0.0,0.0,0.0,0.0,0.0,0.0,0.0,0.0,0.0,0.0,0.0,4.04527473449707,0.0,0.0,0.0,0.0,0.0,0.0,0.0,0.0,0.0,0.0,0.0,0.0,0.0,28.001373291015625,6.953176498413086,0.0,0.0,0.0,0.0,2.9835870265960693,0.0,0.0,0.0,0.0,0.0,0.0,0.0,0.0,0.0,0.0,0.0,12.627371788024902,0.0,0.0,0.0,38.16829299926758,0.0,0.0,0.0,0.0,0.0,0.0,0.0,0.0,0.0,0.0,0.0,0.0,0.0,0.0,0.0,0.0,0.0,0.0,0.0,0.0,0.0,0.0,0.0,0.0,0.0,0.0,0.0,0.0,0.0,0.0,0.0,0.0,0.0,11.954240798950195,0.0,0.0,0.0,0.0,0.0,0.0,0.0,0.0,0.0,0.0,0.251730740070343,0.0,0.0,0.0,0.0,0.0,0.0,0.0,0.0,0.0,0.0,0.0,0.0,0.0,0.0,0.0,5.651119232177734,0.0,0.0,0.0,0.0,37.94772720336914,0.0,0.0,0.0,0.0,0.0,0.0,0.0,0.0,0.0,0.0,0.0,0.0,0.0,0.0,0.0,0.0,0.0,0.0,0.0,0.0,0.0,0.0,0.0,0.0,0.0,0.0,0.0,0.0,0.0,0.0,0.0,0.0,0.0,0.0,58.86842346191406,0.0,0.0,0.0,0.0,0.0,0.0,0.0,0.0,0.0,0.0,0.0,0.0,0.0,0.0,0.0,0.0,0.0,0.0,0.0,0.0,0.0,0.0,0.0,0.0,0.0,0.0,0.0,0.0,0.0,0.0,0.0,0.0,0.0,0.0,0.0,0.0,0.0,0.0,0.0,0.0,0.0,0.0,8.078896522521973,0.0,0.0,0.0,0.0,0.0,0.0,0.0,0.0,0.0,0.0,26.19723892211914,0.0,0.0,0.0,0.0,8.41050910949707,0.0,0.0,3.6905088424682617,0.0,0.0,0.0,0.0,0.0,1.7878667116165161,0.0,0.0,0.0,0.0,0.0,0.0,0.0,0.0,0.0,0.0,0.0,0.0,0.0,0.0,0.0,0.0,0.0,53.262939453125,0.0,0.0,0.0,0.0,0.0,15.36848258972168,0.0,0.0,0.0,0.0,0.0,0.0,0.0,0.0,0.0,0.0,0.0,0.0,0.0,0.0,0.0,0.0,0.0,0.0,0.0,0.0,0.0,0.0,55.529335021972656,0.0,0.0,0.0,0.0,0.0,0.0,0.0,0.0,0.0,0.0,0.0,0.0,0.0,0.0,0.0,0.0,0.0,0.0,0.0,0.0,0.0,0.0,0.0,0.0,0.0,0.0,0.0,0.0,0.0,0.0,0.0,0.0,0.0,0.0,0.0,0.0,0.0,0.0,0.0,0.0,0.0,0.0,0.0,0.0,0.0,0.0,0.0,0.0,0.0,20.589242935180664,0.0,0.0,0.0,0.0,0.0,0.0,0.0,0.0,0.0,0.0,0.0,0.0,11.614954948425293,0.0,0.0,0.0,0.0,0.0,0.0,0.0,0.0,0.0,0.0,0.0,0.0,0.0,0.0,0.0,0.0,0.0,0.0,0.0,0.0,0.0,0.0,0.0,0.0,0.0,0.0,0.0,0.0,0.0,0.0,0.0,0.0,0.0,14.888276100158691,0.0,0.0,0.0,0.0,0.0,0.0,0.0,0.0,0.0,0.0,0.0,0.0,0.0,0.0,0.0,0.0,0.0,0.0,0.0,0.0,0.0,0.0,0.0,0.0,0.0,0.0,0.0,0.0,0.0,0.0,0.0,0.0,0.0,0.0,0.0,0.0,0.0,0.0,0.0,0.0,0.0,0.0,0.0,0.0,0.0,0.0,0.0,0.0,0.0,0.0,0.0,0.0,0.0,0.0,0.0,0.0,0.0,19.591068267822266,0.0,0.0,0.0,0.0,0.0,0.0,0.0,0.0,0.0,0.0,0.0,0.0,0.0,0.0,0.0,0.0,0.0,0.0,0.0,0.0,0.0,0.0,0.0,0.0,0.0,0.0,0.0,0.0,0.0,0.0,0.0,0.0,0.0,2.232680082321167,0.0,0.0,0.0,0.0,0.0,0.0,0.0,0.0,0.0,0.0,0.0,0.0,0.0,0.0,0.0,0.0,0.0,0.0,0.0,0.0,0.0,0.0,0.0,0.0,0.0,0.0,0.0,0.0,11.31741714477539,0.0,0.0,0.0,0.0,0.0,0.0,0.0,0.0,0.0,0.0,0.0,0.0,0.0,9.565844535827637,0.0,0.0,0.0,0.0,0.0,22.987672805786133,0.0,20.184036254882812,0.0,0.0,0.0,0.0,0.0,0.0,0.0,0.0,0.0,0.0,0.0,0.0,0.0,0.0,0.0,0.0,0.0,0.0,0.0,2.5168697834014893,0.0,0.0,0.0,0.0,0.0,0.0,0.0,0.0,0.0,0.0,0.0,0.0,0.0,32.234840393066406,0.0,0.0,0.0,0.0,0.0,0.0,0.0,0.0,0.0,0.0,0.0,0.0,0.0,0.0,0.0,0.0,0.0,55.167972564697266,0.0,0.0,0.0,32.246150970458984,0.0,0.0,0.0,0.0,0.0,12.277591705322266,0.0,1.5351855754852295,0.0,7.875091552734375,0.0,0.0,0.0,0.0,0.0,0.0,0.0,0.0,0.0,0.0,0.0,2.770517110824585,0.0,0.0,0.0,0.0,0.0,0.0,0.0,0.0,0.0,0.0,0.0,0.0,0.0,0.0,0.0,0.0,0.0,0.0,0.0,0.0,0.0,0.0,7.412320613861084,0.0,0.0,0.0,0.0,0.0,0.0,0.0,0.0,0.0,0.0,0.0,0.0,0.0,0.0,0.0,0.0,0.0,0.0,0.0,0.0,32.85610580444336,0.0,0.0,0.0,0.0,0.0,0.0,0.0,0.0,0.0,0.0,0.0,0.0,0.0,0.0,0.0,0.0,0.0,0.0,0.0,0.0,0.0,0.0,0.0,0.0,0.0,0.0,0.0,0.0,0.0,0.0,0.0,0.0,0.0,0.0,42.73600769042969,0.0,0.0,0.0,0.0,0.0,0.0,0.0,0.0,9.43101692199707,0.0,0.0,0.0,0.0,0.0,0.0,0.0,0.0,0.0,0.0,0.0,0.0,0.0,0.0,0.0,0.0,0.0,0.0,2.097188711166382,7.715500354766846,0.0,0.0,0.0,0.0,0.0,0.0,0.0,0.0,0.0,0.0,0.0,0.0,0.0,0.0,0.0,0.0,0.0,0.0,0.0,0.0,0.0,0.0,0.0,0.0,13.111420631408691,0.0,0.0,0.0,0.0,8.00333309173584,0.0,0.0,0.0,0.0,0.0,0.0,0.0,0.0,0.0,0.0,0.0,0.0,0.0,0.0,0.0,0.0,0.0,0.0,0.0,0.0,0.0,0.0,0.0,0.0,0.0,0.0,40.90629577636719,0.0,0.0,0.0,0.0,0.0,62.73006057739258,0.0,0.0,0.0,0.0,0.0,0.0,0.0,0.0,0.0,0.0,0.0,0.0,0.0,0.0,0.0,0.0,0.0,0.0,0.0,0.0,0.0,0.0,69.77238464355469,0.0,0.0,0.0,0.0,0.0,0.0,0.0,0.0,0.0,0.0,0.0,0.0,0.0,0.0,0.0,0.0,0.0,0.0,0.0,0.0,0.0,0.0,0.0,0.0,2.623317003250122,0.0,0.0,0.0,0.0,0.0,0.0,0.0,0.0,0.0,0.0,0.0,0.0,0.0,0.0,0.0,0.0,0.0,0.0,0.0,0.0,0.0,0.0,0.0,0.0,35.87226867675781,0.0,0.0,0.0,0.0,0.0,0.0,0.0,0.0,0.0,0.0,0.0,0.0,4.442318916320801,0.0,0.0,0.0,0.0,0.0,0.0,0.0,0.0,0.0,0.0,0.0,0.0,0.0,0.0,0.0,0.0,0.0,0.0,0.0,0.0,0.0,0.0,0.0,0.0,0.0,0.0,0.0,0.0,0.0,0.0,0.0,0.0,0.0,0.0,0.0,0.0,0.0,0.0,0.0,0.0,0.0,0.0,0.0,0.0,0.0,0.0,0.0,0.0,0.0,0.0,0.0,0.0,0.0,0.0,0.0,0.0,0.0,0.0,0.0,0.7735868692398071,0.0,0.0,0.0,14.995166778564453,0.0,0.0,0.0,0.0,0.0,0.0,0.0,0.0,0.0,0.0,0.0,0.0,0.0,0.0,0.0,0.0,0.0,0.0,0.0,0.0,0.0,0.0,0.0,0.0,0.0,2.2885525226593018,0.0,0.0,0.0,0.0,24.4097900390625,0.0,0.0,0.0,0.0,0.0,0.0,0.0,0.0,0.0,0.0,0.0,0.0,0.0,0.0,0.0,0.0,0.0,0.0,0.0,0.0,0.0,0.0,0.0,0.0,0.0,0.0,0.0,0.0,0.0,0.0,0.0,0.0,0.0,0.0,0.0,0.0,0.0,0.0,0.0,0.0,0.0,0.0,7.94266939163208,0.0,0.0,0.0,0.0,0.0,0.0,0.0,0.0,0.0,0.0,0.0,0.0,0.0,0.0,0.0,0.0,7.32492208480835,0.0,0.0,0.0,0.0,0.0,0.0,0.0,0.0,0.0,13.81551742553711,0.0,0.0,8.244623184204102,0.0,0.0,0.0,0.0,0.0,0.0,15.486398696899414,0.0,12.851327896118164,0.0,0.0,0.0,0.0,0.0,0.0,0.0,0.0,0.0,0.0,0.0,0.0,0.0,0.0,0.0,0.0,0.0,0.0,0.0,0.0,0.0,0.0,0.0,0.0,0.0,0.0,0.0,0.0,0.0,0.0,0.0,0.0,0.0,19.917556762695312,0.0,0.0,0.0,0.0,0.0,0.0,0.0,0.0,0.0,6.108804225921631,0.0,0.0,2.3162569999694824,0.0,0.0,0.0,0.0,74.7744369506836,0.0,0.0,0.0,11.165064811706543,0.0,0.0,0.0,0.0,0.0,17.808738708496094,0.0,0.0,0.0,16.498414993286133,0.0,0.0,0.0,0.0,0.0,0.0,0.0,0.0,0.0,0.0,0.0,17.595050811767578,0.0,0.0,0.0,0.0,0.0,0.0,0.0,0.0,0.0,0.0,0.0,0.0,0.0,0.0,0.0,0.0,0.0,0.0,0.0,0.0,0.0,0.0,0.0,0.0,8.288719177246094,0.0,0.0,0.0,0.0,0.0,0.0,0.0,0.0,0.0,0.0,0.0,0.0,0.0,6.573326587677002,0.0,0.0,0.0,0.0,14.65790843963623,0.0,0.0,0.0,0.0,0.0,0.0,0.0,0.0,0.0,0.0,0.0,0.0,0.0,0.0,0.0,0.0,0.0,0.0,0.0,0.0,0.0,0.0,0.0,0.0,0.0,0.0,0.0,0.0,0.0,0.0,0.0,0.0,0.0,0.0,7.9979143142700195,0.0,0.0,0.0,0.0,0.0,0.0,0.0,0.0,2.909404754638672,0.0,0.0,0.0,0.0,0.0,0.0,0.0,0.0,0.0,0.0,0.0,0.0,0.0,0.0,0.0,0.0,0.0,0.0,0.0,17.806528091430664,0.0,0.0,0.0,0.0,0.0,0.0,0.0,0.0,0.0,0.0,0.0,0.0,0.0,0.0,0.0,0.0,0.0,0.0,0.0,0.0,2.1299612522125244,0.0,0.0,0.0,0.0,0.0,0.0,0.0,0.0,20.755067825317383,0.0,0.0,0.0,0.0,0.0,0.0,0.0,0.0,16.96949005126953,0.0,0.0,0.0,0.0,0.0,0.0,0.0,0.0,0.0,0.0,0.0,0.0,0.0,0.0,0.0,0.0,0.0,30.390277862548828,0.0,0.0,0.0,0.0,0.0,60.982295989990234,0.0,0.0,0.0,0.0,0.0,0.0,0.0,0.0,0.0,0.0,0.0,0.0,0.0,0.0,6.747643947601318,0.0,0.0,0.0,0.0,16.851272583007812,0.0,0.0,78.96490478515625,0.0,0.0,0.0,0.0,0.0,0.0,0.0,0.0,7.794538974761963,0.0,0.0,0.0,0.0,0.0,0.0,0.0,0.0,0.0,0.0,0.0,0.0,0.0,0.0,0.0,0.0,0.0,0.0,0.0,0.0,0.0,0.0,0.0,0.0,0.0,1.1768192052841187,0.0,0.0,0.0,0.0,0.0,0.0,0.0,0.0,0.0,0.0,0.0,0.0,0.0,0.0,35.57509231567383,0.0,0.0,0.0,0.0,0.0,0.0,0.0,0.0,0.0,0.0,0.0,0.0,0.0,0.0,0.0,0.0,0.0,0.0,0.0,0.0,0.0,0.0,0.0,0.0,0.0,0.0,0.0,0.0,0.0,0.0,0.0,0.0,0.0,0.0,0.0,0.0,0.0,0.0,0.0,0.0,0.0,0.0,0.0,0.0,0.0,0.0,22.19621467590332,0.0,0.0,0.0,0.0,0.0,0.0,0.0,0.0,0.0,0.0,0.0,0.0,0.0,0.0,0.0,0.0,0.0,0.0,0.0,0.0,0.0,0.0,0.0,0.0,0.0,0.0,0.0,0.0,0.0,0.0,0.0,0.0,0.0,0.0,0.0,0.0,0.0,0.0,0.0,0.0,0.0,0.0,0.0,0.0,0.0,0.0,0.0,0.0,0.0,0.0,0.0,0.0,0.0,0.0,0.0,0.0,0.0,0.0,0.0,0.0,12.797033309936523,0.0,0.0,0.0,0.0,0.0,0.0,0.0,0.0,0.0,0.0,0.0,0.0,0.0,13.677017211914062,0.0,0.0,0.0,0.0,0.0,0.0,0.0,0.0,0.0,0.0,0.0,0.0,0.0,0.0,0.0,0.0,11.055521011352539,0.0,0.0,0.0,0.0,0.0,0.0,0.0,0.0,0.0,0.0,0.0,0.0,0.0,0.0,0.0,0.0,0.0,0.0,0.0,0.0,0.0,0.0,0.0,0.0,0.0,0.0,0.0,0.0,0.0,0.0,0.0,0.0,0.0,0.0,0.0,0.0,0.0,0.0,11.258564949035645,0.0,0.0,1.9461565017700195,0.0,0.0,0.0,0.0,0.0,0.0,0.0,0.0,0.0,0.0,0.0,0.0,0.0,0.0,0.0,0.0,0.0,0.0,0.0,0.0,0.0,0.0,0.0,0.0,0.0,0.0,0.0,0.0,0.0,0.0,0.0,0.0,0.0,0.0,0.0,0.0,0.0,0.0,0.0,0.0,0.0,0.0,0.0,10.17411994934082,0.0,0.0,0.0,0.0,0.0,0.0,0.0,0.0,0.056131865829229355,0.0,0.0,0.0,0.0,0.0,0.0,0.0,44.802818298339844,0.0,0.0,0.0,27.721492767333984,0.0,0.0,0.0,0.0,0.0,12.659917831420898,0.0,0.0,0.0,1.096329689025879,0.0,0.0,0.0,0.0,0.0,0.0,0.0,0.0,0.0,0.0,0.0,7.843742847442627,0.0,0.0,0.0,0.0,0.0,0.0,0.0,0.0,0.0,0.0,0.0,0.0,0.0,0.0,0.0,0.0,0.0,0.0,0.0,0.0,0.0,0.0,0.0,0.0,0.0,0.0,0.0,0.0,0.0,0.0,0.0,0.0,0.0,0.0,0.0,0.0,0.0,0.0,0.0,0.0,0.0,0.0,0.0,76.6641845703125,0.0,0.0,0.0,0.0,0.0,0.0,0.0,0.0,0.0,0.0,0.0,0.0,0.0,0.0,0.0,0.0,0.0,0.0,0.0,0.0,0.0,0.0,0.0,0.0,0.0,0.0,0.0,0.0,0.0,0.0,0.0,0.0,0.0,0.0,27.538793563842773,0.0,0.0,0.0,0.0,0.0,0.0,0.0,0.0,0.0,0.0,0.0,0.0,0.0,0.0,0.0,0.0,0.0,0.0,0.0,0.0,0.0,0.0,0.0,0.0,0.0,0.0,0.0,0.0,0.0,0.0,0.0,0.0,0.0,0.0,0.0,0.0,0.0,0.0,0.0,0.0,0.0,0.0,0.0,0.0,0.0,0.0,0.0,0.0,0.0,0.0,0.0,0.0,0.0,0.0,0.0,0.0,0.0,0.0,26.342784881591797,0.0,0.0,0.0,0.0,0.0,0.0,0.0,0.0,37.67692184448242,1.3744287490844727,0.0,0.0,0.0,0.0,0.0,0.0,0.0,0.0,0.0,0.0,0.0,0.0,0.0,0.0,0.0,0.0,70.7935562133789,0.0,0.0,0.0,0.0,0.0,29.960277557373047,0.0,0.0,0.0,0.0,0.0,0.0,0.23089943826198578,0.0,0.0,0.0,0.0,0.0,0.0,0.0,0.0,0.0,0.0,0.0,0.0,15.690145492553711,0.0,0.0,79.25640106201172,0.0,0.0,0.0,0.0,0.0,0.0,0.0,0.0,0.0,0.0,0.0,0.0,0.0,0.0,0.0,0.0,0.0,0.0,0.0,0.0,0.0,0.0,0.0,0.0,0.0,0.0,0.0,0.0,0.0,0.0,0.0,0.0,0.0,0.0,0.0,0.0,0.0,0.0,0.0,0.0,0.0,0.0,0.0,0.0,0.0,0.0,0.0,0.0,0.0,15.550098419189453,0.0,0.0,0.0,0.0,0.0,0.0,0.0,0.0,0.0,0.0,0.0,0.0,0.0,0.0,0.0,0.0,0.0,10.941482543945312,0.0,0.0,0.0,0.0,0.0,0.0,0.0,0.0,0.0,0.0,0.0,0.0,0.0,0.0,0.0,0.0,0.0,0.0,0.0,0.0,0.0,0.0,0.0,0.0,0.0,0.0,0.0,0.0,34.17966079711914,0.0,0.0,0.0,0.0,0.0,0.0,0.0,0.0,0.0,0.0,0.0,0.0,0.0,0.0,0.0,0.0,0.0,0.0,0.0,0.0,0.0,0.0,0.0,0.0,0.0,0.0,0.0,0.0,0.0,0.0,0.0,0.0,0.0,0.0,0.0,0.0,0.0,0.0,0.0,0.0,0.0,0.0,0.0,0.0,0.0,0.0,0.0,0.0,0.0,0.0,0.0,0.0,0.0,0.0,0.0,0.0,0.0,0.0,0.0,0.0,0.0,0.0,0.0,0.0,0.0,0.0,0.0,0.0,0.0,0.0,0.0,0.0,0.0,0.0,16.501327514648438,0.0,0.0,0.0,0.0,0.0,0.0,0.0,0.0,0.0,0.0,0.0,0.0,0.0,0.0,0.0,0.0,11.364791870117188,0.0,0.0,0.0,0.0,0.0,0.0,0.0,0.0,0.0,0.0,0.0,0.0,0.0,0.0,0.0,0.0,0.0,0.0,0.0,0.0,0.0,0.0,0.0,0.0,0.0,0.0,0.0,0.0,0.0,0.0,0.0,0.0,0.0,0.0,0.0,0.0,0.0,0.0,2.497427463531494,0.0,0.0,0.0,0.0,0.0,0.0,0.0,0.0,0.0,0.0,0.0,0.0,0.0,0.0,0.0,0.0,0.0,0.0,0.0,0.0,0.0,0.0,0.0,0.0,0.0,0.0,0.0,0.0,0.0,0.0,0.0,0.0,0.0,0.0,0.0,0.0,0.0,0.0,0.0,0.0,0.0,0.0,0.0,0.0,0.0,0.0,0.0,0.0,0.0,0.0,0.0,0.0,0.0,0.0,0.0,0.0,0.0,0.0,0.0,0.0,0.0,0.0,0.0,0.0,0.0,0.0,0.0,36.267452239990234,0.0,0.0,0.0,0.0,0.0,0.0,0.0,0.0,0.0,0.0,0.0,0.0,0.0,0.0,0.0,0.0,0.0,0.0,0.0,0.0,0.0,0.0,0.0,0.0,0.0,0.0,0.0,0.0,0.0,0.0,0.0,0.0,0.0,0.0,0.0,0.0,0.0,0.0,0.0,0.0,0.0,0.0,0.0,0.0,0.0,0.0,0.0,0.0,0.0,0.0,0.0,0.0,0.0,0.0,0.0,0.0,0.0,0.0,0.0,0.0,0.0,0.0,0.0,0.0,0.0,61.9847297668457,0.0,0.0,0.0,0.0,0.0,0.0,0.0,0.0,0.0,0.0,0.0,0.0,0.0,0.0,0.0,0.0,0.0,0.0,0.0,0.0,0.0,0.0,0.0,0.0,0.0,0.0,0.0,0.0,0.0,0.0,0.0,0.0,0.0,0.0,16.605356216430664,0.0,0.0,0.0,0.0,0.0,0.0,0.0,0.0,0.0,0.0,0.0,0.0,0.0,0.0,0.0,0.0,0.0,0.0,0.0,0.0,0.0,0.0,0.0,0.0,0.0,0.0,0.0,0.0,0.0,0.0,0.0,0.0,0.0,0.0,0.0,0.0,0.0,0.0,0.0,0.0,0.0,0.0,0.0,0.0,0.0,0.0,0.0,0.0,0.0,0.0,0.0,0.0,0.0,10.613258361816406,0.0,0.0,0.0,0.0,27.439128875732422,0.0,0.0,0.0,0.0,0.0,0.0,0.0,0.0,32.08285140991211,0.0,0.0,0.0,0.0,0.0,0.0,0.0,0.0,0.0,0.0,0.0,0.0,0.0,0.0,0.0,0.0,0.0,63.21522521972656,0.0,0.0,0.0,0.0,0.0,26.138574600219727,0.0,0.0,0.0,0.0,0.0,0.0,9.67827320098877,0.0,0.0,0.0,0.0,0.0,0.0,0.0,0.0,0.0,0.0,0.0,0.0,2.8309519290924072,0.0,0.0,61.47261428833008,0.0,0.0,0.0,0.0,0.0,0.0,0.0,0.0,0.0,0.0,0.0,0.0,0.0,0.0,0.0,0.0,0.0,0.0,0.0,0.0,0.0,0.0,0.0,0.0,0.0,0.0,0.0,0.0,0.0,0.0,0.0,0.0,0.0,0.0,0.0,0.0,0.0,0.0,0.0,0.0,0.0,0.0,0.0,0.0,0.0,0.0,0.0,0.0,0.0,13.073997497558594,0.0,0.0,0.0,0.0,0.0,0.0,0.0,0.0,0.0,0.0,0.0,0.0,0.0,0.0,0.0,0.0,0.0,11.982687950134277,0.0,0.0,0.0,0.0,0.0,0.0,0.0,0.0,0.0,0.0,0.0,0.0,0.0,0.0,0.0,17.225759506225586,0.0,0.0,0.0,0.0,0.0,0.0,0.0,0.0,0.0,0.0,0.0,0.0,0.6176853775978088,0.0,0.0,0.0,0.0,0.0,0.0,0.0,0.0,0.0,0.0,0.0,0.0,0.0,0.0,0.0,0.0,0.0,0.0,0.0,0.0,0.0,0.0,6.4046525955200195,0.0,0.0,8.568560600280762,0.0,0.0,0.0,0.0,0.0,0.0,0.0,0.0,0.0,0.0,0.0,0.0,0.0,0.0,0.0,0.0,0.0,0.0,0.0,0.0,0.0,0.0,0.0,0.0,0.0,0.0,0.0,0.0,0.0,0.0,0.0,0.0,0.0,0.0,0.0,0.0,0.0,0.0,0.0,0.0,0.0,0.0,0.0,0.0,0.0,0.0,0.0,0.0,15.806912422180176,0.0,0.0,0.0,0.0,0.0,0.0,0.0,0.0,0.0,0.0,0.0,0.0,0.0,27.116064071655273,0.0,0.0,0.0,0.0,0.0,0.0,0.0,0.0,0.0,0.0,0.0,0.0,0.0,0.0,0.0,0.0,0.0,0.0,0.0,0.0,0.0,0.0,0.0,0.0,0.0,0.0,0.0,0.0,0.0,0.0,0.0,0.0,0.0,0.0,0.0,0.0,0.0,0.0,0.0,0.0,17.696460723876953,0.0,0.0,0.0,0.12859630584716797,0.0,0.0,0.0,0.0,0.0,0.0,0.0,0.0,0.0,0.0,0.0,0.0,0.0,0.0,0.0,0.0,0.0,0.0,0.0,0.0,0.0,0.0,0.0,0.0,0.0,0.0,0.0,0.0,0.0,0.0,0.0,0.0,0.0,0.0,0.0,0.0,0.0,0.0,0.0,0.0,0.0,0.0,0.0,0.0,0.0,0.0,0.0,0.0,0.0,0.0,0.0,0.0,0.0,0.0,0.0,7.551496982574463,0.0,0.0,0.0,3.2635269165039062,0.0,0.0,0.0,0.0,25.7966365814209,0.0,0.0,0.0,0.0,0.0,0.0,0.0,8.50290298461914,0.0,0.0,0.0,0.0,0.0,0.0,0.0,0.0,0.0,0.0,0.0,0.0,0.0,0.0,0.0,0.0,0.0,0.0,0.0,0.0,0.0,0.0,0.0,0.0,0.0,0.0,0.0,0.0,0.0,0.0,0.0,0.0,0.0,0.0,0.0,0.0,0.0,0.0,0.0,0.0,0.0,0.0,0.0,0.9439601898193359,0.0,0.0,0.0,0.0,0.0,0.0,0.0,0.0,0.0,0.0,0.0,0.0,0.0,0.0,0.0,0.0,0.0,0.0,0.0,0.0,0.0,0.0,0.0,0.0,0.0,0.0,0.0,0.0,0.0,0.0,0.0,0.0,0.0,0.0,0.0,0.0,0.0,0.0,0.0,0.0,0.0,0.0,0.0,0.0,0.0,0.0,0.0,0.0,44.30290985107422,0.0,0.0,0.0,0.0,0.0,0.0,0.0,0.0,0.0,0.0,0.0,0.0,4.6728515625,0.0,0.0,0.0,0.0,0.0,0.0,0.0,0.0,0.0,0.0,0.0,0.0,0.0,0.0,0.0,0.0,0.0,0.0,0.0,0.0,0.0,0.0,0.0,0.0,0.0,0.0,0.0,0.0,0.0,0.0,0.0,0.0,0.0,0.0,0.0,0.0,0.0,0.0,0.0,0.0,11.635040283203125,0.0,0.0,0.0,0.0,0.0,0.0,0.0,0.0,0.0,0.0,0.0,0.0,0.0,59.7060546875,0.0,0.0,0.0,0.0,0.0,0.0,0.0,0.0,0.0,0.0,0.0,0.0,0.0,0.0,0.0,0.0,0.0,0.0,0.0,0.0,0.0,0.0,0.0,16.281879425048828,0.0,0.0,0.0,0.0,0.0,0.0,0.0,0.0,0.0,0.0,0.0,0.0,0.0,0.0,0.0,0.0,0.0,0.0,0.0,0.0,0.0,0.0,48.847999572753906,0.0,0.0,0.0,0.0,7.219733715057373,0.0,0.0,0.0,0.0,0.0,0.0,0.0,0.0,0.0,0.0,0.0,0.0,0.0,0.0,0.0,0.0,0.0,0.0,0.0,0.0,0.0,0.0,0.0,0.0,0.0,0.0,0.0,0.0,0.0,0.0,0.0,0.0,0.0,0.0,0.0,0.0,0.0,0.0,0.0,0.0,0.0,0.0,0.0,0.0,19.076189041137695,0.0,0.0,0.0,0.0,0.0,0.0,0.0,0.0,0.0,0.0,0.0,0.0,0.0,0.0,0.0,0.0,0.0,0.0,0.0,0.0,0.0,0.0,0.0,0.0,0.0,0.0,0.0,0.0,0.0,0.0,0.0,0.0,0.0,0.0,0.0,0.0,0.0,0.0,13.285821914672852,0.0,0.0,0.0,0.0,0.0,0.0,0.0,0.0,0.0,0.0,0.0,0.0,0.0,0.0,0.0,0.0,0.0,0.0,0.0,0.0,0.0,0.0,0.0,0.0,0.0,0.0,0.0,0.0,0.0,0.0,0.0,0.0,0.0,0.0,0.0,0.0,0.0,0.0,0.0,0.0,0.0,0.0,0.0,0.0,0.0,0.0,0.0,0.0,0.0,0.0,0.0,0.0,0.0,0.0,0.0,0.0,0.0,0.0,0.0,0.0,0.0,0.0,0.0,0.0,0.0,0.0,0.0,0.0,0.0,0.0,0.0,0.0,0.0,0.0,0.0,0.0,0.0,0.0,0.0,0.0,0.0,0.0,0.0,0.0,0.0,0.0,0.0,0.0,0.0,0.0,0.0,0.0,0.0,0.0,0.0,0.0,0.0,0.0,0.0,9.262880325317383,0.0,0.0,0.0,0.0,0.0,0.0,0.0,0.0,0.0,0.0,0.0,0.0,0.0,0.0,0.0,0.0,0.0,0.0,0.0,0.0,0.0,0.0,0.0,0.0,0.0,0.0,0.0,0.0,0.0,0.0,0.6521462202072144,0.0,0.0,0.0,0.0,0.0,0.0,0.0,1.6352452039718628,2.386378049850464,0.0,3.0049543380737305,0.0,0.0,0.0,0.0,0.0,0.0,0.0,0.0,0.0,0.0,0.0,0.0,0.0,0.0,0.0,1.3287901878356934,0.0,0.0,0.0,0.0,0.0,0.0,0.0,0.0,0.0,0.0,0.0,0.0,0.0,0.0,0.0,0.0,0.0,0.0,0.0,0.0,0.0,0.0,0.0,0.0,0.0,0.0,0.0,0.0,0.0,0.0,0.0,0.0,0.0,0.0,0.0,0.0,15.479804039001465,0.0,0.0,17.5247802734375,0.0,0.0,0.0,0.0,0.0,0.0,0.0,0.0,0.0,0.0,0.0,0.0,0.0,0.0,0.0,0.0,0.0,0.0,0.0,0.0,0.0,0.0,0.0,0.0,0.0,0.0,0.0,0.0,0.0,0.0,0.0,0.0,0.0,0.0,0.0,0.0,0.0,0.0,0.0,0.0,0.0,0.0,0.0,0.0,0.0,0.0,0.0,0.0,0.0,0.0,0.0,0.0,0.0,2.389747381210327,0.0,0.0,0.0,0.0,0.0,0.0,0.0,0.0,0.0,0.0,0.0,0.0,0.0,0.0,0.0,0.0,0.0,0.0,0.0,0.0,0.0,0.0,0.0,0.0,0.0,0.0,0.0,0.0,0.0,0.0,0.0,0.0,0.0,0.0,0.0,0.0,0.0,0.0,0.0,0.0,0.0,0.0,0.0,0.0,0.0,0.0,0.0,0.0,0.0,0.9745882749557495,0.0,0.0,0.0,0.0,0.0,51.748046875,0.0,0.0,0.0,0.0,0.0,0.0,0.0,0.0,0.0,0.0,0.0,0.0,0.0,0.0,0.0,0.0,0.0,0.0,0.0,0.0,0.0,0.0,0.0,0.0,0.0,0.0,0.0,0.0,0.0,0.0,0.0,0.0,0.0,0.0,0.0,0.0,0.0,0.0,0.0,0.0,0.0,0.0,0.0,0.0,0.0,0.0,0.0,0.0,0.0,0.0,0.0,0.0,0.0,23.9374942779541,0.0,0.0,0.0,0.0,11.456782341003418,0.0,0.0,0.0,0.0,0.0,0.0,0.0,0.0,19.550785064697266,0.0,0.0,0.0,0.0,0.0,0.0,0.0,0.0,0.0,0.0,0.0,0.0,0.0,0.0,0.0,0.0,0.0,29.491188049316406,0.0,0.0,0.0,0.0,0.0,0.0,0.0,0.0,0.0,0.0,0.0,0.0,0.0,0.6699854731559753,0.0,0.0,0.0,0.0,0.0,0.0,0.0,0.0,0.0,0.0,0.0,0.0,0.0,0.0,39.83872604370117,0.0,0.0,0.0,0.0,0.0,0.0,0.0,0.0,0.0,0.0,0.0,0.0,0.0,0.0,0.0,0.0,0.0,0.0,0.0,0.0,0.0,0.0,0.0,0.0,0.0,0.0,0.0,0.0,0.0,0.0,0.0,0.0,0.0,0.0,0.0,0.0,0.0,0.0,0.0,0.0,0.0,0.0,0.0,0.0,0.0,0.0,0.0,0.0,9.985676765441895,0.16883385181427002,0.5540207028388977,0.0,0.0,0.0,0.0,0.0,0.0,0.0,0.0,0.0,0.0,0.0,0.0,0.0,0.0,0.0,0.0,0.0,0.0,0.0,0.0,0.0,0.0,0.0,0.0,0.0,0.0,0.0,0.0,0.0,0.0,0.0,0.0,0.0,0.0,0.0,0.0,0.0,0.0,0.0,0.0,0.0,0.0,0.0,0.0,0.0,0.0,0.0,0.0,0.0,0.0,0.0,0.0,0.0,0.0,0.0,0.0,0.0,0.0,0.0,0.0,0.0,0.0,0.0,0.0,0.0,0.0,0.0,0.0,0.0,0.0,0.0,0.0,0.0,0.0,0.0,0.0,0.0,0.0,0.0,0.0,0.0,0.0,0.0,0.0,0.0,0.0,0.0,0.0,0.0,0.0,0.0,0.0,0.0,0.0,0.0,0.0,0.0,0.0,0.0,0.0,0.0,0.0,0.0,0.0,0.0,0.0,0.0,0.0,0.0,0.0,0.0,0.0,0.0,0.0,0.0,0.0,0.0,0.0,0.0,0.0,0.0,0.0,0.0,0.0,0.0,0.0,0.0,0.0,0.0,0.0,0.0,0.0,0.0,0.0,0.0,0.0,0.0,0.0,0.0,0.0,0.0,0.0,0.0,0.0,0.0,0.0,0.0,0.0,0.0,0.0,0.0,0.0,0.0,0.0,0.0,0.0,0.0,0.0,0.0,0.0,0.0,0.0,0.0,0.0,0.0,0.0,0.0,0.0,0.0,0.0,0.0,0.0,0.0,0.0,0.0,0.0,3.2257590293884277,0.0,0.0,0.0,0.0,0.0,0.0,0.0,0.0,0.0,0.0,0.0,0.0,0.0,0.0,0.0,0.0,0.0,0.0,0.0,0.0,0.0,0.0,0.0,0.0,0.0,0.0,0.0,0.0,0.0,0.0,0.0,0.0,0.0,0.0,0.0,0.0,0.0,0.0,0.0,0.0,0.0,0.0,0.0,0.0,0.0,0.0,0.0,0.0,0.0,0.0,0.0,0.0,0.0,0.0,0.0,0.0,0.0,0.0,0.0,0.0,0.0,0.0,0.0,0.0,0.0,0.0,0.0,0.0,0.0,0.0,0.0,0.0,0.0,0.0,0.0,0.0,0.0,0.0,0.0,0.0,0.0,0.0,0.0,0.0,0.0,0.0,0.0,0.0,0.0,0.0,0.0,0.0,0.0,0.0,0.0,0.0,0.0,0.0,0.0,0.0,0.0,0.0,0.0,0.0,0.0,0.0,0.0,0.0,0.0,0.0,0.0,0.0,12.288389205932617,0.0,0.0,0.0,0.0,0.0,0.0,0.0,0.0,0.0,0.0,0.0,0.0,0.0,0.0,0.0,0.0,0.0,0.0,0.0,0.0,0.0,0.0,0.0,0.0,0.0,0.0,0.0,0.0,0.0,0.0,0.0,0.0,0.0,0.0,0.0,0.0,0.0,0.0,0.0,0.0,0.0,0.0,0.0,0.0,0.0,0.0,0.0,0.0,0.0,0.0,0.0,0.0,0.0,0.0,0.0,57.2465705871582,0.0,0.0,0.0,0.0,0.0,0.0,0.0,0.0,0.0,0.0,0.0,0.0,0.0,0.0,0.0,0.0,0.0,0.0,0.0,0.0,0.0,0.0,0.0,0.0,0.0,0.0,0.0,0.0,0.0,0.0,0.0,0.0,0.0,0.0,0.0,0.0,0.0,0.0,0.0,0.0,0.0,0.0,0.0,0.0,0.0,0.0,0.0,0.0,0.0,0.0,0.0,0.0,0.0,1.8678127527236938,0.0,0.0,0.0,0.0,9.869715690612793,0.0,0.0,0.0,0.0,0.0,0.0,0.0,0.0,0.0,0.0,0.0,0.0,0.0,0.0,0.0,0.0,0.0,0.0,0.0,0.0,0.0,0.0,0.0,0.0,0.0,0.0,45.89949035644531,0.0,0.0,0.0,0.0,0.0,0.0,0.0,0.0,0.0,0.0,0.0,0.0,0.0,0.0,0.0,0.0,0.0,0.0,0.0,0.0,0.0,0.0,0.0,0.0,0.0,0.0,0.0,0.0,10.945902824401855,0.0,0.0,0.0,0.0,0.0,0.0,0.0,0.0,0.0,0.0,0.0,0.0,0.0,0.0,0.0,0.0,0.0,0.0,0.0,0.0,0.0,0.0,0.0,0.0,0.0,0.0,0.0,0.0,0.0,0.0,0.0,0.0,0.0,0.0,0.0,0.0,0.0,0.0,0.0,0.0,0.0,0.0,0.0,0.0,0.0,0.0,0.0,0.0,0.0,23.451627731323242,0.0,0.0,0.0,0.0,0.0,0.0,0.0,0.0,0.0,0.0,0.0,0.0,0.0,0.0,0.0,0.0,0.0,0.0,0.0,0.0,0.0,0.0,0.0,0.0,0.0,0.0,0.0,0.0,0.0,0.0,0.0,0.0,0.0,0.0,0.0,0.0,0.0,0.0,0.0,0.0,0.0,0.0,0.0,0.0,0.0,0.0,0.0,0.0,0.0,0.0,0.0,0.0,0.0,0.0,0.0,0.0,0.0,0.0,0.0,0.0,0.0,0.0,0.0,0.0,0.0,0.0,0.0,0.0,0.0,0.0,0.0,0.0,0.0,0.0,0.0,0.0,0.0,0.0,0.0,0.0,0.0,0.0,0.0,0.0,0.0,0.0,0.0,0.0,0.0,0.0,0.0,0.0,0.0,0.0,0.0,0.0,0.0,0.0,0.0,0.0,0.0,0.0,0.0,0.0,0.0,0.0,0.0,0.0,0.0,0.0,0.0,0.0,0.0,0.0,0.0,0.0,0.0,0.0,0.0,0.0,0.0,0.0,0.0,0.0,0.0,0.0,0.0,0.0,0.0,0.0,0.0,0.0,0.0,0.0,0.0,0.0,0.0,0.0,0.0,0.0,0.0,0.0,0.0,0.0,0.0,0.0,0.0,0.0,0.0,0.0,0.0,0.0,0.0,0.0,0.0,0.0,0.0,0.0,0.0,0.0,0.0,0.0,0.0,0.0,0.0,0.0,0.0,0.0,0.0,0.0,0.0,0.0,0.0,0.0,0.0,0.0,0.0,19.50033950805664,0.0,0.0,0.0,0.0,0.0,0.0,0.0,0.0,0.0,0.0,0.0,0.0,0.0,0.0,0.0,0.0,0.0,0.0,0.0,0.0,0.0,0.0,0.0,0.0,0.0,0.0,0.0,0.0,0.0,0.0,0.0,0.0,0.0,0.0,0.0,0.0,0.0,0.0,0.0,0.0,0.0,0.0,0.0,0.0,0.0,0.0,0.0,0.0,0.0,0.0,0.0,0.0,0.0,0.0,0.0,0.0,0.0,0.0,0.0,0.0,0.0,0.0,0.0,40.62089920043945,0.0,0.0,0.0,0.0,0.0,0.0,0.0,0.0,0.0,0.0,0.0,0.0,0.0,0.0,0.0,0.0,0.0,0.0,0.0,0.0,0.0,0.0,0.0,0.0,0.0,0.0,0.0,0.0,0.0,0.0,0.0,0.0,0.0,0.0,0.0,0.0,0.0,0.0,0.0,0.0,0.0,0.0,0.0,0.0,0.0,0.0,0.0,0.0,12.500795364379883,0.0,0.41572755575180054,0.0,0.0,0.0,0.0,0.0,0.0,0.0,0.0,0.0,0.0,0.0,0.0,0.0,0.0,0.0,0.0,0.0,0.0,0.0,0.0,0.0,0.0,0.0,0.0,0.0,0.0,0.0,0.0,0.0,0.0,0.0,0.0,0.0,0.0,0.0,0.0,0.0,0.0,0.0,0.0,0.0,0.0,0.0,0.0,0.0,0.0,0.0,0.0,0.0,0.0,0.0,0.0,0.0,29.839828491210938,0.0,0.0,0.0,0.0,0.0,0.0,0.0,0.0,0.0,0.0,0.0,0.0,0.0,0.0,0.0,0.0,0.0,0.0,0.0,0.0,0.0,0.0,0.0,0.0,0.0,0.0,0.0,0.0,0.0,0.0,0.0,0.0,0.0,0.0,0.0,0.0,0.0,0.0,0.0,0.0,0.0,0.0,0.0,0.0,0.0,0.0,0.0,0.0,0.0,0.0,0.0,0.0,0.0,0.0,0.0,0.0,0.0,0.0,0.0,0.0,0.0,0.0,0.0,0.0,0.0,0.0,0.0,0.0,0.0,0.0,0.0,0.0,0.0,0.0,0.0,0.0,0.0,0.0,0.0,0.0,0.0,0.0,0.0,0.0,0.0,22.860881805419922,0.0,0.0,0.0,0.0,0.0,39.00430679321289,0.0,0.0,0.0,0.0,0.0,0.0,0.0,0.0,0.0,0.0,0.0,0.0,0.0,0.0,0.0,0.0,0.0,0.0,0.0,0.0,0.0,0.0,52.521202087402344,0.0,0.0,0.0,0.0,0.0,0.0,0.0,0.0,0.0,0.0,0.0,0.0,0.0,0.0,0.0,0.0,0.0,0.0,0.0,0.0,0.0,0.0,0.0,0.0,0.0,0.0,0.0,0.0,0.0,0.0,0.0,0.0,0.0,0.0,0.0,0.0,0.0,0.0,0.0,0.0,0.0,0.0,0.0,0.0,0.0,0.0,0.0,0.0,0.0,40.39258575439453,0.0,0.0,0.0,0.0,0.0,0.0,0.0,0.0,0.0,0.0,0.0,0.0,0.0,0.0,0.0,0.0,0.0,0.0,0.0,0.0,0.0,0.0,9.056800842285156,0.0,0.0,0.0,0.0,0.0,0.0,0.0,0.0,0.0,0.0,0.0,0.0,0.0,0.0,0.0,25.572006225585938,0.0,0.0,0.0,0.0,0.0,0.0,0.0,0.0,0.0,0.0,0.0,0.0,0.0,0.0,0.0,0.0,0.0,0.0,0.0,0.0,0.0,0.0,0.0,0.0,0.0,0.0,0.0,0.0,0.0,0.0,1.5271905660629272,0.0,0.0,0.0,0.0,0.0,0.0,1.5771114826202393,0.0,0.0,0.0,0.0,3.781254291534424,0.0,0.0,0.0,0.0,0.0,0.0,0.0,4.4158101081848145,0.0,0.0,0.0,0.0,0.0,0.0,0.0,0.0,0.0,0.0,0.0,0.0,0.0,0.0,0.0,0.0,0.0,0.0,0.0,0.0,0.0,0.0,0.0,0.0,0.0,0.0,0.0,0.0,0.0,0.0,0.0,0.0,0.0,0.0,0.0,0.0,0.0,0.0,0.0,0.0,0.0,0.0,0.0,0.0,0.0,0.0,0.0,0.0,0.0,0.0,0.0,0.0,0.0,0.0,0.0,0.0,0.0,0.0,0.0,0.0,0.0,0.0,0.0,0.0,0.0,0.0,0.0,0.0,0.0,0.0,0.0,0.0,0.0,0.0,0.0,0.0,0.0,0.0,0.0,0.0,0.0,0.0,0.0,0.0,0.0,0.0,0.0,45.95447540283203,0.0,0.0,0.0,0.0,0.0,0.0,0.0,0.0,0.0,0.0,0.0,0.0,0.0,0.0,0.0,0.0,0.0,0.0,0.0,0.0,0.0,0.0,0.0,0.0,0.0,0.0,0.0,0.0,0.0,0.0,0.0,0.0,0.0,0.0,0.0,0.0,0.0,0.0,0.0,0.0,0.0,0.0,0.0,0.0,0.0,0.0,0.0,0.0,0.0,0.0,0.0,0.0,0.0,0.0,0.0,2.6730852127075195,0.0,0.0,0.0,0.0,0.0,0.0,0.0,72.20748901367188,0.0,0.0,0.0,0.0,0.0,0.0,0.0,0.0,0.0,0.0,0.0,0.0,0.0,9.71036148071289,0.0,0.0,0.0,0.0,0.0,0.0,0.0,0.0,0.0,0.0,0.0,0.0,0.0,0.0,0.0,0.0,0.0,0.0,0.0,0.0,0.0,0.0,0.0,0.0,0.0,0.0,0.0,0.0,0.0,0.0,0.0,0.0,0.0,0.0,0.0,0.0,41.874168395996094,0.0,0.0,0.0,0.0,0.0,0.0,0.0,0.0,0.0,0.0,0.0,0.0,0.0,0.0,0.0,0.0,0.0,0.0,0.0,0.0,0.0,0.0,0.0,0.0,0.0,0.0,0.0,0.0,0.0,0.0,0.0,0.0,0.0,0.0,0.0,0.0,0.0,0.0,0.0,0.0,0.0,0.0,0.0,0.0,0.0,0.0,0.0,0.0,0.0,0.0,0.0,0.0,0.0,0.0,0.0,0.0,0.0,0.0,0.0,0.0,0.0,0.0,0.0,0.0,0.0,0.0,0.0,0.0,0.0,13.350257873535156,0.0,0.0,0.0,0.0,0.0,0.0,0.0,0.0,0.0,0.0,0.0,0.0,3.158080577850342,0.0,0.0,0.0,0.0,0.0,0.0,0.0,0.0,0.0,0.0,0.0,0.0,0.0,0.0,0.0,0.0,0.0,0.0,0.0,0.0,0.0,0.0,0.0,0.0,0.0,0.0,0.0,0.0,0.0,14.355571746826172,0.0,0.0,0.0,0.0,0.0,0.0,0.0,0.0,0.0,0.0,0.0,0.0,0.0,0.0,0.0,0.0,0.0,0.0,0.0,0.0,0.0,0.0,0.0,0.0,0.0,0.0,24.228397369384766,0.0,0.0,0.0,0.0,0.0,56.91405487060547,0.0,0.0,0.0,0.0,0.0,0.0,0.0,0.0,0.0,0.0,0.0,0.0,0.0,0.0,1.1892247200012207,0.0,0.018724709749221802,0.0,0.0,0.0,7.386982440948486,0.0,53.36563491821289,0.0,0.0,0.0,0.0,0.19246745109558105,0.0,0.0,0.0,0.0,0.0,0.0,0.0,0.0,0.0,0.0,0.0,0.0,0.0,0.0,0.0,0.0,0.0,0.0,0.0,0.0,0.0,0.0,0.0,0.0,0.0,0.0,0.0,0.0,0.0,38.62629699707031,0.0,0.0,0.0,0.0,0.0,0.0,0.0,0.0,0.0,0.0,0.0,0.0,0.0,0.0,58.096405029296875,0.0,0.0,0.0,0.0,0.0,0.0,0.0,0.0,0.0,0.0,0.0,0.0,0.0,0.0,0.0,0.0,0.0,0.0,0.0,0.0,0.0,0.0,9.002872467041016,0.0,0.0,0.0,0.0,0.0,0.0,0.0,0.0,0.0,0.0,0.0,0.0,0.0,0.0,0.0,0.0,0.0,0.0,0.0,0.0,0.0,0.0,0.0,21.705717086791992,0.0,0.0,0.0,0.0,0.0,0.0,0.0,0.0,0.0,0.0,0.0,0.0,0.0,0.0,0.0,0.0,0.0,0.0,0.0,0.0,0.0,0.0,0.0,0.0,0.0,0.0,0.0,0.0,0.0,0.0,0.0,0.0,0.0,0.0,0.0,0.0,0.0,0.0,0.0,0.0,0.0,0.0,0.0,0.0,0.0,0.0,0.0,0.0,0.0,0.0,0.0,0.0,0.0,0.0,0.0,0.0,0.0,0.0,0.0,0.0,0.0,0.0,0.0,0.0,0.0,0.0,0.0,0.0,0.0,0.0,0.0,0.0,0.0,0.0,0.0,0.0,0.0,0.0,0.0,0.0,0.0,0.0,0.0,0.0,0.0,0.0,0.0,0.0,0.0,0.0,0.0,0.0,0.0,0.0,0.0,0.5813915133476257,0.0,0.0,0.0,0.0,0.0,0.0,0.0,0.0,0.0,0.0,0.0,0.0,0.0,0.0,0.0,0.0,0.0,0.0,0.0,0.0,0.0,0.0,0.0,0.0,0.0,0.0,0.0,0.0,0.0,0.0,0.0,0.0,0.0,0.0,47.914276123046875,0.0,0.0,0.0,0.0,0.0,0.0,0.0,0.0,0.0,0.0,0.0,0.0,0.0,0.0,0.0,0.0,0.0,0.0,0.0,0.0,0.0,0.0,0.0,0.0,0.0,0.0,0.0,0.0,0.0,0.0,0.0,0.0,0.0,0.0,0.0,0.0,0.0,0.0,0.0,0.0,0.0,0.0,0.0,0.0,0.0,0.0,4.6942620277404785,0.0,0.0,0.0,0.0,0.0,0.0,0.0,0.0,0.0,0.0,0.0,0.0,0.0,0.0,0.0,0.0,53.70352554321289,0.0,0.0,0.0,0.0,0.0,0.0,0.0,0.0,0.0,0.0,0.0,0.0,0.0,0.0,0.0,0.0,0.0,0.0,0.0,0.0,0.0,0.0,0.0,0.0,0.0,0.0,0.0,0.0,0.0,0.0,0.0,0.0,0.0,0.0,0.0,0.0,0.0,0.0,0.0,0.0,0.0,0.0,0.0,0.0,0.0,0.0,0.0,0.0,0.0,0.0,0.0,0.0,0.0,0.0,0.0,0.0,0.0,0.0,0.0,0.0,0.0,0.0,0.0,0.0,0.0,0.0,0.0,0.0,0.0,0.0,0.0,0.0,0.0,0.0,0.0,0.0,0.0,0.0,0.0,0.0,0.0,0.0,0.0,0.0,0.0,0.0,0.0,0.0,0.0,0.0,0.0,0.0,0.0,0.0,0.0,0.0,0.0,0.0,0.0,0.0,0.0,0.0,0.0,0.0,43.41767120361328,0.0,0.0,0.0,0.0,0.0,0.0,0.0,0.0,0.0,0.0,0.0,0.0,0.0,0.0,0.0,0.0,0.0,0.0,0.0,0.0,0.0,0.0,0.0,0.0,0.0,0.0,0.0,0.0,0.0,0.0,0.0,0.0,0.0,0.0,0.0,0.0,0.0,0.0,0.0,0.0,0.0,0.0,0.0,0.0,0.0,0.0,0.0,0.0,0.0,0.0,0.0,0.0,0.0,0.0,0.0,0.0,0.0,0.0,20.69048309326172,0.0,0.0,0.0,0.0,0.0,0.0,0.0,0.0,0.0,0.0,0.0,0.0,0.0,0.0,0.0,0.0,0.0,0.0,0.0,0.0,0.0,0.0,0.0,0.0,0.0,0.0,56.561431884765625,0.0,0.0,0.0,0.0,0.0,6.618160247802734,0.0,0.0,0.0,0.0,0.0,0.0,0.0,0.0,0.0,0.0,0.0,0.0,0.0,0.0,0.0,0.0,0.0,0.0,0.0,0.0,0.0,0.0,24.922626495361328,0.0,0.0,0.0,0.0,0.0,0.0,0.0,0.0,0.0,0.0,0.0,0.0,0.0,0.0,0.0,0.0,0.0,0.0,0.0,0.0,0.0,0.0,0.0,0.0,0.0,0.0,0.0,0.0,0.0,0.0,0.0,0.0,0.0,0.0,0.0,0.0,0.0,0.0,0.0,0.0,0.0,0.0,0.0,0.0,0.0,0.0,0.0,0.0,0.0,34.05253219604492,0.0,0.0,0.0,0.0,0.0,0.0,0.0,0.0,0.0,0.0,0.0,0.0,0.0,0.0,0.0,0.0,0.0,0.0,0.0,0.0,0.0,0.0,3.6535775661468506,0.0,0.0,0.0,0.0,0.0,0.0,0.0,0.0,0.0,0.0,0.0,0.0,0.0,0.0,0.0,0.0,0.0,0.0,0.0,0.0,0.0,0.0,0.0,25.91067886352539,0.0,0.0,0.0,0.0,0.0,0.0,0.0,0.0,0.0,0.0,0.0,0.0,0.0,0.0,0.0,0.0,0.0,0.0,0.0,0.0,0.0,0.0,0.0,0.0,0.0,0.0,0.0,0.0,0.0,0.0,0.0,0.0,0.0,0.0,0.0,0.0,0.0,0.0,0.0,0.0,0.0,0.0,0.0,0.0,0.0,0.0,0.0,0.0,0.0,0.0,0.0,0.0,0.0,0.0,0.0,0.0,0.0,0.0,0.0,0.0,0.0,0.0,0.0,0.0,0.0,0.0,0.0,0.0,0.0,0.0,0.0,0.0,0.0,0.0,0.0,0.0,0.0,0.0,0.0,0.0,0.0,0.0,0.0,0.0,0.0,0.0,0.0,0.0,0.0,0.0,0.0,0.0,0.0,0.0,0.0,0.0,0.0,0.0,0.0,0.0,0.0,0.0,0.0,0.0,0.0,0.0,0.0,0.0,0.0,0.0,0.0,0.0,0.0,0.0,0.0,0.0,0.0,0.0,0.0,0.0,0.0,0.0,0.0,0.0,0.0,0.0,0.0,0.0,0.0,0.0,30.1720027923584,0.0,0.0,0.0,0.0,0.0,0.0,0.0,0.0,0.0,0.0,0.0,0.0,0.0,0.0,0.0,0.0,0.0,0.0,0.0,0.0,0.0,0.0,0.0,0.0,0.0,0.0,0.0,0.0,0.0,0.0,0.0,0.0,0.0,0.0,0.0,0.0,0.0,0.0,0.0,0.0,0.0,0.0,0.0,0.0,0.0,0.0,0.0,0.0,0.0,0.0,0.0,0.0,0.0,0.0,0.0,0.0,0.0,0.0,0.0,0.0,0.0,0.0,0.0,0.0,0.0,0.0,0.0,0.0,0.0,0.0,0.0,0.0,0.0,0.0,0.0,0.0,0.0,0.0,0.0,0.0,0.0,0.0,0.0,0.0,0.0,0.0,0.0,0.0,0.0,0.0,0.0,0.0,0.0,0.0,0.0,0.0,0.0,0.0,0.0,0.0,0.0,0.0,0.0,0.0,0.0,0.0,0.0,0.0,0.0,0.0,0.0,0.0,0.0,0.0,0.0,0.0,0.0,0.0,0.0,0.0,0.0,0.0,0.0,0.0,0.0,0.0,0.0,0.0,0.0,0.0,0.0,0.0,0.0,0.0,0.0,0.0,0.0,0.0,0.0,0.0,0.0,0.0,0.0,0.0,0.0,0.0,0.0,0.0,0.0,0.0,0.0,0.0,0.0,0.0,0.0,0.0,0.0,0.0,0.0,0.0,0.0,0.0,0.0,0.0,0.0,0.0,0.0,0.0,1.02601957321167,0.0,0.0,0.0,0.0,0.0,0.0,0.0,0.0,0.0,0.0,0.0,0.0,0.0,0.0,0.0,0.0,0.0,0.0,0.0,0.0,0.0,0.0,0.0,0.0,0.0,0.0,0.0,0.0,0.0,0.0,0.0,0.0,0.0,0.0,0.0,0.0,0.0,0.0,0.0,0.0,0.0,0.0,0.0,0.0,0.0,0.0,0.0,0.0,0.0,0.0,0.0,0.0,0.0,0.0,0.0,0.0,0.0,0.0,14.319475173950195,0.0,0.0,0.0,0.0,0.0,0.0,0.0,0.0,0.0,0.0,0.0,0.0,0.0,0.0,0.0,0.0,0.0,0.0,0.0,0.0,0.0,0.0,0.0,0.0,0.0,0.0,57.58134078979492,0.0,0.0,0.0,0.0,0.0,0.0,0.0,0.0,0.0,0.0,0.0,0.0,0.0,0.0,0.0,0.0,0.0,0.0,0.0,0.0,0.0,0.0,0.0,0.0,0.0,0.0,0.0,0.0,6.668944835662842,0.0,0.0,0.0,0.0,0.0,0.0,0.0,0.0,0.0,0.0,0.0,0.0,0.0,0.0,0.0,0.0,0.0,0.0,0.0,0.0,0.0,0.0,0.0,0.0,0.0,0.0,0.0,0.0,0.0,0.0,0.0,0.0,0.0,0.0,0.0,0.0,0.0,0.0,0.0,0.0,0.0,0.0,0.0,0.0,0.0,0.0,0.0,0.0,0.0,21.136152267456055,0.0,0.0,0.0,0.0,0.0,0.0,0.0,0.0,0.0,0.0,0.0,0.0,0.0,0.0,0.0,0.0,0.0,0.0,0.0,0.0,0.0,0.0,1.5490738153457642,0.0,0.0,0.0,0.0,0.0,0.0,0.0,0.0,0.0,0.0,0.0,0.0,0.0,0.0,0.0,0.0,0.0,0.0,0.0,0.0,0.0,0.0,0.0,0.0,0.0,0.0,0.0,0.0,0.0,0.0,0.0,0.0,0.0,0.0,0.0,0.0,0.0,0.0,0.0,0.0,0.0,0.0,0.0,0.0,0.0,0.0,0.0,0.0,0.0,14.727070808410645,0.0,0.0,0.0,0.0,0.0,0.0,0.0,0.0,0.0,0.0,0.0,0.0,0.0,0.0,0.0,0.0,0.0,0.0,0.0,0.0,0.0,0.0,0.0,0.0,0.0,0.0,0.0,0.0,0.0,0.0,0.0,0.0,0.0,0.0,0.0,0.0,0.0,0.0,0.0,0.0,0.0,0.0,0.0,0.0,0.0,0.0,0.0,0.0,0.0,0.0,0.0,0.0,0.0,0.0,0.0,0.0,0.0,0.0,0.0,0.0,0.0,0.0,0.0,0.0,0.0,0.0,0.0,0.0,0.0,0.0,0.0,0.0,0.0,0.0,0.0,0.0,0.0,0.0,0.0,0.0,0.0,0.0,0.0,0.0,0.0,0.0,0.0,0.0,0.0,0.0,0.0,0.0,0.0,0.0,0.0,0.0,0.0,0.0,0.0,0.0,0.0,0.0,0.0,10.059676170349121,15.116219520568848,0.0,0.0,0.0,0.0,0.0,0.0,0.0,0.0,0.0,0.0,0.0,0.0,0.0,0.0,0.0,0.0,0.0,0.0,0.0,0.0,0.0,0.0,0.0,0.0,0.0,0.0,0.0,0.0,0.0,0.0,0.0,0.0,0.0,0.0,0.0,0.0,0.0,0.0,0.0,0.0,0.0,0.0,0.0,0.0,0.0,0.0,0.0,0.0,0.0,0.0,0.0,0.0,0.0,0.0,0.0,0.0,0.0,0.0,0.0,0.0,0.0,0.0,0.0,0.0,0.0,0.0,0.0,12.980267524719238,0.0,0.0,0.0,0.0,0.0,0.0,0.0,0.0,0.0,0.14327052235603333,0.0,0.0,0.0,0.0,0.0,0.0,0.0,0.0,0.0,0.0,0.0,0.0,0.0,0.0,0.0,0.0,0.0,0.0,0.0,0.0,0.0,0.0,0.0,0.0,0.0,0.0,0.0,0.0,0.0,0.0,0.0,0.0,0.0,0.0,0.0,0.0,0.0,0.0,0.0,0.0,0.0,0.0,0.0,0.0,0.0,0.0,0.0,0.0,0.0,0.0,0.0,0.0,0.0,0.0,0.0,0.0,0.0,0.0,0.0,0.0,0.0,0.0,0.0,0.0,0.0,0.0,0.0,0.0,0.0,0.0,0.0,0.0,0.0,0.0,0.0,0.0,0.0,0.0,0.0,0.0,0.0,0.0,0.0,0.0,0.0,0.0,0.0,0.0,0.0,0.0,8.591852188110352,0.0,0.0,0.0,0.0,0.0,0.0,0.0,0.0,0.0,0.0,0.0,0.0,0.0,0.0,0.0,0.0,0.0,0.0,0.0,0.0,0.0,0.0,0.0,0.0,0.0,0.0,0.0,0.0,0.0,0.0,0.0,0.0,0.0,0.0,0.0,0.0,0.0,0.0,0.0,0.0,0.0,0.0,0.0,0.0,0.0,0.0,0.0,0.0,0.0,0.0,0.0,0.0,0.0,0.0,0.0,0.0,0.0,0.0,0.0,0.0,0.0,0.0,0.0,0.0,0.0,0.0,0.0,29.011091232299805,0.0,0.0,0.0,0.0,0.0,0.0,0.0,0.0,0.0,0.0,0.0,0.0,0.0,0.0,0.0,0.0,0.0,0.0,0.0,0.0,0.0,0.0,0.0,0.0,0.0,0.0,0.0,0.0,0.0,0.0,0.0,0.0,0.0,0.0,0.0,0.0,0.0,0.0,0.0,0.0,0.0,0.0,0.0,0.0,0.0,0.0,53.32902526855469,0.0,0.0,0.0,0.0,26.997758865356445,0.0,0.0,0.0,0.0,0.0,0.0,0.0,0.0,0.0,0.0,0.6564568281173706,0.0,0.0,0.0,0.0,0.0,0.0,0.0,0.0,0.0,0.0,0.0,0.0,0.0,0.0,0.0,0.0,0.0,0.0,0.0,0.0,0.0,0.0,0.0,0.0,0.0,0.0,0.0,0.0,0.0,0.0,0.0,0.0,0.0,28.58204460144043,0.0,0.0,0.0,0.0,0.0,0.0,0.0,0.0,0.0,0.0,0.0,0.0,0.0,0.0,0.0,0.0,0.0,0.0,0.0,0.0,0.0,0.0,11.235542297363281,0.0,0.0,0.0,0.0,0.0,0.0,0.0,0.0,0.0,0.0,0.0,0.0,0.0,0.0,0.0,0.0,0.0,0.0,0.0,0.0,0.0,0.0,0.0,0.0,0.0,0.0,0.0,0.0,0.0,0.0,0.0,0.0,0.0,0.0,0.0,0.0,0.0,0.0,0.0,0.0,0.0,0.0,0.0,0.0,0.0,0.0,0.0,0.0,0.0,0.0,0.0,0.0,0.0,0.0,0.0,0.0,0.0,0.0,0.0,0.0,0.0,0.0,0.0,0.0,0.0,0.0,0.0,0.0,0.0,0.0,0.0,0.0,0.0,0.0,0.0,0.0,0.0,0.0,0.0,0.0,0.0,0.0,0.0,0.0,0.0,0.0,0.0,0.0,0.0,0.0,0.0,0.0,0.0,0.0,0.0,0.0,0.0,0.0,0.0,0.0,0.0,0.0,0.0,0.0,0.0,0.0,0.0,0.0,0.0,0.0,0.0,0.0,0.0,0.0,0.0,0.0,0.0,0.0,0.0,0.0,0.0,0.0,0.0,0.0,0.0,0.0,0.0,0.0,0.0,0.0,0.0,0.0,0.0,0.0,0.0,0.0,0.0,0.0,0.0,0.0,0.0,0.0,0.0,0.0,0.0,0.0,0.0,0.0,0.0,0.0,0.0,0.0,0.0,0.0,0.0,3.931320905685425,0.0,0.0,0.0,0.0,0.0,0.0,0.0,0.0,0.0,0.0,0.0,0.0,0.0,0.0,0.0,0.0,0.0,0.0,0.0,0.0,0.0,0.0,0.0,0.0,0.0,0.0,0.0,0.0,0.0,0.0,0.0,0.0,0.0,0.0,0.0,0.0,0.0,0.0,0.0,0.0,0.0,0.0,0.0,0.0,0.0,0.0,0.0,0.0,0.0,0.0,0.0,0.0,0.0,0.0,0.0,0.0,0.0,0.0,0.0,0.0,0.0,0.0,0.0,0.0,0.0,0.0,12.273479461669922,0.0,0.0,0.0,0.0,0.0,0.0,0.0,0.0,0.0,0.0,0.0,0.0,0.0,0.0,0.0,0.0,0.0,0.0,0.0,0.0,0.0,0.0,0.0,0.0,0.0,0.0,0.0,0.0,0.0,0.0,0.0,0.0,0.0,0.0,0.0,0.0,0.0,0.0,0.0,0.0,0.0,0.0,0.0,0.0,0.8726447820663452,0.0,0.0,0.0,0.0,0.0,0.0,0.0,0.0,0.0,0.0,0.0,0.0,0.0,0.0,0.0,0.0,0.0,0.0,0.0,0.0,0.0,0.0,0.0,0.0,0.0,0.0,0.0,0.0,0.0,0.0,0.0,0.0,0.0,0.0,0.0,0.0,0.0,0.0,0.0,0.0,0.0,0.0,0.0,0.0,0.0,0.0,0.0,0.0,0.0,0.0,0.0,0.0,0.0,0.0,0.0,19.343900680541992,0.0,0.0,0.0,0.0,0.0,0.0,0.0,0.0,0.0,0.0,0.0,0.0,0.0,0.0,0.0,0.0,0.0,0.0,0.0,0.0,0.0,0.0,0.0,0.0,0.0,0.0,0.0,0.0,0.0,0.0,0.0,0.0,0.0,0.0,0.0,0.0,0.0,0.0,0.0,0.0,0.0,0.0,0.0,0.0,0.0,0.0,0.0,0.0,0.0,0.0,0.0,0.0,0.0,0.0,0.0,0.0,0.0,0.0,2.672940731048584,0.0,0.0,0.0,0.0,0.0,0.0,0.0,0.0,6.137523651123047,1.6674413681030273,0.0,0.0,0.0,0.0,0.0,0.0,0.0,0.0,0.0,0.0,0.0,0.0,0.0,0.0,0.0,0.0,0.0,0.0,0.0,0.0,0.0,0.0,0.0,0.0,0.0,0.0,0.0,0.0,0.0,0.0,0.0,0.0,0.0,0.0,0.0,0.0,0.0,0.0,0.0,0.0,0.0,0.0,0.0,0.0,0.0,31.465328216552734,0.0,0.0,0.0,0.0,1.8075188398361206,0.0,0.0,0.0,0.0,0.0,0.0,0.0,0.0,0.0,0.0,0.0,0.0,0.0,0.0,0.0,0.0,0.0,0.0,0.0,0.0,0.0,0.0,0.0,0.0,0.0,0.0,0.0,0.0,0.0,0.0,0.0,0.0,0.0,0.0,0.0,0.0,0.0,0.0,0.0,0.0,0.0,0.0,0.0,0.0,9.746173858642578,0.0,0.0,0.0,0.0,0.0,0.0,0.0,0.0,0.0,0.0,0.0,0.0,0.0,0.0,0.0,0.0,0.0,0.0,0.0,0.0,0.0,0.0,0.0,0.0,0.0,0.0,0.0,0.0,0.0,0.0,0.0,0.0,0.0,0.0,0.0,0.0,0.0,0.0,0.0,0.0,0.0,0.0,0.0,0.0,0.0,0.0,0.0,0.0,0.0,0.0,0.0,0.0,0.0,0.0,0.0,0.0,0.0,0.0,0.0,0.0,0.0,0.0,0.0,0.0,0.0,0.0,0.0,0.0,0.0,0.0,0.0,0.0,0.0,0.0,0.0,0.0,0.0,0.0,0.0,0.0,0.0,2.508413791656494,0.0,0.0,0.0,0.0,0.0,0.0,0.0,0.0,0.0,0.0,0.0,0.0,0.0,0.0,0.0,0.0,0.0,0.0,0.0,0.0,0.0,0.0,0.0,0.0,0.0,0.0,0.0,0.0,0.0,0.0,0.0,0.0,0.0,0.0,0.0,0.0,0.0,0.0,0.0,0.0,0.0,0.0,0.0,0.0,0.0,0.0,0.0,0.0,0.0,0.0,0.0,0.0,0.0,0.0,0.0,0.0,0.0,0.0,0.0,0.0,0.0,0.0,0.0,0.0,0.0,0.0,0.0,0.0,0.0,0.0,0.0,0.0,0.0,0.0,0.0,0.0,0.0,0.0,0.0,0.0,0.0,0.0,0.0,0.0,0.0,0.0,0.0,0.0,0.0,0.0,0.0,0.0,0.0,0.0,0.0,0.0,0.0,0.0,0.0,0.0,0.0,0.0,0.0,0.0,0.0,0.0,0.0,0.0,0.0,0.0,0.0,0.0,0.0,0.0,0.0,0.0,0.0,0.0,0.0,0.0,0.0,0.0,0.0,0.0,0.0,0.0,0.0,0.0,0.0,0.0,0.0,0.0,0.0,0.0,0.0,0.0,0.0,0.0,0.0,0.0,0.0,0.0,0.0,0.0,0.0,0.0,0.0,0.0,0.0,0.0,0.0,0.0,0.0,0.0,0.0,0.0,0.0,0.0,0.0,0.0,0.0,0.0,0.0,0.0,0.0,0.0,0.0,0.0,0.0,0.0,0.0,0.0,0.0,0.0,0.0,0.0,0.0,0.0,0.0,0.0,0.0,0.0,0.0,0.0,0.0,0.0,0.0,0.0,0.0,0.0,0.0,0.0,0.0,0.0,0.0,0.0,0.0,0.0,0.0,0.0,0.0,0.0,0.0,0.0,0.0,0.0,0.0,0.0,0.0,0.0,0.0,0.0,0.0,0.0,0.0,0.0,0.0,0.0,0.0,0.0,0.0,0.0,0.0,0.0,0.0,0.0,0.0,0.0,0.0,0.0,0.0,0.0,0.0,0.0,0.0,0.0,0.0,0.0,0.0,0.0,0.0,0.0,0.0,0.0,0.0,0.0,0.0,0.0,0.0,0.0,0.0,0.0,0.0,0.0,0.0,0.0,0.0,0.0,0.0,0.0,0.0,0.0,0.0,0.0,0.0,0.0,0.0,0.0,0.0,0.0,0.0,0.0,0.0,0.0,0.0,0.0,0.0,0.0,0.0,0.0,0.0,0.0,0.0,0.0,0.0,0.0,0.0,0.0,0.0,0.0,0.0,0.0,0.0,0.0,0.0,0.0,0.0,0.0,0.0,0.0,0.0,0.0,0.0,0.0,0.0,0.0,0.0,0.0,0.0,0.0,0.0,0.0,0.0,0.0,0.0,0.0,0.0,0.0,0.0,0.0,0.0,0.0,0.0,0.0,0.0,0.0,0.0,0.0,0.0,0.0,0.0,0.0,0.0,2.19926118850708,0.0,0.0,0.0,0.0,0.0,0.0,0.0,0.0,0.0,0.0,0.0,0.0,0.0,0.0,0.0,0.0,0.0,0.0,0.0,0.0,0.0,0.0,0.0,0.0,0.0,0.0,0.0,0.0,0.0,0.0,0.0,0.0,0.0,0.0,0.0,0.0,0.0,0.0,0.0,0.0,0.0,0.0,0.0,0.0,0.0,24.34441375732422,0.0,0.0,0.0,0.0,6.7516374588012695,0.0,0.0,0.0,0.0,0.0,0.0,0.0,0.0,0.0,0.0,0.0,0.0,0.0,0.0,0.0,0.0,0.0,0.0,0.0,0.0,0.0,0.0,0.0,0.0,0.0,0.0,0.0,0.0,0.0,0.0,0.0,0.0,0.0,0.0,0.0,0.0,0.0,0.0,0.0,0.0,0.0,0.0,0.0,0.0,12.821949005126953,0.0,0.0,0.0,0.0,0.0,0.0,0.0,0.0,0.0,0.0,0.0,0.0,0.0,0.0,0.0,0.0,0.0,0.0,0.0,0.0,0.0,0.0,0.0,0.0,0.0,0.0,0.0,0.0,0.0,0.0,0.0,0.0,0.0,0.0,0.0,0.0,0.0,0.0,0.0,0.0,0.0,0.0,0.0,0.0,0.0,0.0,0.0,0.0,0.0,0.0,0.0,0.0,0.0,0.0,0.0,0.0,0.0,0.0,0.0,0.0,0.0,0.0,0.0,0.0,0.0,0.0,0.0,0.0,0.0,0.0,0.0,0.0,0.0,0.0,0.0,0.0,0.0,0.0,0.0,0.0,0.0,0.0,0.0,0.0,0.0,0.0,0.0,0.0,0.0,0.0,0.0,0.0,0.0,0.0,0.0,0.0,0.0,0.0,0.0,0.0,0.0,0.0,0.0,0.0,0.0,0.0,0.0,0.0,0.0,0.0,0.0,0.0,0.0,0.0,0.0,0.0,0.0,0.0,0.0,0.0,0.0,0.0,0.0,0.0,0.0,0.0,0.0,0.0,0.0,0.0,0.0,0.0,0.0,0.0,0.0,0.0,0.0,0.0,0.0,0.0,0.0,0.0,0.0,0.0,0.0,0.0,0.0,0.0,0.0,0.0,0.0,0.0,0.0,0.0,0.0,0.0,0.0,0.0,0.0,0.0,0.0,0.0,0.0,0.0,0.0,0.0,0.0,0.0,0.0,0.0,0.0,0.0,0.0,0.0,0.0,0.0,0.0,0.0,0.0,0.0,0.0,0.0,0.0,0.0,0.0,0.0,0.0,0.0,0.0,0.0,0.0,0.0,0.0,0.0,0.0,0.0,0.0,0.0,0.0,0.0,0.0,0.0,0.0,0.0,0.0,0.0,0.0,0.0,0.0,0.0,0.0,0.0,0.0,0.0,0.0,0.0,0.0,0.0,0.0,0.0,0.0,0.0,0.0,0.0,0.0,0.0,0.0,0.0,0.0,0.0,0.0,0.0,0.0,0.0,0.0,0.0,0.0,0.0,0.0,0.0,0.0,0.0,0.0,0.0,0.0,0.0,0.0,0.0,0.0,0.0,0.0,0.0,0.0,0.0,0.0,0.0,0.0,0.0,0.0,0.0,0.0,0.0,0.0,0.0,0.0,0.0,0.0,0.0,0.0,0.0,0.0,0.0,0.0,0.0,0.0,0.0,0.0,0.0,0.0,0.0,0.0,0.0,0.0,0.0,0.0,0.0,0.0,0.0,0.0,0.0,0.0,0.0,0.0,0.0,0.0,0.0,0.0,0.0,0.0,0.0,0.0,0.0,0.0,0.0,0.0,0.0,0.0,0.0,0.0,0.0,0.0,0.0,0.0,0.0,0.0,0.0,0.0,0.0,0.0,0.0,0.0,0.0,0.0,0.0,0.0,0.0,0.0,0.0,0.0,0.0,0.0,0.0,0.0,0.0,0.0,0.0,0.0,0.0,0.0,0.0,0.0,0.0,0.0,0.0,0.0,0.0,18.643936157226562,0.0,0.0,0.0,0.0,0.0,0.0,0.0,0.0,0.0,0.0,0.0,0.0,0.0,0.0,0.0,0.0,0.0,0.0,0.0,0.0,0.0,0.0,0.0,0.0,0.0,0.0,0.0,0.0,0.0,0.0,0.0,0.0,0.0,0.0,0.0,0.0,0.0,0.0,0.0,0.0,0.0,0.0,0.0,0.0,0.0,0.0,0.0,0.0,0.0,0.0,0.0,0.0,0.0,0.0,0.0,0.0,0.0,0.0,62.817909240722656,0.0,0.0,0.0,0.0,0.0,0.0,0.0,0.0,0.0,0.0,0.0,0.0,0.0,0.0,0.0,0.0,0.0,0.0,0.0,0.0,0.0,0.0,0.0,0.0,0.0,0.0,0.0,0.0,0.0,0.0,0.0,0.0,0.0,0.0,0.0,0.0,0.0,0.0,0.0,0.0,0.0,0.0,0.0,0.0,0.0,0.0,0.0,0.0,0.0,0.0,0.0,0.0,0.0,0.0,0.0,0.0,0.0,0.0,0.0,0.0,8.724960327148438,0.0,0.0,0.0,0.0,0.0,0.0,0.0,0.0,0.0,0.0,0.0,0.0,0.0,0.0,0.0,0.0,0.0,0.0,0.0,0.0,0.0,0.0,0.0,0.0,0.0,0.0,0.0,0.0,0.0,0.0,0.0,0.0,0.0,0.0,0.0,0.0,0.0,0.0,0.0,0.0,0.0,0.0,0.0,0.0,27.658903121948242,0.0,0.0,0.0,0.0,0.0,0.0,0.0,0.0,0.0,0.0,0.0,0.0,0.0,0.0,0.0,0.0,0.0,0.0,0.0,0.0,0.0,0.0,0.0,0.0,0.0,4.530139923095703,0.0,0.0,0.0,0.0,0.0,0.0,0.0,0.0,0.0,0.0,0.0,0.0,0.0,0.0,0.0,0.0,0.0,0.0,0.0,0.0,0.0,0.0,0.0,0.0,0.0,0.0,0.0,0.0,0.0,0.0,0.0,0.0,0.0,0.0,0.0,0.0,0.0,0.0,0.0,0.0,0.0,0.0,0.0,0.0,0.0,0.0,0.0,0.0,0.0,0.0,0.0,0.0,0.0,0.0,0.0,0.0,0.0,0.0,0.0,24.01701545715332,0.0,0.0,0.0,0.0,0.0,0.0,0.0,0.0,0.0,0.0,0.0,0.0,0.0,0.0,0.0,0.0,0.0,0.0,0.0,0.0,0.0,0.0,0.0,0.0,0.0,0.0,0.0,0.0,0.0,0.0,0.0,0.0,0.0,0.0,0.0,0.0,0.0,0.0,0.0,0.0,0.0,0.0,0.0,0.0,0.0,0.0,0.0,0.0,0.0,0.0,0.0,0.0,0.0,0.0,0.0,0.0,0.0,0.0,0.0,0.8418060541152954,0.0,0.0,0.0,0.0,0.0,0.0,0.0,0.0,0.0,8.610897064208984,0.0,0.0,0.0,0.0,0.0,0.0,0.0,0.0,0.0,0.0,0.0,0.0,0.0,0.0,0.0,0.0,0.0,0.0,0.0,0.0,0.0,0.0,0.0,0.0,0.0,0.0,0.0,0.0,0.0,0.0,0.0,4.373150825500488,0.0,0.0,0.0,0.0,0.0,0.0,0.0,0.0,0.0,0.0,0.0,0.0,0.0,0.0,0.0,0.0,0.0,0.0,0.0,0.0,0.0,0.0,0.0,0.0,0.0,0.0,0.0,0.0,0.0,0.0,0.0,0.0,1.8235561847686768,0.0,0.0,0.0,0.0,0.0,0.0,0.0,0.0,0.0,0.0,0.0,0.0,27.088510513305664,0.0,0.0,0.0,0.0,0.0,0.0,0.0,23.71097183227539,0.0,0.0,0.0,21.978260040283203,0.0,0.0,0.0,0.0,0.0,5.676874160766602,0.0,3.2015326023101807,0.0,0.0,0.0,0.0,0.0,0.0,0.0,0.0,0.0,0.0,0.0,0.0,0.0,0.0,13.494208335876465,0.0,0.0,0.0,0.0,0.0,0.0,0.0,0.0,0.0,0.0,0.0,0.0,0.0,0.0,0.0,0.0,0.0,0.0,0.0,0.0,0.0,0.0,0.0,3.796990394592285,0.0,0.0,0.0,0.0,0.0,0.0,0.0,0.0,0.0,0.0,0.0,0.0,0.0,0.0,0.0,0.0,0.0,0.0,0.0,0.0,0.0,0.0,0.0,0.0,0.0,0.0,0.0,0.0,0.0,0.0,0.0,0.0,0.0,0.0,0.0,0.0,0.0,0.0,0.0,0.0,0.0,0.0,0.0,0.0,0.0,0.0,0.0,0.0,0.0,0.0,0.0,0.0,0.0,15.119446754455566,0.0,0.0,0.0,0.0,0.0,0.0,0.0,0.0,0.0,0.0,0.0,0.0,0.0,0.0,0.0,0.0,0.0,0.0,0.0,0.0,0.0,0.0,0.0,0.0,0.0,0.0,0.0,0.0,0.0,0.0,0.0,0.0,0.0,0.0,0.0,0.0,0.0,0.0,11.767937660217285,0.0,0.0,0.0,0.0,5.951626300811768,0.0,0.0,0.0,0.0,0.0,0.0,0.0,0.0,0.0,0.0,0.0,0.0,0.0,0.0,77.53079986572266,0.0,0.0,14.366477012634277,0.0,0.0,0.0,0.0,3.2146835327148438,0.0,0.0,0.0,0.0,0.0,0.0,0.0,0.0,0.0,0.0,0.0,0.0,0.0,0.0,0.0,0.0,0.0,0.0,0.0,0.0,0.0,0.0,0.0,0.0,0.0,0.0,0.0,0.0,0.0,0.0,0.0,0.0,0.0,0.0,0.0,0.0,0.0,0.0,0.0,0.0,0.0,0.0,0.0,0.0,20.686410903930664,16.80270767211914,0.0,0.0,0.0,0.0,0.0,0.0,0.2326183319091797,0.0,0.0,0.0,0.0,0.0,0.0,0.0,0.0,0.0,0.0,0.0,0.0,0.0,0.0,0.0,0.0,0.0,0.0,0.0,0.0,0.0,0.0,0.0,0.0,0.0,0.0,0.0,0.0,0.0,0.0,0.0,0.0,0.0,0.0,0.0,0.0,0.0,0.0,0.0,0.0,0.0,0.0,0.0,0.0,45.210609436035156,0.0,0.0,0.0,0.0,0.0,0.0,0.0,0.0,0.0,0.0,0.0,0.0,0.0,0.0,0.0,0.0,0.0,0.0,0.0,0.0,0.0,0.0,0.0,0.0,0.0,0.0,0.0,0.0,0.0,0.0,0.0,0.0,0.0,0.0,0.0,0.0,0.0,0.0,0.0,0.0,0.0,0.0,0.0,0.0,0.0,0.0,0.0,0.0,0.0,0.0,0.0,0.0,0.0,0.0,0.0,0.0,0.0,0.0,0.0,0.0,0.0,0.0,0.0,0.0,0.0,0.0,0.0,0.0,0.0,0.0,0.0,0.0,0.0,0.0,0.0,0.0,0.0,0.0,0.0,0.0,0.0,0.0,0.0,0.0,0.0,0.0,0.0,0.0,0.0,0.0,0.0,0.0,0.0,0.0,0.0,0.0,0.5266809463500977,0.0,0.0,0.0,0.0,0.0,0.0,0.0,0.0,0.0,0.0,0.0,0.0,0.0,0.0,0.0,0.0,0.0,0.0,0.0,0.0,12.609211921691895,0.0,0.0,0.0,0.0,0.0,0.0,0.0,0.0,0.0,0.0,0.0,0.0,0.0,0.0,0.0,0.0,0.0,0.0,0.0,0.0,0.0,0.0,0.0,0.0,0.0,0.0,0.0,0.0,0.0,0.0,0.0,0.0,0.0,0.0,0.0,0.0,0.0,4.439572334289551,0.0,0.0,0.0,0.0,0.0,0.0,0.0,0.0,0.0,0.0,0.0,0.0,0.0,0.0,0.0,0.0,0.0,0.0,0.0,0.0,0.0,0.0,0.0,0.0,0.0,0.0,0.0,0.0,0.0,0.0,0.0,0.0,0.0,0.0,0.0,0.0,0.0,0.0,0.0,0.0,0.0,0.0,0.0,0.0,0.0,0.0,0.0,0.0,0.0,0.0,0.0,0.0,0.0,0.0,0.0,0.0,0.0,0.0,0.0,0.0,0.0,0.0,0.0,0.0,0.0,0.0,0.0,0.0,0.0,0.0,0.0,0.0,0.0,0.0,0.0,0.0,0.0,21.871288299560547,0.0,0.0,0.0,0.0,0.0,0.0,0.0,13.400569915771484,0.0,0.0,0.0,16.969511032104492,0.0,0.0,0.0,0.0,0.0,5.010321617126465,0.0,0.0,0.0,0.0,0.0,0.0,0.0,0.0,0.0,0.0,0.0,0.0,0.0,0.0,0.0,0.0,5.467737674713135,0.0,0.0,0.0,0.0,0.0,0.0,0.0,0.0,0.0,0.0,0.0,0.0,0.0,0.0,0.0,0.0,0.0,0.0,0.0,0.0,0.0,0.7599467039108276,0.0,0.0,0.0,0.0,0.0,0.0,0.0,0.0,0.0,0.0,0.0,0.0,0.0,0.0,0.0,0.0,0.0,0.0,0.0,0.0,0.0,0.0,0.0,0.0,0.0,0.0,0.0,0.0,0.0,0.0,0.0,0.0,0.0,0.0,0.0,0.0,0.0,0.0,0.0,0.0,0.0,0.0,0.0,0.0,0.0,0.0,0.0,0.0,0.0,0.0,0.0,0.0,0.0,0.0,0.0,14.140820503234863,0.0,0.0,0.0,0.0,0.0,0.0,0.0,0.0,0.0,0.0,0.0,0.0,0.0,0.0,0.0,0.0,0.0,0.0,0.0,0.0,0.0,0.0,0.0,0.0,0.0,0.0,0.0,0.0,0.0,0.0,0.0,0.0,0.0,0.0,0.0,0.0,0.0,0.0,23.1429443359375,0.0,0.0,0.0,0.0,0.0,0.0,0.0,0.0,0.0,0.0,0.0,0.0,0.0,0.0,0.0,0.0,0.0,0.0,0.0,78.9244155883789,0.0,0.0,13.837892532348633,0.0,0.0,0.0,0.0,0.0,0.0,20.45295524597168,0.0,0.0,0.0,0.0,0.0,0.0,0.0,0.0,0.0,0.0,0.0,0.0,0.0,0.0,0.0,0.0,0.0,0.0,0.0,0.0,0.0,0.0,0.0,0.0,0.0,0.0,0.0,0.0,0.0,0.0,0.0,0.0,0.0,0.0,0.0,0.0,0.0,0.0,0.0,0.0,0.0,0.0,25.763111114501953,11.348119735717773,0.0,0.0,0.0,0.0,0.0,0.0,2.9707226753234863,0.0,0.0,0.0,0.0,0.0,0.0,0.0,1.977869987487793,0.0,0.0,0.0,0.0,0.0,0.0,0.0,0.0,0.0,0.0,0.0,0.0,0.0,0.0,0.0,0.0,0.0,0.0,0.0,0.0,0.0,0.0,0.0,0.0,0.0,0.0,0.0,0.0,0.0,0.0,0.0,0.0,0.0,0.0,0.0,0.0,10.108314514160156,0.0,0.0,0.0,0.0,0.0,0.0,0.0,0.0,0.0,0.0,0.0,0.0,0.0,7.964627265930176,0.0,0.0,0.0,0.0,0.0,0.0,0.0,0.0,0.0,0.0,0.0,0.0,0.0,0.0,0.0,0.0,0.0,0.0,0.0,0.0,0.0,0.0,0.0,0.0,0.0,0.0,0.0,0.0,0.0,0.0,0.0,0.0,0.0,0.0,0.0,0.0,0.0,0.0,0.0,0.0,0.0,0.0,0.0,0.0,0.0,0.0,0.0,0.0,0.0,0.0,0.0,0.0,0.0,0.0,0.0,0.0,0.0,0.0,0.0,0.0,0.0,0.0,0.0,0.0,0.0,0.0,0.0,0.0,0.0,0.0,0.0,0.0,0.0,0.0,0.0,0.0,0.0,0.0,0.0,0.0,0.0,0.0,0.0,0.0,0.0,0.0,0.0,0.0,0.0,0.0,0.0,0.0,0.0,0.0,0.0,0.0,0.0,0.0,0.0,0.0,0.0,0.0,0.0,0.0,0.0,0.0,0.0,0.0,0.0,0.0,0.0,0.0,0.0,0.0,0.0,0.0,0.0,0.0,0.0,0.0,0.0,0.0,0.0,0.0,0.0,0.0,0.0,0.0,0.0,0.0,0.0,0.0,0.0,0.0,0.0,0.0,0.0,0.0,0.0,0.0,0.0,0.0,0.0,0.0,0.0,0.0,0.0,0.0,0.0,0.0,0.0,0.0,0.0,0.0,0.0,0.0,0.0,0.0,0.0,0.0,0.0,0.0,0.0,0.0,0.0,0.0,0.0,0.0,0.0,0.0,0.0,0.0,0.0,0.0,0.0,0.0,0.0,0.0,0.0,0.0,0.0,0.0,0.0,0.0,0.0,0.0,0.0,0.0,0.0,0.0,0.0,0.0,0.0,0.0,0.0,0.0,0.0,0.0,0.0,0.0,0.0,0.0,0.0,0.0,0.0,0.0,0.0,0.0,0.0,0.0,0.0,0.0,0.0,0.0,0.0,0.0,0.0,0.0,0.0,0.0,0.0,0.0,0.0,0.0,0.0,0.0,0.0,0.0,0.0,0.0,0.0,0.0,0.0,0.0,0.0,0.0,0.0,0.0,0.0,0.0,0.0,0.0,0.0,0.0,0.0,0.0,0.0,0.0,0.0,0.0,0.0,0.0,0.0,0.0,0.0,0.0,0.0,0.0,0.0,0.0,0.0,0.0,0.0,0.0,0.0,0.0,0.0,0.0,0.0,0.0,0.0,0.0,0.0,0.0,0.0,0.0,0.0,0.0,0.0,0.0,0.0,0.0,0.0,0.0,0.0,0.0,0.0,0.0,0.0,0.0,0.0,0.0,0.0,0.0,0.0,0.0,0.0,0.0,0.0,0.0,0.0,0.0,0.0,0.0,0.0,0.0,0.0,0.0,0.0,0.0,0.0,0.0,0.0,0.0,0.0,0.0,0.0,0.0,0.0,0.0,0.0,0.0,0.0,0.0,0.0,0.0,0.0,0.0,0.0,0.0,0.0,0.0,0.0,0.0,0.0,0.0,0.0,0.0,0.0,0.0,0.0,0.0,0.0,0.0,0.0,0.0,0.0,0.0,0.0,0.0,0.0,0.0,0.0,0.0,0.0,0.0,0.0,0.0,0.0,0.0,0.0,0.0,0.0,0.0,0.0,0.0,0.0,0.0,0.0,0.0,0.0,0.0,0.0,0.0,0.0,0.0,0.0,0.0,0.0,0.0,0.0,0.0,0.0,0.0,0.0,0.0,0.0,0.0,0.0,0.0,0.0,37.61446762084961,0.0,0.0,0.0,0.0,0.0,0.0,0.0,0.0,0.0,19.679485321044922,0.0,0.0,0.0,0.0,0.0,0.0,0.0,0.0,0.0,0.0,0.0,0.0,0.0,0.0,0.0,0.0,0.0,0.0,0.0,0.0,0.0,0.0,0.0,0.0,0.0,0.0,0.0,0.0,0.0,0.0,0.0,0.0,0.0,0.0,0.0,0.0,0.0,0.0,0.0,0.0,0.0,0.0,0.0,0.0,0.0,0.0,0.0,0.0,0.0,0.0,21.014631271362305,0.0,0.0,0.0,0.0,0.0,0.0,0.0,0.0,0.0,0.0,0.0,0.0,0.0,0.0,0.0,0.0,0.0,0.0,0.0,0.0,0.0,0.0,0.0,0.0,0.0,0.0,0.0,0.0,0.0,0.0,0.0,0.0,0.0,0.0,0.0,0.0,0.0,0.0,0.0,0.0,0.0,0.0,0.0,0.0,0.0,0.0,0.0,0.0,0.0,0.0,0.0,0.0,0.0,0.0,0.0,0.0,0.0,0.0,15.158679962158203,0.0,0.0,0.0,0.0,0.0,0.0,0.0,0.0,0.0,0.0,0.0,0.0,0.0,0.0,0.0,0.0,0.0,0.0,0.0,0.0,0.0,0.0,0.0,0.0,0.0,0.0,0.0,0.0,0.0,0.0,0.0,0.0,0.0,0.0,0.0,0.0,0.0,0.0,0.0,0.0,0.0,0.0,0.0,0.0,0.0,0.0,0.0,0.0,0.0,0.0,0.0,0.0,0.0,0.0,0.0,0.0,0.0,0.0,1.5093225240707397,0.0,0.0,0.0,0.0,0.0,0.0,0.0,0.0,0.0,0.0,0.0,0.0,0.0,0.0,0.0,0.0,0.0,0.0,0.0,0.0,0.0,0.0,0.0,0.0,0.0,0.0,0.0,0.0,0.0,0.0,0.0,0.0,0.0,0.0,0.0,0.0,0.0,0.0,0.0,0.0,0.0,0.0,0.0,0.0,0.0,0.0,0.0,0.0,0.0,0.0,0.0,0.0,0.0,0.0,0.0,0.0,0.0,0.0,0.0,0.0,0.0,0.0,0.0,0.0,0.0,5.942976474761963,0.0,0.0,0.0,0.0,0.0,0.0,0.0,0.0,0.0,0.0,0.0,0.0,0.0,0.0,0.0,0.0,0.0,0.0,0.0,0.0,0.0,0.0,0.0,0.0,0.0,0.0,0.0,0.0,0.0,0.0,0.0,0.0,0.0,0.0,0.0,0.0,0.0,0.0,0.0,0.0,0.0,0.0,0.0,0.0,0.0,0.0,0.0,0.0,0.0,0.0,0.0,0.0,0.0,0.0,0.0,0.0,0.0,0.0,0.0,0.0,0.0,0.0,0.0,0.0,0.0,0.0,0.0,0.0,0.0,0.0,0.0,0.0,0.0,0.0,0.0,0.0,0.0,0.0,0.0,0.0,0.0,0.0,0.0,0.0,0.0,0.0,0.0,0.0,0.0,0.0,0.0,0.0,0.0,0.0,0.0,0.0,0.0,0.0,0.0,0.0,0.0,0.0,0.0,0.0,0.0,0.0,9.848812103271484,0.0,0.0,0.0,0.0,0.0,0.0,0.0,15.35410213470459,0.0,3.146395683288574,0.0,0.0,0.0,0.0,0.0,0.0,0.0,0.0,0.0,0.0,0.0,0.0,0.0,0.0,0.0,0.0,0.0,0.0,0.0,0.0,0.0,0.0,0.0,0.0,0.0,0.0,0.0,0.0,0.0,0.0,0.0,0.0,0.0,0.0,1.3212214708328247,0.0,0.0,0.0,0.0,0.0,0.0,0.0,0.0,0.0,0.0,0.0,0.0,0.0,0.0,0.0,0.0,0.0,0.0,0.0,0.0,0.0,0.0,0.0,0.0,0.0,0.0,0.0,0.0,0.0,0.0,0.0,0.0,0.0,0.0,0.0,0.0,0.0,0.0,0.0,0.0,0.0,0.0,0.0,0.0,0.0,0.0,0.0,0.0,0.0,0.0,0.0,0.0,0.0,0.0,0.0,0.0,0.0,0.0,0.0,0.0,0.0,0.0,0.0,0.0,0.0,0.0,0.0,0.0,0.0,0.0,0.0,0.0,0.0,0.0,0.0,0.0,0.0,0.0,0.0,0.0,0.0,0.0,0.0,0.0,0.0,0.0,0.0,0.0,0.0,0.0,0.0,0.0,0.0,0.0,0.0,0.0,0.0,0.0,0.0,0.0,0.0,0.0,0.0,0.0,0.0,0.0,0.0,0.0,0.0,0.0,0.0,0.0,0.0,0.0,19.131114959716797,0.0,0.0,0.0,0.0,0.0,0.0,0.0,0.0,0.0,0.0,0.0,0.0,0.0,0.0,0.0,0.0,0.0,0.0,0.0,0.0,0.0,0.0,0.0,2.0080835819244385,0.0,0.0,0.0,0.0,0.0,0.0,0.0,0.0,0.0,0.0,0.0,0.0,0.0,0.0,0.0,0.0,0.0,0.0,0.0,0.0,0.0,0.0,0.0,0.0,0.0,0.0,0.0,0.0,1.3865201473236084,0.0,0.0,34.85342788696289,0.0,0.0,0.0,0.0,41.87966537475586,0.0,0.0,0.0,0.0,0.0,0.0,0.0,0.0,0.0,0.0,9.64110279083252,0.0,0.0,0.0,0.0,0.0,0.0,0.0,0.0,0.0,0.0,0.0,0.0,0.0,0.0,0.0,0.0,0.0,0.0,0.0,0.0,0.0,0.0,0.0,0.0,0.0,0.0,0.0,0.0,0.0,0.0,0.0,0.0,0.0,3.191826820373535,0.0,0.0,0.0,0.0,0.0,0.0,0.0,0.0,0.0,0.0,0.0,0.0,0.0,0.0,0.0,5.9753193855285645,0.0,0.0,0.0,0.0,0.0,0.0,0.0,0.0,0.0,0.0,0.0,0.0,0.0,0.0,0.0,0.0,0.0,0.0,0.0,0.0,0.0,0.0,0.0,0.0,0.0,0.0,0.0,0.0,0.0,0.0,0.0,0.0,0.0,0.0,0.0,0.0,0.0,0.0,0.0,0.0,0.0,0.0,0.0,0.0,0.0,0.0,0.0,0.0,0.0,0.0,0.0,0.0,0.0,0.0,0.0,0.0,0.0,0.0,0.0,0.0,0.0,0.0,0.0,0.0,0.0,0.0,0.0,0.0,0.0,0.0,0.0,0.0,0.0,0.0,0.0,0.0,0.0,0.0,0.0,0.0,0.0,0.0,0.0,0.0,0.0,0.0,0.0,0.0,0.0,0.0,0.0,0.0,0.0,0.0,0.0,0.0,0.0,0.0,0.0,0.0,0.0,0.0,0.0,0.0,0.0,0.0,0.0,0.0,0.0,0.0,0.0,0.0,0.0,0.0,0.0,0.0,0.0,0.0,0.0,0.0,0.0,0.0,8.1837739944458,0.0,0.0,0.0,0.0,0.0,0.0,0.0,0.0,0.0,0.0,0.0,0.0,0.0,0.0,0.0,0.0,0.0,0.0,0.0,0.0,0.0,0.0,0.0,0.0,0.0,0.0,0.0,0.0,0.0,0.0,0.0,0.0,0.0,0.0,0.0,0.0,0.0,0.0,0.0,2.0729637145996094,0.0,0.0,0.0,0.0,0.0,0.0,0.0,0.0,0.0,0.0,0.0,0.0,0.0,0.0,0.0,0.0,0.0,0.0,0.0,0.0,0.0,0.0,0.0,0.0,0.0,0.0,0.0,0.0,0.0,0.0,0.0,0.0,0.0,0.0,0.0,0.0,0.0,0.0,0.0,17.06155014038086,0.0,0.0,0.0,0.0,0.0,0.0,0.0,0.0,0.0,0.0,0.0,0.0,0.0,0.0,0.0,0.0,0.0,0.0,0.0,0.0,0.0,0.0,0.0,0.0,0.0,0.0,9.520108222961426,0.0,0.0,0.0,0.0,0.0,0.0,0.0,0.0,0.0,6.80533504486084,0.0,0.0,0.0,0.0,0.0,0.0,0.0,0.0,0.0,0.0,0.0,0.0,0.0,0.0,0.0,0.0,0.0,0.0,0.0,0.0,0.0,0.0,0.0,0.0,0.0,0.0,0.0,0.0,0.0,0.0,0.0,0.0,0.0,0.0,13.87743854522705,0.0,0.0,0.0,0.0,0.0,0.0,0.0,0.0,0.0,0.0,0.0,0.0,7.622375965118408,0.0,0.0,0.0,0.0,0.0,0.0,0.0,0.0,0.0,0.0,0.0,0.0,0.0,0.0,0.0,0.0,0.0,0.0,0.0,0.0,0.0,0.0,0.0,0.0,0.0,0.0,0.0,0.0,0.0,0.0,0.0,0.0,0.0,0.0,0.0,0.0,5.973272800445557,0.0,0.0,0.0,0.0,0.0,46.418479919433594,0.0,0.0,0.0,0.0,0.0,0.0,0.0,0.0,0.0,0.0,0.0,0.0,0.0,0.0,0.0,0.0,0.0,0.0,0.0,0.0,0.0,0.0,0.0,0.0,0.0,0.0,0.0,0.0,0.0,0.0,0.0,0.0,0.0,0.0,0.0,0.0,0.0,0.0,0.0,0.0,0.0,0.0,0.0,0.0,0.0,0.0,0.0,0.0,0.0,0.0,0.0,0.0,0.0,0.0,0.0,0.0,0.0,0.0,0.0,0.0,0.0,0.0,0.0,0.0,0.0,0.0,0.0,0.0,2.6515321731567383,0.0,0.0,0.0,0.0,0.0,0.0,0.0,0.0,0.0,0.0,0.0,0.0,0.0,0.0,0.0,0.0,0.0,0.0,0.0,0.0,0.0,0.0,0.0,0.0,0.0,0.0,0.0,0.0,0.0,0.0,0.0,0.0,0.0,0.0,0.0,0.0,0.0,0.0,0.0,0.0,0.0,0.0,0.0,0.0,0.0,0.0,0.0,0.0,0.0,0.0,3.251380205154419,0.0,0.0,0.0,0.0,0.0,0.0,0.0,0.0,0.0,0.0,0.0,0.0,0.0,0.0,0.0,0.0,0.0,0.0,0.0,0.0,0.0,0.0,0.0,0.0,0.0,0.0,0.0,0.0,0.0,0.0,0.0,0.0,0.0,0.0,0.0,0.0,0.0,0.0,0.0,0.0,0.0,0.0,0.0,0.0,4.262870788574219,0.0,0.0,0.0,0.0,0.0,0.0,0.0,0.0,0.0,0.0,0.0,0.0,0.0,0.0,0.0,0.0,0.0,0.0,0.0,0.0,0.0,0.0,0.0,0.0,0.0,0.0,0.0,0.0,0.0,0.0,0.0,0.0,0.0,0.0,0.0,0.0,0.0,0.0,0.0,0.0,0.0,0.0,0.0,0.0,0.0,0.0,0.0,0.0,0.0,0.0,0.0,0.0,0.0,0.0,0.0,0.0,0.0,0.0,0.0,0.0,0.0,0.0,0.0,0.0,0.0,0.0,0.0,0.0,0.0,0.0,0.0,0.0,0.0,0.0,0.0,0.0,0.0,0.0,0.0,0.0,0.0,0.0,0.0,0.0,0.0,0.0,0.0,0.0,0.0,0.0,0.0,0.0,0.0,0.0,0.0,0.0,0.0,0.0,0.0,0.0,0.0,0.0,0.0,0.0,0.0,0.0,0.0,0.0,0.0,0.0,0.0,0.0,0.0,0.0,0.0,0.0,0.0,0.0,0.0,0.0,0.0,0.0,0.0,0.0,0.0,0.0,0.0,0.0,0.0,0.0,0.0,0.0,0.0,0.0,0.0,0.0,0.0,0.0,0.0,0.0,0.0,0.0,0.0,0.0,0.0,0.0,0.0,0.0,0.0,0.0,0.0,0.0,0.0,0.0,0.0,0.0,0.0,0.0,0.0,0.0,0.0,0.0,0.0,0.0,0.0,0.0,0.0,0.0,0.0,0.0,0.0,0.0,0.0,0.0,0.0,0.0,0.0,0.0,0.0,0.0,0.0,0.0,0.0,0.0,0.0,0.0,0.0,0.0,0.0,0.0,0.0,0.0,0.0,0.0,0.0,0.0,0.0,0.0,0.0,0.0,0.0,0.0,0.0,0.0,0.0,0.0,0.0,0.0,0.0,0.0,0.0,0.0,0.0,0.0,0.0,0.0,0.0,0.0,0.0,0.0,0.0,0.0,0.0,0.0,0.0,0.0,0.0,0.0,0.0,0.0,0.0,0.0,0.0,0.0,0.0,0.0,0.0,0.0,0.0,0.0,0.0,0.0,0.0,0.0,0.0,0.0,0.0,0.0,0.0,0.0,0.0,0.0,0.0,10.363542556762695,0.0,0.0,0.0,0.0,0.0,0.0,0.0,0.0,0.0,0.0,0.0,0.0,0.0,0.0,0.0,13.788642883300781,0.0,0.0,0.0,0.0,0.0,0.0,0.0,0.0,0.0,0.0,0.0,0.0,0.0,0.0,0.0,0.0,0.0,0.0,0.0,0.0,56.353187561035156,0.0,0.0,0.0,0.0,0.0,0.0,0.0,0.0,0.0,0.0,0.0,0.0,0.0,0.0,0.0,0.0,0.0,0.0,0.0,0.0,0.0,0.0,0.0,0.0,0.0,0.0,0.0,0.0,0.0,0.0,0.0,0.0,0.0,0.0,0.0,0.0,0.0,0.0,0.0,0.0,0.0,0.0,0.0,0.0,0.0,0.0,0.0,0.0,0.0,0.0,0.0,0.0,0.0,0.0,0.0,27.235271453857422,0.0,0.0,0.0,0.0,0.0,0.0,0.0,0.0,0.0,0.0,0.0,0.0,0.0,0.0,0.0,0.0,0.0,0.0,0.0,0.0,0.0,0.0,0.0,0.0,0.0,0.0,0.0,0.0,0.0,0.0,0.0,0.0,0.0,0.0,0.0,0.0,0.0,0.0,0.0,0.0,0.0,0.0,0.0,0.0,0.0,0.0,0.0,0.0,0.0,0.0,0.0,0.0,0.0,0.0,0.0,0.0,0.0,0.0,0.0,0.0,0.0,0.0,0.0,0.0,0.0,0.0,0.0,0.0,9.22445297241211,0.0,0.0,0.0,0.0,0.0,0.0,0.0,0.0,0.0,0.0,0.0,0.0,0.0,0.0,0.0,0.0,0.0,0.0,0.0,0.0,0.0,0.0,0.0,0.0,0.0,0.0,0.0,0.0,0.0,0.0,0.0,0.0,0.0,0.0,0.0,0.0,0.0,0.0,0.0,0.0,0.0,0.0,0.0,0.0,0.0,46.876976013183594,0.0,0.0,0.0,0.0,0.25395631790161133,0.0,0.0,0.0,0.0,0.0,0.0,0.0,0.0,0.0,0.0,0.0,0.0,0.0,0.0,0.0,0.0,0.0,0.0,0.0,0.0,0.0,0.0,0.0,0.0,0.0,0.0,0.0,0.0,0.0,0.0,0.0,0.0,0.0,0.0,0.0,0.0,0.0,0.0,0.0,0.0,0.0,0.0,0.0,0.0,14.520125389099121,0.0,0.0,0.0,0.0,0.0,0.0,0.0,0.0,0.0,0.0,0.0,0.0,0.0,0.0,0.0,0.0,0.0,0.0,0.0,0.0,0.0,0.0,0.0,0.0,0.0,0.0,0.0,0.0,0.0,0.0,0.0,0.0,0.0,0.0,0.0,0.0,0.0,0.0,0.0,0.0,0.0,0.0,0.0,0.0,0.0,0.0,0.0,0.0,0.0,0.0,0.0,0.0,0.0,0.0,0.0,0.0,0.0,0.0,0.0,0.0,0.0,0.0,0.0,0.0,0.0,0.0,50.50624465942383,0.0,0.0,0.0,0.0,0.0,0.0,0.0,0.0,0.0,0.0,0.0,0.0,0.0,0.0,0.0,0.0,0.0,0.0,0.0,0.0,0.0,0.0,0.0,0.0,0.0,0.0,0.0,0.0,0.0,0.0,0.0,0.0,0.0,0.0,0.0,0.0,0.0,0.0,0.0,0.0,0.0,0.0,0.0,0.0,0.0,0.0,0.0,0.0,0.0,0.0,0.0,0.0,0.0,0.0,0.0,0.0,0.0,0.0,0.0,0.0,0.0,0.0,0.0,0.0,0.0,0.0,0.0,0.0,0.0,0.0,0.0,0.9650065302848816,0.0,0.0,0.0,0.0,0.0,0.0,0.0,0.0,0.0,0.0,0.0,0.0,0.0,0.0,0.0,0.0,0.0,0.0,0.0,0.0,0.0,0.0,0.0,0.0,0.0,0.0,0.0,0.0,0.0,0.0,0.0,0.0,0.0,0.0,0.0,0.0,0.0,0.0,0.0,0.0,0.0,0.0,0.0,0.0,0.0,0.0,0.0,0.0,0.0,0.0,0.0,0.0,0.0,0.0,0.0,0.0,0.0,0.0,0.0,0.0,0.0,0.0,0.0,0.0,0.0,0.0,0.0,0.0,0.0,0.0,0.0,0.0,0.0,0.0,0.0,0.0,0.0,0.0,0.0,0.0,0.0,0.0,0.0,0.0,0.0,0.0,0.0,0.0,0.0,0.0,0.0,0.0,0.0,0.0,0.0,0.0,0.0,0.0,0.0,0.0,0.0,0.0,0.0,0.0,0.0,0.0,30.01837921142578,0.0,0.0,0.0,0.0,0.0,2.2587640285491943,0.0,22.641136169433594,0.0,0.0,0.0,0.0,0.0,0.0,0.0,0.0,0.0,0.0,0.0,0.0,0.0,0.0,78.92140197753906,35.76938247680664,0.0,0.0,0.0,0.0,5.265875816345215,0.0,0.0,0.0,0.0,0.0,0.0,0.0,0.0,0.0,0.0,0.0,0.0,0.0,0.0,0.0,58.22630310058594,0.0,0.0,0.0,0.0,0.0,0.0,0.0,0.0,0.0,0.0,2.118680953979492,0.0,0.0,0.0,0.0,0.0,0.0,0.0,0.0,0.0,30.29266929626465,0.0,0.0,0.0,0.0,0.0,0.0,0.0,35.54303741455078,0.0,0.0,0.0,0.0,0.0,0.0,0.0,0.0,0.0,0.0,0.0,0.0,0.0,0.0,0.0,0.0,0.0,0.0,0.0,0.0,0.0,0.0,0.0,0.0,0.0,0.0,55.34483337402344,0.0,0.0,0.0,0.0,0.0,0.0,0.0,0.0,0.0,0.0,0.0,0.0,0.0,0.0,0.0,0.0,0.0,0.0,0.0,0.0,0.0,0.0,0.0,0.0,0.0,0.0,0.0,0.0,0.0,0.0,0.0,0.0,0.0,0.0,0.0,0.0,0.0,0.0,0.0,0.0,0.0,0.0,0.0,0.0,0.0,0.0,0.0,0.0,0.0,0.0,0.0,0.0,0.0,0.0,0.0,0.0,0.0,0.0,52.2918701171875,0.0,0.0,0.0,0.0,0.0,0.0,0.0,0.0,0.0,0.0,0.0,0.0,0.0,0.0,0.0,0.0,0.0,0.0,0.0,0.0,0.0,0.0,0.0,0.0,0.0,0.0,0.0,0.0,0.0,0.0,0.0,0.0,0.0,0.0,0.0,0.0,0.0,0.0,0.0,12.600859642028809,0.0,0.0,0.0,0.0,0.0,0.0,0.0,0.0,0.0,0.0,0.0,0.0,0.0,0.0,0.0,42.13662338256836,0.0,0.0,0.0,0.0,0.0,0.0,0.0,0.0,0.0,0.0,0.0,0.0,0.0,0.0,0.0,0.0,0.0,0.0,0.0,0.0,0.0,0.0,0.0,0.0,0.0,0.0,0.0,0.0,0.0,0.0,0.0,0.0,0.0,0.0,0.0,0.0,0.0,0.0,0.0,0.0,0.0,0.0,0.0,0.0,0.0,0.0,0.0,0.0,0.0,1.2748374938964844,0.0,0.0,0.0,0.0,0.0,0.0,0.0,0.0,0.0,0.0,0.0,0.0,0.0,0.0,0.0,0.0,0.0,0.0,0.0,0.0,0.0,0.0,12.129871368408203,0.0,0.0,4.853553771972656,0.0,2.7348787784576416,0.0,0.0,0.0,0.0,0.0,0.0,0.0,0.0,0.0,6.524746894836426,0.0,0.0,0.0,0.0,0.0,0.0,0.0,0.0,0.0,0.0,0.0,0.0,0.0,0.0,0.0,0.0,0.0,0.0,0.0,0.0,0.0,0.0,0.0,0.0,0.0,0.0,0.0,0.0,64.01642608642578,0.0,0.0,0.0,0.0,0.0,0.0,0.0,0.0,0.0,0.0,0.0,0.0,0.0,0.0,0.0,0.0,0.0,0.0,23.510587692260742,0.0,0.0,0.0,0.0,0.0,0.0,31.279048919677734,0.0,0.0,0.0,0.0,0.0,0.0,0.0,0.0,0.0,0.0,0.0,0.0,0.0,0.0,0.0,0.0,0.0,0.0,0.0,0.0,0.0,0.0,0.0,0.0,0.0,0.0,0.0,0.0,7.438187599182129,0.0,0.0,0.0,0.0,0.0,0.0,0.0,0.0,0.0,0.0,7.174248695373535,0.0,0.0,0.0,0.0,2.6868207454681396,9.441983222961426,0.0,0.0,0.0,0.0,0.0,0.0,0.0,0.0,0.0,0.0,2.486178159713745,0.0,32.90225601196289,0.0,0.0,0.31545358896255493,0.0,0.0,0.0,0.0,0.0,0.0,0.0,2.0516738891601562,0.0,0.0,0.0,0.0,0.0,0.0,0.0,0.0,0.0,0.0,0.0,0.0,0.0,0.0,0.0,0.0,0.0,12.714696884155273,24.121002197265625,0.0,0.0,0.0,0.0,0.0,0.0,0.0,0.0,0.0,0.0,0.0,0.0,0.0,0.0,0.0,0.0,0.0,0.0,0.0,0.0,0.0,0.0,0.0,0.0,0.0,0.0,0.0,0.0,0.0,0.0,0.0,0.0,0.0,0.0,0.0,0.0,0.0,0.0,0.0,0.0,0.0,0.0,0.0,0.0,0.0,0.0,15.797967910766602,0.0,0.0,0.0,0.0,0.0,0.0,0.0,0.0,0.0,0.0,0.0,0.0,36.60483169555664,0.0,0.0,0.0,29.042972564697266,0.0,0.0,0.0,0.0,3.355316638946533,31.129493713378906,0.0,35.07833480834961,0.0,0.0,0.0,0.0,0.0,0.0,0.0,0.0,0.0,0.0,0.0,0.0,27.864910125732422,0.0,86.56796264648438,26.930452346801758,0.0,0.0,0.0,0.0,0.0,0.0,0.0,0.0,0.0,0.0,0.0,0.0,0.0,0.0,1.9627511501312256,0.0,0.0,0.0,6.730405330657959,0.0,24.808578491210938,0.0,0.0,0.0,0.0,0.0,0.0,0.0,0.0,0.0,0.0,0.3046124577522278,0.0,0.0,0.0,0.0,0.0,0.0,0.0,0.0,0.0,37.09463119506836,0.0,0.0,0.0,0.0,0.0,0.0,0.0,18.270097732543945,0.0,0.0,0.0,0.0,0.0,0.0,0.0,0.0,0.0,0.0,0.0,0.0,0.0,0.0,0.0,0.0,0.0,0.0,0.0,0.0,5.805446147918701,0.0,0.0,0.0,0.0,0.0,36.16275405883789,0.0,0.0,0.0,0.0,0.0,0.0,0.0,0.0,0.0,7.888935565948486,0.0,0.0,0.0,0.0,0.0,3.2951138019561768,0.0,0.0,5.6913604736328125,0.0,0.0,0.0,0.0,0.0,0.0,0.0,0.0,0.0,0.0,0.0,0.0,4.847314834594727,0.0,0.9405661821365356,0.0,0.0,0.0,27.134319305419922,0.0,0.0,0.0,0.5067103505134583,0.0,0.0,0.0,0.0,0.0,0.0,0.0,0.0,0.0,0.0,0.0,0.0,0.0,0.0,0.0,0.0,47.513607025146484,0.0,0.0,0.0,0.0,0.0,0.0,0.0,9.897538185119629,0.0,0.0,0.0,0.0,0.0,0.0,0.0,0.0,0.0,0.0,0.0,0.0,0.0,0.0,0.0,0.0,0.0,0.0,0.0,0.0,0.0,0.0,0.0,18.699243545532227,0.0,0.0,0.0,0.0,0.0,0.0,0.0,13.685636520385742,0.0,3.4128470420837402,0.0,0.0,0.0,0.0,0.0,0.0,0.0,0.0,0.0,0.0,0.0,0.0,0.0,0.0,0.0,0.0,0.0,0.0,0.0,0.0,0.0,0.0,0.0,0.0,0.0,0.0,0.0,0.0,0.0,0.0,0.0,18.83733367919922,0.0,0.0,0.0,0.0,0.0,0.0,9.305153846740723,0.0,0.0,0.0,0.0,0.0,0.0,0.0,0.0,0.0,0.0,0.0,0.0,1.4563276767730713,0.0,0.0,0.0,0.0,0.0,0.0,0.0,0.0,0.0,0.0,0.0,14.549134254455566,0.0,0.0,0.0,0.0,0.0,0.0,0.0,0.0,0.0,0.0,0.0,0.0,0.0,0.0,0.0,0.0,0.0,0.0,0.0,0.0,0.0,0.0,23.176414489746094,0.0,0.0,3.7556705474853516,0.0,3.090470314025879,0.0,0.0,0.0,0.0,0.0,0.0,0.0,0.0,0.0,0.0,0.0,0.0,0.0,0.0,0.0,0.0,0.0,0.0,0.0,0.0,0.0,0.0,0.0,0.0,0.0,0.0,0.0,0.0,0.0,0.0,0.0,0.0,0.0,0.0,0.0,0.0,0.0,0.0,56.91102981567383,0.0,0.0,0.0,0.0,0.0,0.0,0.0,0.0,0.0,0.0,0.0,0.0,0.0,0.0,0.0,0.0,0.0,0.0,0.0,0.0,0.0,0.0,0.0,0.0,0.0,5.279743194580078,0.0,0.0,0.0,0.0,0.0,0.0,0.0,0.0,0.0,0.0,0.0,0.0,0.0,0.0,0.0,0.0,0.0,0.0,0.0,0.0,0.0,0.0,0.0,0.0,0.0,0.0,0.0,0.0,12.845484733581543,0.0,0.0,0.0,0.0,0.0,0.0,0.0,0.0,0.0,0.0,0.0,0.0,0.0,0.0,0.0,0.0,0.0,0.0,0.0,0.0,0.0,0.0,0.0,0.0,0.0,0.0,0.0,0.0,0.0,49.11501693725586,0.0,0.0,0.0,10.054344177246094,0.0,0.0,0.0,0.0,0.0,0.0,11.159773826599121,0.0,0.0,0.0,0.0,0.0,0.0,0.0,0.0,0.0,0.0,0.0,0.0,0.0,0.0,25.74884605407715,0.0,0.0,7.7110981941223145,50.16226577758789,0.0,0.0,0.0,0.0,0.0,0.0,0.0,0.0,5.737489223480225,0.0,0.0,0.0,0.0,0.0,0.0,0.0,0.0,0.0,0.0,0.0,0.0,0.0,0.0,0.0,0.0,0.0,0.0,0.0,0.0,0.0,0.0,0.0,0.0,0.0,0.0,0.0,0.0,0.0,0.0,0.0,0.0,0.0,0.0,0.0,0.0,0.0,0.0,0.0,0.0,0.0,0.0,0.0,0.0,0.0,0.0,0.0,0.0,0.0,0.0,39.75654602050781,0.0,0.0,0.0,31.176490783691406,0.0,0.0,0.0,0.0,0.0,48.42043685913086,0.0,31.05261993408203,0.0,0.0,0.0,0.0,0.0,0.0,0.0,0.0,0.0,0.0,0.0,0.0,26.262378692626953,0.0,45.2885856628418,13.978486061096191,0.0,0.0,0.0,0.0,0.0,0.0,0.0,7.8285231590271,0.0,0.0,0.0,0.0,0.0,0.0,0.0,0.0,0.0,0.0,20.034931182861328,0.0,71.09012603759766,0.0,0.0,0.0,0.0,0.0,0.0,0.0,0.0,0.0,0.0,0.0,0.0,0.0,0.0,0.0,0.0,0.0,0.0,0.0,0.0,31.482013702392578,0.0,0.0,0.0,0.0,0.0,0.0,0.0,3.2879152297973633,0.0,0.0,0.0,0.0,0.0,0.0,0.0,0.0,0.0,0.0,0.0,0.0,0.0,0.0,0.0,0.0,0.0,0.0,0.0,0.0,0.0,0.0,0.0,0.0,0.0,0.0,46.75923156738281,0.0,0.0,0.0,0.0,0.0,0.0,0.0,0.0,0.0,1.5476447343826294,0.0,0.0,0.0,0.0,0.0,0.0,0.0,0.0,3.2965612411499023,0.0,0.0,0.0,0.0,0.0,0.0,0.0,0.0,0.0,0.0,0.0,0.0,17.69626808166504,0.0,0.0,0.0,0.0,0.0,0.0,0.0,0.0,0.0,0.0,0.0,0.0,0.0,0.0,0.0,0.0,0.0,0.0,0.0,0.0,0.0,0.0,0.0,0.0,0.0,0.0,61.06904602050781,0.0,0.0,0.0,0.0,0.0,0.0,0.0,8.886954307556152,0.0,10.014583587646484,0.0,0.0,0.0,0.0,0.0,0.0,0.0,0.0,0.0,0.0,0.0,0.0,0.0,0.0,0.0,0.0,0.0,0.0,0.0,0.0,0.0,8.721250534057617,0.0,0.0,0.0,0.0,0.0,0.0,0.0,0.0,0.0,0.0,0.0,0.0,0.0,0.0,0.0,0.0,0.0,0.0,0.0,0.0,0.0,0.0,0.0,29.957582473754883,0.0,0.0,0.0,0.0,0.0,0.0,0.0,0.0,0.0,0.0,0.0,0.0,0.0,0.0,0.0,0.0,0.0,16.390531539916992,0.0,0.0,0.0,0.0,0.0,0.0,3.128645181655884,0.0,0.0,0.0,0.0,0.0,0.0,0.0,0.0,0.0,0.0,0.0,0.0,0.0,0.0,0.0,0.0,0.0,0.0,0.0,0.0,0.0,0.0,0.0,0.0,0.0,0.0,0.0,0.0,0.0,0.0,0.0,0.0,0.0,0.0,0.0,0.0,0.0,0.0,0.0,0.0,0.0,0.0,0.0,0.0,0.0,0.0,0.0,29.427257537841797,0.0,0.0,0.0,0.0,0.0,0.0,0.0,0.0,0.0,0.0,0.0,0.0,0.0,0.0,0.0,0.0,0.0,0.0,0.0,0.0,0.0,0.0,0.0,0.0,0.0,0.0,0.0,0.0,0.0,0.0,0.0,0.0,0.0,0.0,0.0,0.0,0.0,0.0,0.0,0.0,0.0,0.0,0.0,0.0,0.0,0.0,0.0,0.0,0.0,0.0,0.0,0.0,0.0,0.0,0.0,0.0,0.0,0.0,0.0,0.0,0.0,0.0,0.0,0.0,0.0,0.0,0.0,0.0,0.0,0.0,0.0,0.0,0.0,0.0,0.0,0.0,0.0,0.0,0.0,0.0,0.0,0.0,0.0,0.0,0.0,0.0,0.0,0.0,0.0,0.0,0.0,0.0,0.0,0.0,0.0,0.0,0.0,0.0,0.0,0.0,0.0,0.0,0.0,0.0,0.0,0.0,0.0,0.0,0.0,0.0,0.0,0.0,0.0,0.0,0.0,0.0,0.0,0.0,0.0,0.0,0.0,0.0,0.0,0.0,0.0,0.0,0.0,0.0,0.0,0.0,0.0,0.0,0.0,0.0,0.0,0.0,0.0,0.0,0.0,0.0,0.0,0.0,0.0,0.0,0.0,0.0,0.0,0.0,0.0,0.0,0.0,0.0,0.0,0.0,11.009414672851562,0.0,0.0,0.0,0.0,0.0,0.0,0.0,0.0,0.0,0.0,0.0,0.0,0.0,0.0,0.0,0.0,0.0,0.0,0.0,0.0,0.0,0.0,0.0,0.0,0.0,0.0,0.0,0.0,0.0,0.0,0.0,0.0,0.0,0.0,0.0,0.0,0.0,0.0,0.0,0.0,0.0,0.0,0.0,0.0,0.0,0.0,0.0,0.0,0.0,0.0,0.0,0.0,0.0,0.0,0.0,0.0,0.0,0.0,0.0,0.0,0.0,0.0,0.0,0.0,0.0,0.0,0.0,46.18865203857422,0.0,0.0,0.0,0.0,0.0,0.0,0.0,29.415576934814453,0.0,0.0,0.0,0.0,0.0,0.0,0.0,0.0,0.0,0.0,0.0,0.0,0.0,0.0,0.0,0.0,0.0,0.0,0.0,0.0,0.0,0.0,0.0,0.0,0.0,0.0,0.0,0.0,0.0,0.0,0.0,0.0,0.0,0.0,0.0,0.0,80.48564910888672,0.0,0.0,0.0,0.0,0.0,0.0,0.0,0.0,0.0,0.0,11.259109497070312,0.0,0.0,0.0,0.0,0.0,0.0,0.0,0.0,0.0,0.10458555072546005,0.0,0.0,0.0,0.0,0.0,0.0,0.0,0.0,0.0,0.0,0.0,0.0,0.0,0.0,0.0,0.0,0.0,0.0,0.0,0.0,0.0,0.0,0.0,0.0,0.0,0.0,0.0,0.0,0.0,0.0,0.0,0.0,0.0,0.0,28.196949005126953,0.0,0.0,0.0,0.0,0.0,0.0,0.0,0.0,0.0,0.0,0.0,0.0,0.0,0.0,0.0,0.0,0.0,0.0,0.0,0.0,0.0,0.0,0.0,0.0,0.0,0.0,0.0,0.0,0.0,0.0,0.0,0.0,0.0,0.0,0.0,0.0,0.0,0.0,0.0,0.0,0.0,0.0,0.0,0.0,0.0,0.0,0.0,0.0,0.0,0.0,0.0,0.0,0.0,0.0,0.0,0.0,0.0,0.0,36.21089172363281,0.0,0.0,0.0,0.0,0.0,0.0,0.0,0.0,0.0,19.94629669189453,0.0,0.0,0.0,0.0,0.0,0.0,0.0,0.0,0.0,0.0,0.0,0.0,0.0,0.0,0.0,0.0,0.0,0.0,0.0,0.0,0.0,0.0,0.0,0.0,0.0,0.0,0.0,0.0,0.0,0.0,0.0,0.0,0.0,0.0,0.0,0.0,0.0,0.0,0.0,0.0,0.0,0.0,0.0,0.0,0.0,28.374181747436523,0.0,0.0,0.0,0.0,2.1280040740966797,0.0,0.0,0.0,0.0,0.0,0.0,0.0,0.0,0.0,0.0,0.0,0.0,0.0,0.0,0.0,0.0,0.0,0.0,0.0,0.0,0.0,0.0,0.0,0.0,0.0,0.0,0.0,0.0,0.0,0.0,0.0,0.0,0.0,0.0,0.0,0.0,0.0,0.0,0.0,0.0,0.0,0.0,0.0,0.0,0.0,0.0,0.0,0.0,0.0,0.0,0.0,0.0,0.0,0.0,0.0,0.0,0.0,0.0,0.0,0.0,0.0,0.0,0.0,0.0,0.0,0.0,0.0,0.0,0.0,0.0,0.0,0.0,0.0,0.0,0.0,0.0,0.0,0.0,0.0,0.0,0.0,0.0,0.0,0.0,0.0,0.0,0.0,0.0,0.0,0.0,0.0,0.0,0.0,0.0,0.0,0.0,0.0,0.0,0.0,0.0,0.0,0.0,0.0,0.0,0.0,0.0,0.0,0.0,0.0,0.0,0.0,0.0,6.942097187042236,0.0,0.0,0.0,0.0,16.129606246948242,0.0,0.0,0.0,0.0,0.0,0.0,0.0,0.0,0.0,0.0,0.0,0.0,0.0,0.0,23.665803909301758,0.0,0.0,0.0,0.0,0.0,0.0,0.0,0.0,0.0,0.0,0.0,0.0,0.0,0.0,0.0,0.0,0.0,0.0,0.0,0.0,0.0,0.0,0.0,0.0,0.0,0.0,0.0,0.0,0.0,0.0,0.0,0.0,0.0,0.0,0.0,0.0,0.0,0.0,0.0,0.0,0.0,0.0,0.0,0.0,0.0,0.0,0.0,0.0,0.0,0.0,10.507279396057129,0.0,0.0,0.0,0.0,0.0,0.0,0.0,0.0,0.0,3.110121011734009,0.0,0.0,0.0,0.0,0.0,0.0,0.0,4.43071174621582,0.0,0.0,0.0,0.0,0.0,0.0,0.0,0.0,0.0,0.0,0.0,0.0,0.0,0.0,0.0,0.0,0.0,0.0,0.0,0.0,0.0,0.0,0.0,0.0,0.0,0.0,0.0,0.0,0.0,0.0,0.0,0.0,0.0,0.0,0.0,0.0,0.0,0.0,0.0,0.0,0.0,0.0,0.0,0.0,0.0,0.0,0.0,0.0,0.0,0.0,0.0,0.0,0.0,0.0,0.0,0.0,0.0,0.0,0.0,0.0,0.0,8.195321083068848,0.0,0.0,0.0,0.0,0.0,0.0,0.0,0.0,0.0,0.0,0.0,0.0,0.0,0.0,0.0,0.0,0.0,0.0,0.0,0.0,0.0,0.0,0.0,0.0,0.0,0.0,20.719789505004883,0.0,0.0,0.0,0.0,0.0,0.0,0.0,26.118539810180664,0.0,6.157278537750244,0.0,0.0,0.0,0.0,0.0,0.0,0.0,0.0,0.0,0.0,0.0,0.0,7.355496883392334,0.0,0.0,0.0,0.0,0.0,0.0,0.0,0.0,0.0,0.0,0.0,0.0,0.0,0.0,0.0,0.0,0.0,0.0,0.0,0.0,0.0,39.617919921875,0.0,0.0,0.0,0.0,0.0,0.0,8.106937408447266,0.0,0.0,0.0,0.0,0.0,2.5671839714050293,0.0,0.0,0.0,0.0,0.0,0.0,0.0,0.0,0.0,0.0,0.0,0.0,0.0,0.0,0.0,0.0,0.0,0.0,0.0,0.0,0.0,0.0,0.0,0.0,0.0,0.0,0.0,0.0,0.0,0.0,0.0,0.0,0.0,0.0,0.0,0.0,0.0,0.0,0.0,0.0,0.0,0.0,12.296944618225098,0.0,0.0,0.0,0.0,0.0,0.0,0.0,0.0,0.0,0.0,0.0,0.0,0.0,0.0,0.0,0.0,0.0,0.0,0.0,0.0,0.0,0.0,0.0,0.0,0.0,0.0,0.0,0.0,0.0,0.0,0.0,0.0,0.0,0.0,0.0,0.0,0.0,0.0,0.0,0.0,0.0,0.0,0.0,0.0,0.0,0.0,0.0,0.0,0.0,0.0,0.0,0.0,16.507343292236328,0.0,0.0,0.0,0.0,0.0,16.282373428344727,0.0,16.264835357666016,0.0,0.0,0.0,0.0,0.0,0.0,0.0,0.0,0.0,0.0,0.0,0.0,0.0,0.0,0.0,0.0,0.0,0.0,0.0,1.0535807609558105,0.0,10.422449111938477,0.0,0.0,0.0,0.0,0.0,0.0,0.0,0.0,0.0,0.0,0.0,0.0,0.0,0.0,0.0,0.0,0.0,0.0,0.0,0.0,0.0,0.0,0.0,0.0,0.0,0.0,0.0,0.0,0.0,0.0,0.0,32.196067810058594,0.0,0.0,0.0,0.0,19.38339614868164,0.0,0.0,0.0,0.0,0.0,0.0,0.0,0.0,0.0,0.0,0.0,0.0,0.0,0.0,0.0,0.0,0.0,0.0,0.0,0.0,0.0,0.0,0.0,0.0,0.0,0.0,0.0,0.0,0.0,0.0,0.0,0.0,0.0,0.0,0.0,0.0,0.0,0.0,0.0,0.0,0.0,0.0,0.0,0.0,0.0,0.0,0.0,0.0,0.0,0.0,0.0,0.0,0.0,0.0,0.0,0.0,0.0,0.0,0.0,0.0,0.0,0.0,0.0,0.0,0.0,0.0,0.0,0.0,0.0,0.0,0.0,0.0,0.0,0.0,0.0,0.0,0.0,0.0,0.0,0.0,0.0,0.0,0.0,0.0,0.0,0.0,0.0,0.0,0.0,0.0,0.0,0.0,0.0,0.0,0.0,0.0,0.0,0.0,0.0,0.0,0.0,0.0,0.0,0.0,0.0,0.0,0.0,0.0,0.0,0.0,0.5529991984367371,0.0,0.0,0.0,0.0,0.0,0.0,0.0,0.0,0.0,0.0,0.0,0.0,0.0,0.0,0.0,0.0,0.0,0.0,0.0,0.0,0.0,0.0,0.0,0.0,0.0,0.0,0.0,0.0,0.0,0.0,0.0,0.0,0.0,0.0,0.0,0.0,0.0,0.0,0.0,0.0,0.0,0.0,0.0,0.0,0.0,0.0,0.0,0.0,0.0,0.0,0.0,0.0,0.0,0.0,0.0,0.0,0.0,0.0,0.0,0.0,0.0,0.0,0.0,0.0,6.016055107116699,0.0,0.0,0.0,0.0,0.0,0.0,0.0,1.2534418106079102,0.0,0.0,0.0,0.0,0.0,0.0,0.0,0.0,0.0,12.24940013885498,0.0,0.0,0.0,0.0,0.0,0.0,0.0,14.14813232421875,0.0,0.0,0.0,0.0,0.0,0.0,0.0,0.0,0.0,0.0,0.0,0.0,0.0,0.0,0.0,0.0,0.0,0.0,0.0,0.0,0.0,0.0,0.0,0.0,0.0,0.0,0.0,0.0,0.0,0.0,0.0,0.0,0.0,0.0,0.0,0.0,0.0,0.0,0.0,0.0,0.0,0.0,0.0,0.0,0.0,0.0,0.0,0.0,0.0,0.0,0.0,0.0,0.0,0.0,0.0,0.0,0.0,0.0,0.0,0.0,0.0,22.086605072021484,0.0,0.0,0.0,0.0,0.0,0.0,0.0,0.0,0.0,0.0,0.0,0.0,0.0,0.0,0.0,0.0,0.0,0.0,0.0,0.0,0.0,0.0,0.0,0.0,0.0,0.0,32.8570556640625,0.0,0.0,0.0,10.339953422546387,0.0,0.0,0.0,0.35692304372787476,0.0,2.002692461013794,0.0,0.0,0.0,0.0,0.0,0.0,0.0,0.0,0.0,0.0,0.0,0.0,0.0,0.0,0.0,0.0,0.0,0.0,0.0,0.0,0.0,0.0,0.0,0.0,0.0,0.0,0.0,0.0,0.0,0.0,0.0,0.0,0.0,0.0,28.21575927734375,0.0,0.0,0.0,0.0,0.0,0.0,0.0,0.0,0.0,0.0,0.0,0.0,0.0,0.0,0.0,0.0,0.0,0.0,0.0,0.0,0.0,0.0,0.0,0.0,0.0,0.0,0.0,0.0,4.706505298614502,0.0,0.0,0.0,0.0,0.0,0.0,0.0,0.0,0.0,0.0,0.0,0.0,0.0,0.0,0.0,0.0,0.0,0.0,0.0,0.0,4.352517127990723,0.0,0.0,0.0,0.0,0.0,49.470455169677734,0.0,0.0,0.0,0.0,0.0,0.0,0.0,0.0,0.0,0.0,0.0,0.0,0.0,0.0,0.0,0.0,0.0,0.0,0.0,0.0,0.0,3.2582638263702393,0.0,0.0,0.0,0.0,0.0,0.0,0.0,0.0,0.0,0.0,0.0,0.0,8.749225616455078,0.0,0.0,0.0,0.0,0.0,0.0,0.0,0.0,0.0,0.0,0.0,0.0,0.0,0.0,5.755062103271484,0.0,0.0,20.37622833251953,0.0,0.0,0.0,0.0,0.0,1.5798373222351074,0.0,5.940181255340576,0.0,0.0,0.0,0.0,0.0,0.0,0.0,0.0,0.0,0.0,0.0,0.0,0.0,0.0,0.0,0.0,0.0,0.0,0.0,0.0,0.0,14.028021812438965,0.0,0.0,0.0,0.0,0.0,0.0,0.0,0.0,0.0,0.0,0.0,0.0,1.7897374629974365,0.0,0.0,0.0,0.0,0.0,0.0,0.0,9.729414939880371,0.0,0.0,0.0,0.0,0.0,0.0,0.0,0.0,0.0,0.0,12.946009635925293,0.0,0.0,0.0,0.0,6.422858238220215,0.0,0.0,0.0,0.0,0.0,0.0,0.0,0.0,0.0,0.0,0.0,0.0,0.0,0.0,0.0,0.0,0.0,0.0,0.0,0.0,0.0,0.0,8.31904411315918,0.0,0.0,0.0,0.0,0.0,0.0,0.0,0.0,0.0,0.0,0.0,0.0,0.0,0.0,0.0,0.0,0.0,0.0,0.0,0.0,1.582633137702942,0.0,0.0,0.0,0.0,0.0,0.0,0.0,0.0,0.0,0.0,0.0,0.0,0.0,0.0,0.0,0.0,0.0,0.0,0.0,0.0,0.0,0.0,0.0,0.0,0.0,0.0,0.0,0.0,0.0,0.0,0.0,0.0,0.0,0.0,0.0,0.0,0.0,0.0,0.0,0.0,0.0,0.0,0.0,0.0,0.0,0.0,0.0,0.0,0.0,0.0,0.0,0.0,0.0,0.0,0.0,0.0,0.0,0.0,4.922791957855225,0.0,0.0,0.0,0.0,0.0,0.0,0.0,0.0,0.0,0.0,0.0,0.0,0.0,0.0,0.0,0.0,0.0,0.0,0.0,0.0,0.0,0.0,0.0,0.0,0.0,0.0,0.0,0.0,0.0,0.0,0.0,0.0,0.0,0.0,0.0,0.0,0.0,0.0,0.0,0.0,0.0,0.0,0.0,0.0,0.0,0.0,0.0,0.0,0.0,0.0,0.0,0.0,0.0,0.0,0.0,0.0,0.0,0.0,0.0,0.0,0.0,0.0,0.0,0.0,0.0,0.0,0.0,0.0,0.0,0.0,0.0,0.0,0.0,0.0,0.0,0.0,0.0,0.0,0.0,0.0,9.888608932495117,0.0,0.0,0.0,0.0,0.0,0.0,0.0,0.0,0.0,0.0,0.0,0.0,0.0,0.0,0.0,0.0,0.0,0.0,0.0,0.0,0.0,0.0,0.0,0.0,0.0,0.0,0.0,0.0,0.0,0.0,0.0,0.0,0.0,0.0,0.0,0.0,0.0,0.0,0.0,0.0,0.0,0.0,0.0,0.0,0.0,0.0,0.0,0.0,0.0,0.0,0.0,0.0,0.0,0.0,0.0,0.0,0.0,0.0,0.0,0.0,0.0,0.0,0.0,0.0,0.0,0.0,0.0,0.0,0.0,0.0,0.0,0.0,0.0,0.0,0.0,0.0,0.0,0.0,0.0,0.0,0.0,0.0,0.0,0.0,0.0,0.0,0.0,0.0,0.0,0.0,0.0,0.0,0.0,0.0,0.0,0.0,0.0,0.0,0.0,0.0,0.0,0.0,0.0,0.0,0.0,0.0,47.73233413696289,0.0,0.0,0.0,0.0,0.0,0.0,0.0,29.836336135864258,0.0,0.0,0.0,0.0,0.0,0.0,0.0,0.0,0.0,0.0,0.0,0.0,0.0,0.0,0.0,20.50493621826172,0.0,0.0,0.0,0.0,15.63667106628418,0.0,0.0,0.0,0.0,0.0,0.0,0.0,0.0,0.0,0.0,0.0,0.0,0.0,0.0,0.0,124.84674835205078,0.0,0.0,0.0,0.0,0.0,0.0,0.0,0.0,0.0,0.0,0.0,0.0,0.0,0.0,0.0,0.0,0.0,0.0,0.0,0.0,0.0,0.0,0.0,0.0,0.0,0.0,0.0,0.0,0.0,0.0,0.0,0.0,0.0,0.0,0.0,0.0,0.0,0.0,0.0,0.0,0.0,0.0,0.0,0.0,0.0,0.0,0.0,0.0,0.0,0.0,0.0,0.0,0.0,0.0,0.0,0.0,0.0,0.0,0.0,0.0,0.0,0.0,0.0,0.0,0.0,0.0,0.0,0.0,0.0,0.0,0.0,0.0,0.0,0.0,0.0,0.0,0.0,0.0,0.0,0.0,0.0,0.0,0.0,0.0,0.0,0.0,0.0,0.0,0.0,0.0,0.0,0.0,0.0,0.0,0.0,0.0,35.88329315185547,0.0,0.0,0.0,0.0,0.0,0.0,0.0,0.0,0.0,0.0,0.0,13.313408851623535,0.0,0.0,0.0,0.0,0.0,0.0,0.0,0.0,0.0,0.0,0.0,0.0,0.0,0.0,0.0,0.0,0.0,0.0,0.0,0.0,0.0,0.0,0.0,0.0,0.0,0.0,0.0,0.0,0.0,0.0,0.0,0.0,0.0,0.0,0.0,0.0,0.0,0.0,0.0,0.0,0.0,0.0,0.0,0.0,0.0,0.0,0.0,0.0,0.0,0.0,0.0,0.0,0.0,0.0,0.0,0.0,0.0,0.0,0.0,0.0,0.0,31.2772216796875,0.0,0.0,0.0,0.0,0.0,0.0,0.0,0.0,0.0,0.0,0.0,0.0,0.0,0.0,0.0,0.0,0.0,0.0,0.0,0.0,0.0,0.0,0.0,0.0,0.0,0.0,0.0,0.0,0.0,0.0,0.0,0.0,0.0,0.0,0.0,0.0,0.0,0.0,0.0,0.0,0.0,0.0,0.0,0.0,0.0,0.0,0.0,0.0,0.0,0.0,0.0,0.0,0.0,0.0,11.57573413848877,0.0,0.0,0.0,0.0,0.0,0.0,0.0,0.0,0.0,0.0,0.0,0.0,0.0,0.0,0.0,0.0,0.0,5.3387064933776855,0.0,0.0,0.0,0.0,0.0,0.0,0.0,0.0,0.0,0.0,0.0,0.0,0.0,0.0,0.0,0.0,0.0,0.0,0.0,0.0,0.0,0.0,0.0,0.0,0.0,0.0,0.0,0.0,0.0,0.0,0.0,0.0,0.0,0.0,0.0,0.0,0.0,0.0,0.0,0.0,0.0,0.0,0.0,82.72711181640625,0.0,0.0,0.0,0.0,0.0,0.0,0.0,0.0,0.0,0.0,0.0,15.226766586303711,0.0,0.0,0.0,0.0,0.0,0.0,0.0,0.0,1.90036141872406,0.0,0.0,0.0,0.0,0.0,0.0,0.0,0.0,0.0,0.0,0.0,0.0,0.0,0.0,0.0,0.0,0.0,0.0,0.0,0.0,0.0,0.0,0.0,0.0,0.0,0.0,0.0,0.0,0.0,0.0,0.0,0.0,0.0,0.0,0.0,0.0,0.0,0.0,0.0,0.0,0.0,0.0,0.0,0.0,0.0,0.0,0.0,0.0,0.0,0.0,0.0,0.0,0.0,0.0,0.0,0.0,0.0,0.0,0.0,0.0,0.0,0.0,0.0,0.0,0.0,0.0,0.0,1.4428987503051758,0.0,0.0,0.0,0.0,0.0,0.0,0.0,0.0,0.0,0.0,0.0,0.0,0.0,0.0,0.0,0.0,0.0,0.0,0.0,0.0,0.0,0.0,0.0,0.0,0.0,0.0,0.0,0.0,0.0,0.0,0.0,0.0,0.0,0.0,0.0,0.0,0.0,0.0,0.0,0.0,0.0,0.0,0.0,0.0,0.0,0.0,0.0,0.0,0.0,0.0,0.0,0.0,0.0,0.0,0.0,0.0,0.0,0.0,0.0,0.0,0.0,0.0,0.0,0.0,0.0,0.0,0.0,0.0,0.0,0.0,0.0,0.0,0.0,0.0,0.0,0.0,0.0,0.0,0.0,0.0,0.0,0.0,0.0,0.0,0.0,0.0,0.0,0.0,0.0,47.93690872192383,0.0,0.0,0.0,0.0,0.0,0.0,0.0,28.171241760253906,0.0,0.0,0.0,0.0,0.0,0.0,0.0,0.0,0.0,0.0,0.0,0.0,0.0,0.0,81.81758880615234,32.41584777832031,0.0,0.0,0.0,0.0,9.898290634155273,0.0,0.0,0.0,0.0,0.0,0.0,0.0,0.0,0.0,0.0,0.0,0.0,0.0,0.0,0.0,117.81658935546875,0.0,0.0,0.0,0.0,0.0,0.0,0.0,0.0,0.0,0.0,20.42095375061035,0.0,0.0,0.0,0.0,0.0,0.0,0.0,0.0,0.0,0.0,0.0,0.0,0.0,0.0,0.0,0.0,0.0,0.0,0.0,0.0,0.0,0.0,0.0,0.0,0.0,0.0,0.0,0.0,0.0,0.0,0.0,0.0,0.0,0.0,0.0,0.0,0.0,0.0,0.0,0.0,0.0,0.0,0.0,0.0,12.621883392333984,0.0,0.0,0.0,0.0,0.0,0.0,0.0,0.0,0.0,0.0,0.0,0.0,0.0,6.877620220184326,0.0,0.0,0.0,0.0,0.0,0.0,0.0,0.0,0.0,0.0,0.0,0.0,0.0,0.0,0.0,0.0,0.0,0.0,0.0,0.0,0.0,0.0,0.0,7.575621604919434,0.0,0.0,20.274356842041016,2.3063952922821045,0.0,0.0,0.0,0.0,0.0,0.0,0.0,0.0,0.0,0.0,0.0,0.0,0.0,0.0,0.0,0.0,0.0,0.0,0.0,0.0,0.0,0.0,0.0,0.0,0.0,0.0,0.0,0.0,0.0,0.0,0.0,0.0,0.0,0.0,0.0,0.0,0.0,0.0,0.0,0.0,0.0,0.0,0.0,0.0,0.0,0.0,0.0,0.0,13.778072357177734,0.0,0.0,0.0,0.0,0.0,0.0,0.0,15.879301071166992,0.0,0.0,0.0,0.0,0.0,0.0,0.0,0.0,0.0,0.0,0.0,0.0,0.0,0.0,0.0,13.369182586669922,0.0,0.0,0.0,0.0,0.0,0.0,0.0,24.74235725402832,0.0,0.0,0.0,0.0,0.0,0.0,0.0,0.0,0.0,0.0,0.0,0.0,0.0,0.0,0.0,0.0,0.0,0.0,0.0,0.0,0.0,0.0,0.0,0.0,0.0,0.0,0.0,0.0,0.0,0.0,0.0,0.0,0.0,0.0,0.0,0.0,0.0,0.0,0.0,0.0,0.0,22.069974899291992,0.0,0.0,0.0,0.0,0.0,0.0,0.0,0.0,0.0,0.0,0.0,0.0,0.0,0.0,0.0,0.0,0.0,0.0,0.0,0.0,0.0,0.0,15.792135238647461,0.0,0.0,0.0,0.0,0.0,0.0,0.0,0.0,0.0,0.0,0.0,0.0,0.0,0.0,0.0,0.0,0.0,0.0,0.0,0.0,0.0,0.0,0.0,0.0,0.0,0.0,0.0,0.0,0.0,0.0,0.0,0.0,0.0,0.0,0.0,0.0,0.0,0.0,0.0,0.0,0.0,0.0,0.0,91.38896942138672,0.0,0.0,0.0,0.0,0.0,0.0,0.0,0.0,0.0,0.0,0.0,14.203021049499512,0.0,0.0,0.0,0.0,0.0,0.0,0.0,0.0,36.22563552856445,0.0,0.0,0.0,0.0,27.212614059448242,0.0,0.0,0.0,0.0,0.0,0.0,0.0,0.0,0.0,2.311431884765625,0.0,0.0,0.0,0.0,0.0,0.0,0.0,0.0,0.0,0.0,0.0,0.0,0.0,0.0,0.0,0.0,0.0,0.0,2.4321296215057373,0.0,0.0,0.0,0.0,0.0,0.0,0.0,0.0,0.0,0.0,13.642769813537598,0.0,0.0,0.0,0.0,0.0,0.0,0.0,0.0,0.0,0.0,0.0,0.0,0.0,0.0,0.0,0.0,0.0,0.0,4.739649295806885,0.0,0.0,0.0,5.1941070556640625,0.0,0.0,0.0,0.0,0.0,0.0,0.0,0.0,0.0,0.0,0.0,0.0,0.0,0.0,0.0,0.0,0.0,0.0,0.0,0.0,0.0,0.0,0.0,0.0,0.0,12.80979061126709,0.0,0.0,0.0,0.0,0.0,0.0,0.0,0.0,0.0,0.0,0.0,0.0,0.0,0.0,0.0,0.0,0.0,0.0,0.0,0.0,0.0,0.0,0.0,0.0,0.0,0.0,0.0,0.0,0.0,0.0,0.0,0.0,0.0,0.0,0.0,0.0,0.0,0.0,0.0,0.0,0.0,0.0,0.0,0.0,0.0,0.0,0.0,0.0,0.0,0.0,0.0,0.0,0.0,0.0,0.0,0.0,0.0,0.0,0.0,0.0,0.0,0.0,0.0,11.136136054992676,0.0,0.0,0.0,0.0,0.0,0.0,0.0,0.0,0.0,0.0,0.0,0.0,0.0,0.0,0.0,0.0,0.0,0.0,0.0,0.0,0.0,0.0,78.35565948486328,12.220601081848145,0.0,0.0,0.0,0.0,0.0,0.0,0.0,0.0,0.0,0.0,0.0,0.0,0.0,0.0,0.0,0.0,0.0,0.0,0.0,0.0,82.34100341796875,0.0,0.0,0.0,0.1294500231742859,0.0,0.0,0.0,0.0,0.0,0.0,17.864988327026367,0.0,0.0,0.0,0.0,0.0,0.0,0.0,0.0,0.0,0.0,0.0,0.0,0.0,0.0,0.0,0.0,0.0,0.0,0.0,0.0,0.0,0.0,0.0,0.0,0.0,0.0,0.0,0.0,0.0,0.0,0.0,0.0,0.0,0.0,0.0,0.0,0.0,0.0,0.0,0.0,0.0,0.0,0.0,0.0,7.202127456665039,0.0,0.0,0.0,0.0,0.0,0.0,0.0,0.0,0.0,3.3554575443267822,0.0,0.0,0.0,0.0,0.0,4.043758392333984,0.0,0.0,0.0,0.0,0.0,0.0,0.0,0.0,0.0,0.0,0.0,0.0,0.0,0.0,0.0,13.168401718139648,0.0,0.0,0.0,0.0,0.0,24.88976287841797,0.0,0.0,0.0,0.0,0.0,0.0,0.0,0.0,0.0,0.0,0.0,0.0,0.0,0.0,0.0,0.0,0.0,0.0,0.0,0.0,0.0,0.0,0.0,0.0,0.0,0.0,0.0,0.0,0.0,0.0,0.0,0.0,0.0,0.0,0.0,0.0,0.0,0.0,0.0,0.0,0.0,0.0,0.0,0.0,0.0,0.0,0.0,7.955461502075195,0.0,0.0,0.0,0.0,26.981557846069336,0.0,0.0,0.0,0.0,0.0,1.6965346336364746,0.0,16.82770347595215,0.0,21.574665069580078,0.0,0.0,0.0,0.0,0.0,0.0,0.0,0.0,0.0,0.0,0.0,0.0,0.0,0.0,0.0,0.0,0.0,0.0,0.0,0.0,0.0,19.88609504699707,0.0,0.0,0.0,0.0,0.0,0.0,0.0,0.0,0.0,0.0,0.0,0.0,0.0,0.0,0.0,0.0,0.0,0.0,0.0,0.0,0.0,0.0,0.0,0.0,0.0,0.0,0.0,0.0,0.0,0.08882337808609009,0.0,0.0,0.0,0.0,0.0,0.0,0.0,0.0,0.0,0.0,0.0,32.198246002197266,0.0,0.0,0.0,0.0,0.0,0.0,0.0,0.0,0.0,0.0,0.0,0.0,0.0,0.0,0.0,0.0,0.0,0.0,0.0,0.0,0.0,0.0,25.605371475219727,0.0,0.0,0.0,0.0,0.0,0.0,0.0,0.0,0.0,0.0,0.0,0.0,0.0,0.0,0.0,0.0,0.0,0.0,0.0,0.0,0.0,0.0,0.0,0.0,0.0,0.0,0.0,0.0,0.0,0.0,0.0,0.0,0.0,0.0,0.0,0.0,0.0,0.0,0.0,0.0,0.0,0.0,0.0,45.643585205078125,0.0,0.0,0.0,0.0,0.0,0.0,0.0,0.0,0.0,0.0,0.0,0.0,0.0,0.0,0.0,0.0,0.0,0.0,0.0,0.0,0.0,0.0,0.0,0.0,0.0,0.0,0.0,0.0,0.0,0.0,0.0,0.0,0.0,0.0,0.0,0.0,0.0,0.0,0.0,0.0,0.0,0.0,0.0,0.0,0.0,0.0,0.0,0.0,0.0,0.0,0.0,0.0,0.0,0.0,0.0,0.0,0.0,0.0,0.0,0.0,0.0,0.0,0.0,0.0,0.0,0.0,0.0,0.0,0.0,0.0,0.0,0.0,0.0,0.0,0.0,0.0,0.0,0.0,0.0,0.0,0.0,0.0,0.0,0.0,15.39130687713623,0.0,0.0,0.0,0.0,0.0,0.0,0.0,0.0,0.0,0.0,0.0,0.0,0.0,0.0,0.0,0.0,0.0,0.0,0.0,0.0,0.0,0.0,0.0,0.0,0.0,0.0,0.0,0.0,0.0,35.02570343017578,0.0,0.0,0.0,0.0,0.0,0.0,0.0,0.0,0.0,0.0,0.0,0.0,0.0,0.0,0.0,0.0,0.0,0.0,0.0,0.0,0.0,0.0,0.0,0.0,0.0,0.0,0.0,0.0,0.0,0.0,0.0,0.0,0.0,0.0,0.0,0.0,0.0,0.0,0.0,0.0,0.0,0.0,0.0,0.0,0.0,0.0,0.0,0.0,0.0,0.0,0.0,0.0,0.0,0.0,0.0,0.0,0.0,0.0,0.0,0.0,0.0,0.0,0.0,66.67626190185547,0.0,0.0,0.0,0.0,0.0,5.415244102478027,0.0,31.7850341796875,0.0,0.0,0.0,0.0,0.0,0.0,0.0,0.0,0.0,0.0,0.0,0.0,0.0,0.0,30.429954528808594,1.0995818376541138,0.0,0.0,0.0,0.0,0.0,0.0,0.0,0.0,0.0,0.0,0.0,0.0,0.0,0.0,0.0,0.0,0.0,0.0,0.0,0.0,129.40078735351562,0.0,0.0,0.0,0.0,0.0,0.0,0.0,0.0,0.0,0.0,6.812957286834717,0.0,0.0,0.0,0.0,0.0,0.0,0.0,0.0,0.0,0.0,0.0,0.0,0.0,0.0,0.0,0.0,0.0,0.0,0.0,0.0,0.0,0.0,0.0,0.0,0.0,0.0,0.0,0.0,0.0,0.0,0.0,0.0,0.0,0.0,0.0,0.0,0.0,0.0,0.0,0.0,0.0,0.0,0.0,0.0,0.08192959427833557,0.0,0.0,0.0,0.0,0.0,0.0,0.0,0.0,0.0,0.0,0.0,0.0,0.0,0.0,0.0,0.0,0.0,0.0,0.0,0.0,0.0,0.0,0.0,0.0,0.0,0.0,0.0,0.0,0.0,0.0,0.0,16.819122314453125,0.0,0.0,0.0,0.0,0.0,0.0,0.0,0.0,0.0,0.0,0.0,0.0,0.0,0.0,0.0,0.0,0.0,0.0,0.0,0.0,0.0,0.0,0.0,0.0,0.0,0.0,0.0,0.0,0.0,0.0,0.0,0.0,0.0,0.0,0.0,0.0,0.0,0.0,0.0,0.0,0.0,0.0,0.0,0.0,0.0,0.0,0.0,0.0,0.0,0.0,0.0,0.0,0.0,0.0,0.0,0.0,0.0,0.0,1.9720596075057983,0.0,0.0,0.0,0.0,0.0,0.0,0.0,0.0,0.0,0.0,0.0,0.0,0.0,0.0,0.0,0.0,0.0,0.0,0.0,0.0,0.0,0.0,0.0,39.937374114990234,0.0,0.0,0.0,0.0,0.0,0.0,0.0,0.0,0.0,0.0,0.0,0.0,0.0,0.0,0.0,0.0,0.0,0.0,0.0,0.0,0.0,0.0,0.0,0.0,0.0,0.0,0.0,0.0,0.0,0.0,0.0,0.0,0.0,0.0,0.0,0.0,0.0,0.0,0.0,0.0,0.0,0.0,0.0,0.0,0.0,0.0,0.0,0.0,0.0,0.0,0.0,0.0,0.0,0.0,0.0,0.0,0.0,0.0,0.0,0.0,0.0,0.0,0.0,0.0,0.0,6.072855472564697,0.0,0.0,0.0,0.0,0.0,0.0,1.6613245010375977,0.0,0.0,0.0,0.0,0.0,3.859208583831787,0.0,0.0,0.0,0.0,0.0,0.0,0.0,0.0,0.0,0.0,0.0,0.0,0.0,0.0,0.0,0.0,0.0,0.0,0.0,0.0,0.0,0.0,0.0,0.0,0.0,0.0,0.0,0.0,2.629343032836914,0.0,0.0,0.0,0.0,0.0,0.0,0.0,0.0,0.0,0.0,0.0,0.0,0.0,0.0,0.0,0.0,0.0,0.0,0.0,0.0,0.0,0.0,0.0,0.0,0.0,0.0,0.0,0.0,0.0,9.583828926086426,0.0,0.0,0.0,0.0,0.0,0.0,0.0,0.0,0.0,0.0,0.0,0.0,0.0,0.0,0.0,0.0,0.0,0.0,0.0,0.0,0.0,0.0,0.0,0.0,0.0,0.0,0.0,0.0,0.0,0.0,0.0,0.0,0.0,0.0,0.0,0.0,0.0,0.0,0.0,0.0,0.0,0.0,0.0,0.0,0.0,0.0,0.0,0.0,0.0,0.0,0.0,0.0,0.0,0.0,0.0,0.0,0.0,0.0,0.0,0.0,0.0,0.0,0.0,0.0,0.0,0.0,0.0,0.0,0.0,2.034626007080078,0.0,0.0,0.0,0.0,0.0,0.0,0.0,0.0,0.0,0.0,0.0,0.0,0.0,0.0,0.0,0.0,0.0,0.0,0.0,0.0,0.0,0.0,0.0,0.0,0.0,0.0,0.0,0.0,0.0,0.0,0.0,0.0,0.0,0.0,0.0,0.0,0.0,0.0,0.0,0.0,0.0,0.0,0.0,0.0,0.0,0.0,0.0,0.0,0.0,0.0,0.0,0.0,0.0,0.0,0.0,0.0,0.0,0.0,0.0,0.0,0.0,0.0,0.0,0.0,0.0,0.0,0.0,0.0,0.0,0.0,0.0,0.0,0.0,0.0,0.0,0.0,0.0,0.0,0.0,0.0,0.0,0.0,0.0,0.0,0.0,0.0,0.0,71.75109100341797,0.0,0.0,0.0,0.0,0.0,0.0,0.0,61.14049530029297,0.0,3.9558067321777344,0.0,0.0,0.0,0.0,0.0,0.0,0.0,0.0,0.0,0.0,0.0,0.0,17.14741325378418,0.0,0.0,0.0,0.0,0.0,4.092583656311035,0.0,0.0,0.0,0.0,0.0,0.0,0.0,0.0,0.0,0.0,0.0,0.0,0.0,0.0,0.0,156.27235412597656,0.0,0.0,0.0,0.0,0.0,0.0,35.79309844970703,0.0,0.0,0.0,17.26148796081543,0.0,0.0,0.0,0.0,0.0,0.0,0.0,0.0,0.0,0.0,0.0,0.0,0.0,0.0,0.0,28.75594139099121,0.0,0.0,0.0,0.0,0.0,0.0,0.0,0.0,0.0,0.0,0.0,0.0,0.0,0.0,0.0,0.0,0.0,0.0,0.0,0.0,0.0,0.0,0.0,0.0,0.0,0.0,0.0,0.0,35.00558853149414,0.0,0.0,0.0,0.0,0.0,0.0,0.0,0.0,0.0,0.0,0.0,0.0,0.0,0.0,0.0,0.0,0.0,0.0,0.0,0.0,0.0,0.0,0.0,0.0,0.0,0.0,0.0,0.0,0.0,0.0,0.0,0.0,0.0,0.0,2.032167673110962,0.0,0.0,0.0,0.0,0.0,21.38835334777832,0.0,0.0,0.0,0.0,0.0,0.0,0.0,0.0,0.0,0.0,0.0,0.0,0.0,0.0,0.0,0.0,0.0,16.78234100341797,0.0,0.0,0.0,0.0,0.0,0.0,0.0,0.0,0.0,0.0,0.0,0.0,0.0,0.0,0.0,0.0,0.0,0.0,0.0,0.0,0.0,0.0,0.0,0.0,0.0,13.615742683410645,0.0,0.0,0.0,0.0,0.0,0.0,0.0,0.0,0.0,0.0,0.0,0.0,0.0,0.0,0.0,0.0,0.0,0.0,0.0,0.0,0.0,0.0,0.0,0.0,0.0,0.0,0.0,0.0,0.0,53.47492218017578,0.0,0.0,0.0,0.0,0.0,0.0,0.0,0.0,0.0,0.0,0.0,0.0,0.0,0.0,0.0,12.009966850280762,0.0,0.0,0.0,0.0,0.0,0.0,0.0,0.0,0.0,0.0,0.0,0.0,0.0,0.0,0.0,0.0,0.0,0.0,0.0,0.0,12.910860061645508,0.0,0.0,0.0,0.0,0.0,0.0,0.0,9.610474586486816,0.0,0.0,0.0,0.0,0.0,0.0,0.0,0.0,0.0,0.0,0.0,0.0,0.0,0.0,0.0,0.0,0.0,0.0,0.0,0.0,5.557860374450684,0.0,0.0,0.0,0.0,0.0,0.0,0.0,0.0,0.0,0.0,0.0,0.0,0.0,0.0,0.0,0.0,0.0,0.0,0.0,0.0,0.0,0.0,0.0,0.0,0.0,0.0,0.0,0.0,0.0,0.0,0.0,0.0,0.0,0.0,0.0,0.0,0.0,0.0,0.0,0.0,0.0,2.6033105850219727,0.0,0.0,0.0,0.0,0.0,0.0,0.0,0.0,0.0,10.950348854064941,0.0,0.0,0.0,0.0,21.23455047607422,0.0,0.0,0.0,0.0,0.0,0.0,0.0,5.592838764190674,0.0,0.0,0.0,0.0,0.0,0.0,19.462970733642578,0.0,0.0,0.0,0.0,0.0,0.0,0.0,0.0,0.0,0.0,0.0,0.0,0.0,0.0,0.0,0.0,0.0,0.0,0.0,0.0,0.0,0.0,8.090612411499023,0.0,0.0,16.027509689331055,0.0,0.0,0.0,0.0,0.0,0.0,0.0,0.0,0.0,0.0,0.0,0.0,0.0,0.0,0.0,0.0,5.807558059692383,0.0,0.0,0.0,0.0,0.0,0.0,0.0,5.399318218231201,0.0,0.0,0.0,0.0,0.0,0.0,0.0,0.0,0.0,23.20499610900879,0.0,0.0,0.0,0.0,0.0,0.0,0.0,15.325875282287598,0.0,0.0,0.0,0.0,0.0,0.0,0.0,0.0,0.0,0.0,0.0,0.0,0.0,0.0,0.0,0.0,0.0,0.0,0.0,13.670230865478516,0.0,0.0,0.0,5.862687110900879,0.0,0.0,0.0,0.0,0.0,0.0,0.0,0.0,4.352417945861816,0.0,0.0,0.0,0.0,1.5316922664642334,0.0,0.0,0.0,0.0,0.0,0.0,0.0,0.0,0.0,0.0,0.0,0.0,0.0,0.0,0.0,0.0,0.0,0.0,0.0,0.0,0.0,0.0,0.0,19.07912826538086,0.0,0.0,0.0,0.0,0.0,0.0,0.0,0.0,0.0,0.0,0.0,0.0,0.0,0.0,0.0,0.0,0.0,0.0,0.0,0.0,0.0,0.0,0.0,0.0,0.0,0.0,21.76759910583496,0.0,0.0,0.0,4.538479328155518,0.0,0.0,0.0,24.977731704711914,0.0,0.0,0.0,0.0,0.0,0.0,0.0,0.0,0.0,0.0,0.0,0.0,0.0,0.0,9.037652969360352,0.0,0.0,0.0,0.0,0.0,0.0,0.0,0.0,0.0,0.0,0.0,0.0,3.8633151054382324,0.0,0.0,0.0,0.0,0.0,0.0,0.0,0.0,51.57715606689453,0.0,19.304040908813477,0.0,0.0,0.0,12.372352600097656,24.259063720703125,0.0,0.0,0.0,5.697746276855469,0.0,0.0,0.0,0.0,0.0,0.0,0.0,0.0,0.0,0.0,0.0,0.0,0.0,0.0,0.0,0.0,1.9972498416900635,0.7744550704956055,27.680500030517578,0.0,0.0,1.6778647899627686,12.98466682434082,0.0,0.0,0.0,0.0,0.0,0.0,0.0,0.0,0.0,0.0,0.0,0.0,0.0,0.0,0.0,0.0,0.0,0.0,0.0,0.0,0.0,33.322235107421875,0.0,0.0,0.0,0.0,0.0,0.0,0.0,0.0,0.0,0.0,0.0,0.0,0.0,0.0,7.155386924743652,0.0,0.0,0.0,0.0,0.0,0.0,0.0,0.0,0.0,0.0,0.0,0.0,0.0,0.0,0.0,0.0,0.0,0.0,0.0,36.57884979248047,0.0,0.0,0.0,0.0,0.0,0.0,1.9837528467178345,0.0,0.0,0.0,0.0,0.0,0.0,0.0,14.232786178588867,0.0,0.0,16.20052719116211,0.0,0.0,0.0,0.0,0.0,2.8026113510131836,0.0,26.049636840820312,0.0,0.0,0.0,0.0,0.0,0.0,0.0,0.0,0.0,0.0,0.0,0.0,0.0,0.0,0.0,0.0,7.527902126312256,0.0,0.0,19.03233528137207,0.0,7.576784610748291,0.0,3.184458017349243,0.0,0.0,0.0,0.0,0.0,0.0,0.0,0.0,0.0,0.0,4.9799957275390625,0.0,0.0,0.0,0.0,0.0,0.0,0.0,1.7631222009658813,0.0,0.0,0.0,0.0,0.0,0.0,0.0,0.0,0.0,0.0,30.324392318725586,0.0,0.0,0.0,0.0,4.385061264038086,0.0,0.0,0.0,0.0,0.0,0.0,0.0,0.0,0.0,0.0,0.0,0.0,0.0,0.0,0.0,0.0,0.0,0.0,0.0,0.0,0.0,0.0,19.982851028442383,0.0,0.0,0.0,0.0,0.0,0.0,0.0,0.0,12.229765892028809,0.0,0.0,0.0,0.0,0.0,0.0,18.750080108642578,5.959496974945068,0.0,0.0,0.0,0.0,0.0,0.0,0.0,0.0,0.0,14.973648071289062,0.0,0.0,0.0,0.0,0.0,0.0,0.0,0.0,0.0,0.0,0.0,0.0,0.0,0.0,0.0,0.0,0.0,0.0,0.0,0.0,0.0,0.0,0.0,0.0,0.0,0.0,0.0,0.0,12.47873592376709,0.0,0.0,0.0,0.0,0.0,0.0,0.0,0.0,0.0,0.0,0.0,0.0,0.0,0.0,0.0,0.0,0.0,0.0,0.0,0.0,0.0,0.0,0.0,0.0,0.0,0.0,0.0,0.0,7.902045726776123,0.0,0.0,0.0,0.0,0.0,0.0,0.0,0.0,0.0,0.307635635137558,0.0,0.0,0.0,0.0,0.0,0.0,0.0,0.0,0.0,0.0,0.0,0.0,0.0,0.0,0.0,0.0,0.0,0.0,0.0,0.0,0.0,0.0,0.0,0.0,0.0,0.0,0.0,0.0,0.0,0.0,0.0,0.0,0.0,0.0,0.0,0.0,0.0,20.311458587646484,0.0,0.0,10.63821792602539,0.0,0.0,0.0,0.0,0.0,0.0,0.0,0.0,0.0,0.0,0.0,0.0,0.0,0.0,0.0,0.0,9.316670417785645,0.0,0.0,0.0,0.0,0.0,0.0,0.0,43.43769073486328,0.0,0.0,0.0,0.0,0.0,0.0,0.0,0.0,0.0,0.0,0.0,0.0,0.0,0.0,0.0,0.0,0.0,28.39573860168457,0.0,0.0,0.0,0.0,0.0,0.0,0.0,0.0,0.0,0.0,0.0,0.0,0.0,0.0,0.0,0.0,0.0,0.0,0.0,13.486693382263184,0.0,1.8452428579330444,0.0,2.5250630378723145,0.0,0.0,0.0,0.0,0.0,0.0,0.0,12.003995895385742,0.0,0.0,0.0,0.0,0.0,0.0,0.0,0.0,0.0,0.0,0.0,0.0,0.0,0.0,0.0,0.0,0.05903245508670807,0.0,0.0,0.0,0.0,8.447043418884277,0.0,0.0,0.0,0.0,0.0,0.0,0.0,43.51510238647461,0.0,0.0,0.0,0.0,0.0,0.0,0.0,0.0,0.0,0.0,0.0,0.0,0.0,0.0,0.0,0.0,0.0,0.0,0.0,0.0,0.0,0.0,0.0,0.0,0.0,0.0,0.0,21.04640769958496,0.0,0.0,28.122838973999023,0.0,0.0,4.28203821182251,0.0,0.0,0.0,0.0,0.0,0.0,0.0,0.0,0.0,0.0,0.0,0.0,0.0,0.0,0.0,0.0,0.0,0.0,0.0,0.0,0.0,0.0,0.0,0.0,0.0,0.0,0.0,0.0,3.7390975952148438,0.0,0.0,0.0,0.0,0.0,0.0,0.0,0.0,0.0,0.0,0.0,0.0,0.0,0.0,26.503358840942383,0.0,0.0,0.0,0.0,0.0,0.0,0.0,0.0,0.0,0.0,0.0,0.0,0.0,0.0,0.0,0.0,0.0,0.0,0.0,0.0,0.0,2.4809799194335938,0.0,7.524364471435547,0.0,0.0,0.0,0.0,0.0,0.0,0.0,0.0,0.0,0.0,0.0,0.0,0.0,0.0,0.0,0.0,0.0,0.0,0.0,19.76405143737793,0.0,0.0,0.0,0.0,0.0,42.99264144897461,0.0,0.0,0.0,0.0,0.0,0.0,0.0,0.0,0.0,0.0,0.0,0.0,0.0,0.0,0.0,0.0,0.0,0.0,0.0,0.0,0.0,12.357137680053711,0.0,0.0,0.0,0.0,0.0,0.0,0.0,10.476831436157227,0.0,0.0,0.0,0.0,9.114649772644043,0.0,0.0,0.0,0.0,0.0,0.0,2.0257813930511475,0.0,0.0,0.0,0.0,0.0,0.0,0.0,20.53925323486328,0.0,0.0,26.129791259765625,0.0,0.0,0.0,0.0,0.0,0.0,0.0,0.0,0.0,0.0,0.0,0.0,0.0,0.0,0.0,0.0,0.0,0.0,0.0,0.0,10.595602989196777,0.0,0.0,0.0,8.235448837280273,0.0,0.0,23.664337158203125,0.0,0.0,0.0,0.0,0.0,0.0,0.0,0.0,0.0,0.0,0.0,0.0,0.0,0.0,17.614086151123047,0.0,0.0,0.0,0.0,0.0,0.0,0.0,0.0,0.0,0.0,0.0,0.0,0.0,0.0,0.0,0.0,0.0,0.0,18.75106430053711,0.0,0.0,0.0,0.0,0.0,0.0,0.0,0.0,0.0,0.0,0.0,0.0,0.0,0.0,0.0,0.0,0.0,0.0,0.4509008526802063,0.0,12.03232479095459,0.0,0.0,0.0,0.0,0.0,0.0,5.822608947753906,0.0,0.0,0.0,0.0,0.0,0.0,0.0,0.0,0.0,0.0,0.0,0.0,0.0,0.0,0.0,0.0,0.0,0.0,0.0,0.0,0.0,0.0,0.0,0.0,0.0,0.0,0.0,0.0,0.0,0.0,0.0,0.0,0.0,0.0,0.0,0.0,0.0,0.0,0.0,0.0,0.0,0.0,0.0,0.0,0.0,0.0,5.077557563781738,0.0,0.0,0.0,0.0,0.0,0.0,0.0,0.0,0.0,1.0036710500717163,14.846848487854004,0.0,0.0,0.0,0.0,0.0,0.0,0.0,0.0,0.0,0.0,0.0,0.0,0.0,0.0,0.0,0.0,0.0,0.0,0.0,0.0,0.0,21.287641525268555,0.0,0.0,0.0,0.0,0.0,0.0,0.0,0.0,0.0,0.0,0.0,0.0,0.0,0.0,0.0,0.0,0.0,0.0,0.0,0.0,0.0,0.0,0.0,4.285160064697266,0.0,0.0,0.0,0.0,0.0,0.0,0.0,0.0,0.0,0.0,0.0,0.0,0.0,0.0,0.0,0.0,0.0,0.0,0.0,0.0,0.0,0.0,0.0,0.0,0.0,0.0,0.0,0.0,15.493468284606934,0.0,0.0,0.0,0.0,0.0,0.0,0.0,0.0,0.0,0.0,0.0,21.336938858032227,0.0,0.0,0.0,0.0,0.0,0.0,0.0,0.0,0.0,0.0,0.0,0.0,0.0,0.0,0.0,45.42547607421875,0.0,0.0,7.211871147155762,0.0,0.0,0.0,0.0,0.0,0.0,0.0,0.0,0.0,0.0,0.0,0.0,0.0,0.0,6.946052074432373,0.0,0.0,0.0,0.0,0.0,0.0,0.0,0.0,0.0,0.0,0.0,0.0,0.0,0.0,0.0,0.0,0.0,0.0,0.0,0.0,0.0,14.027400970458984,0.0,5.242576599121094,0.0,0.0,0.0,0.0,0.0,0.0,0.0,0.0,0.0,0.0,0.0,0.0,0.0,0.0,0.0,0.0,0.0,0.0,0.0,0.0,0.0,0.0,0.0,0.0,0.0,0.0,0.0,0.0,0.0,0.0,0.0,0.0,0.0,0.0,0.0,0.0,0.0,46.55104064941406,0.0,0.0,0.0,0.0,0.0,0.0,0.0,0.0,0.0,0.0,0.0,0.0,0.0,0.0,0.0,0.0,0.0,0.0,0.0,0.0,0.0,0.0,0.0,0.0,0.0,0.0,31.342823028564453,0.0,0.0,0.0,27.371479034423828,0.0,0.0,11.533020973205566,10.32969856262207,0.0,0.0,0.0,0.0,0.0,0.0,0.0,0.0,0.0,0.0,0.0,0.0,0.0,0.0,0.0,0.0,0.0,0.0,0.0,0.0,8.781156539916992,0.0,0.0,0.0,0.0,0.0,0.0,5.435698509216309,0.0,0.0,0.0,0.0,0.0,0.0,0.0,0.0,108.9335708618164,0.0,0.0,0.0,0.0,0.0,9.129035949707031,13.396872520446777,0.0,0.0,21.617393493652344,0.0,0.0,0.0,0.0,0.0,0.0,0.0,0.0,0.0,0.0,0.0,0.0,0.0,0.0,0.0,0.0,0.0,0.0,0.0,0.0,0.0,0.0,48.13629150390625,0.0,0.0,0.0,0.0,0.0,0.0,0.0,0.0,0.0,0.0,0.0,0.0,0.0,0.0,0.0,0.0,12.695246696472168,0.0,0.0,0.0,0.0,0.0,8.646533012390137,0.0,0.0,0.0,0.0,0.0,0.0,0.0,0.0,0.0,0.0,0.0,0.0,0.0,0.0,0.0,0.0,0.0,0.0,0.0,0.0,0.0,0.0,0.0,0.0,0.0,0.0,0.0,0.0,0.0,0.0,0.0,0.0,0.0,0.0,0.0,0.0,0.0,0.0,0.0,0.0,34.93155288696289,0.0,0.0,0.0,0.0,0.0,0.0,0.0,0.0,0.0,0.0,0.0,30.3389892578125,0.0,0.0,0.0,0.0,0.0,22.277542114257812,0.0,0.0,0.0,0.0,0.0,0.0,0.0,0.0,0.0,0.0,0.0,0.0,0.0,0.0,0.0,0.0,0.0,0.0,0.0,0.0,0.0,16.62104034423828,0.0,0.0,0.0,0.0,0.0,7.9155097007751465,0.0,0.0,0.0,0.0,0.0,0.0,0.0,0.0,0.0,0.0,0.0,0.0,0.0,0.0,0.0,0.0,0.0,0.0,0.0,0.0,0.0,0.0,0.0,0.0,4.497616291046143,0.0,0.0,42.633033752441406,0.0,0.0,0.0,0.0,24.46183967590332,0.0,0.0,0.0,0.0,0.0,0.0,0.0,0.0,0.0,0.0,1.997973918914795,0.0,0.0,0.0,0.0,0.0,0.0,0.0,0.0,0.0,0.0,0.0,0.0,0.0,0.0,0.0,0.0,1.789679765701294,0.0,0.0,0.0,0.0,0.0,0.0,0.0,0.0,0.0,0.0,0.0,0.0,0.0,0.0,0.0,0.0,4.304194927215576,0.0,0.0,0.0,0.0,0.0,0.0,0.0,0.0,0.0,0.0,0.0,0.0,0.0,0.0,0.0,14.37132453918457,0.0,0.0,0.0,0.0,0.0,0.0,0.0,0.0,0.0,0.0,0.0,0.0,0.0,0.0,0.0,0.0,0.0,0.0,2.375368118286133,5.789978981018066,0.0,0.0,0.0,0.0,0.0,0.0,0.0,0.0,0.0,0.0,0.0,0.0,0.0,0.0,0.0,0.0,0.0,0.0,0.0,0.0,0.0,0.0,0.0,0.0,0.0,0.0,0.0,0.0,0.0,0.0,0.0,0.0,0.0,0.0,0.0,0.0,0.0,0.0,0.0,0.0,0.0,0.0,10.999838829040527,0.0,0.0,0.0,0.0,0.0,0.0,0.0,0.0,0.0,0.0,0.0,0.0,0.0,0.0,0.0,0.0,0.0,0.0,0.0,0.0,0.0,0.0,0.0,4.764306545257568,0.0,0.0,0.0,0.0,0.0,0.0,0.0,0.0,0.0,0.0,0.0,0.0,0.0,0.0,0.0,0.0,0.0,0.0,0.0,10.503265380859375,0.0,0.0,0.0,0.0,0.0,0.0,0.0,0.0,0.0,0.0,0.0,0.0,0.0,0.0,0.0,13.16260051727295,0.0,0.0,8.536258697509766,0.0,0.0,0.0,0.0,0.0,0.0,0.0,0.0,0.0,0.0,0.0,0.0,0.0,0.0,0.0,0.0,0.0,0.0,0.0,0.0,0.0,0.0,0.0,0.0,0.0,7.033280849456787,0.0,0.0,0.0,0.0,0.0,0.0,0.0,0.0,0.0,0.0,10.311561584472656,0.0,0.0,0.0,13.000467300415039,0.0,0.0,0.0,0.0,0.0,0.0,0.0,0.0,0.0,0.0,0.0,0.0,0.0,0.0,0.0,0.0,0.0,0.0,0.0,0.0,0.0,0.0,0.0,0.0,0.0,0.0,0.0,0.0,0.0,0.0,0.0,0.0,0.0,0.0,0.0,0.0,0.0,0.0,0.0,0.0,0.0,0.0,0.0,0.0,0.0,0.0,0.0,0.0,0.0,0.0,0.0,0.0,0.0,0.0,0.0,0.0,0.0,0.0,0.0,0.0,0.0,0.0,31.40420150756836,0.0,0.0,0.0,6.87783670425415,0.0,0.0,2.418968677520752,12.901278495788574,0.0,0.0,0.0,0.0,0.0,0.0,0.0,0.0,0.0,0.0,0.0,0.0,0.0,0.0,0.0,0.0,0.0,0.0,0.0,0.0,3.445178270339966,0.0,0.0,0.0,0.0,0.0,0.0,0.0,0.0,0.0,0.0,0.0,0.0,0.0,0.0,0.0,98.12285614013672,0.0,0.0,0.0,0.0,0.0,0.0,0.0,0.0,0.0,11.838907241821289,0.0,0.0,0.0,0.0,0.0,0.0,0.0,0.0,0.0,0.0,0.0,0.0,0.0,0.0,0.0,0.0,0.0,0.0,0.0,0.0,0.0,0.0,39.27233123779297,0.0,0.0,0.0,0.0,0.0,0.0,0.0,0.0,0.0,0.0,0.0,0.0,0.0,0.0,0.0,0.0,12.75713062286377,0.0,0.0,0.0,0.0,0.0,0.0,0.0,0.0,0.0,0.0,0.0,0.0,0.0,0.0,0.0,0.0,0.0,0.0,0.0,0.0,0.0,0.0,0.0,0.0,0.0,0.0,0.0,0.0,0.0,0.0,0.0,0.0,0.0,0.0,0.0,0.0,0.0,0.0,0.0,0.0,0.0,0.0,0.0,13.258267402648926,0.0,0.0,34.53571701049805,5.187972545623779,0.0,0.0,0.0,0.0,0.0,0.0,0.0,0.0,0.0,0.0,22.890247344970703,0.0,0.0,0.0,0.0,0.0,12.5054292678833,0.0,0.0,0.0,0.0,0.0,0.0,0.0,0.0,0.0,0.0,0.0,0.0,0.0,0.0,0.0,0.0,0.0,0.0,0.0,0.0,0.0,0.0,0.0,0.0,0.0,0.0,0.0,10.047246932983398,0.0,0.0,0.0,0.0,0.0,0.0,0.0,0.0,0.0,0.0,0.0,0.0,0.0,0.0,0.0,0.0,0.0,0.0,0.0,0.0,0.0,0.0,0.0,0.0,0.0,0.0,0.0,20.19376564025879,0.0,0.0,0.0,0.0,26.756702423095703,0.0,0.0,0.0,0.0,0.0,0.0,0.0,0.0,0.0,0.0,14.234107971191406,0.0,0.0,0.0,0.0,0.0,0.0,0.0,0.0,0.0,0.0,0.0,0.0,0.0,0.0,0.0,0.0,9.004971504211426,0.0,0.0,0.0,0.0,0.0,0.0,0.0,0.0,0.0,0.0,0.0,0.0,1.1297607421875,0.0,0.0,0.0,13.873042106628418,0.0,0.0,0.0,0.0,0.0,0.0,0.0,0.0,0.0,0.0,0.0,0.0,0.0,0.0,0.0,13.319470405578613,0.0,0.0,0.0,0.0,0.0,0.0,19.977087020874023,0.0,0.0,0.0,0.0,0.0,0.0,0.0,0.0,0.0,0.0,0.0,0.0,0.0,0.0,0.0,0.0,0.0,0.0,0.0,0.0,0.0,0.0,0.0,0.0,0.0,0.0,0.0,0.0,0.0,0.0,0.0,0.0,0.0,0.0,0.0,0.0,0.0,0.0,0.0,0.0,0.0,0.0,0.0,0.0,0.0,0.0,0.0,0.0,0.0,0.0,0.0,0.0,0.0,0.0,0.0,17.576950073242188,0.0,0.0,0.0,0.0,0.0,0.0,0.0,0.0,9.981806755065918,0.0,0.0,0.0,0.0,0.0,0.0,0.0,0.0,0.0,0.0,0.0,0.0,0.0,0.0,14.161198616027832,0.0,0.0,0.0,0.0,0.0,0.0,0.0,0.0,0.0,0.0,0.0,0.0,0.0,0.0,0.0,0.0,0.0,0.0,0.0,0.0,0.0,0.0,0.0,0.0,0.0,0.0,0.0,0.0,0.0,0.0,0.0,0.0,0.0,0.0,0.0,0.0,0.0,0.0,22.36813735961914,0.0,0.0,0.0,0.0,0.0,0.0,0.0,0.0,0.0,0.0,0.0,0.0,0.0,0.0,0.0,0.0,0.0,0.0,0.0,0.0,0.0,0.0,0.0,0.0,0.0,2.906383752822876,0.0,0.0,0.0,0.0,0.0,0.0,0.0,0.0,0.0,0.0,5.103774070739746,0.0,0.0,0.0,14.6351900100708,0.0,0.0,0.0,0.0,0.0,0.0,0.0,0.0,0.0,0.0,0.0,0.0,0.0,0.0,0.0,0.0,0.0,0.0,0.0,0.0,0.0,0.0,0.0,0.0,0.0,0.0,0.0,0.0,0.0,0.0,0.0,0.0,0.0,0.0,0.0,0.0,0.0,0.0,0.0,0.0,0.0,0.0,0.0,0.0,0.0,0.0,0.0,0.0,0.0,0.0,0.0,0.0,0.0,0.0,0.0,0.0,0.0,0.0,0.0,0.0,0.0,0.0,27.648277282714844,0.0,0.0,0.0,0.0,0.0,0.0,0.0,0.0,0.0,0.0,0.0,0.0,0.0,0.0,0.0,0.0,0.0,0.0,0.0,0.0,0.0,0.0,0.0,0.0,0.0,0.0,0.0,0.0,0.0,0.0,0.0,0.0,0.0,0.0,0.0,0.0,0.0,0.0,0.0,0.0,0.0,0.0,0.0,0.0,69.35204315185547,0.0,0.0,0.0,0.0,0.0,0.0,0.0,0.0,0.0,0.0,0.0,0.0,0.0,0.0,0.0,0.0,0.0,0.0,0.0,0.0,0.0,0.0,0.0,0.0,0.0,0.0,0.0,0.0,0.0,0.0,0.0,0.0,2.215907096862793,0.0,0.0,0.0,0.0,0.0,0.0,0.0,0.0,0.0,0.0,0.0,0.0,0.0,0.0,0.0,0.0,10.130698204040527,0.0,0.0,0.0,0.0,0.0,0.0,0.0,0.0,0.0,0.0,0.0,0.0,0.0,0.0,0.0,0.0,0.0,0.0,0.0,0.0,0.0,0.0,0.0,0.0,0.0,0.0,0.0,0.0,0.0,0.0,0.0,0.0,0.0,0.0,0.0,0.0,0.0,0.0,0.0,0.0,0.0,0.0,0.0,31.681577682495117,0.0,0.0,10.168693542480469,0.0,0.0,0.0,0.0,0.0,0.0,0.0,0.0,0.0,0.0,0.0,28.177776336669922,0.0,0.0,0.0,0.0,0.0,10.391006469726562,0.0,0.0,0.0,0.0,0.0,0.0,0.0,0.0,0.0,0.0,0.0,0.0,0.0,0.0,0.0,0.0,0.0,0.0,0.0,0.0,0.0,0.0,0.0,0.0,0.0,0.0,0.0,0.0,0.0,0.0,7.290407657623291,0.0,0.0,0.0,0.0,0.0,0.0,0.0,0.0,0.0,0.0,0.0,0.0,0.0,0.0,0.0,0.0,0.0,0.0,0.0,0.0,0.0,0.0,0.0,0.0,0.0,0.0,0.0,0.0,0.0,23.59933853149414,0.0,0.0,8.205896377563477,0.0,0.0,0.0,0.0,0.0,0.0,0.0,0.0,0.0,0.0,0.0,0.0,0.0,0.0,0.0,0.0,0.0,0.0,0.0,0.0,0.0,0.0,0.0,0.0,0.0,0.0,0.0,0.0,0.0,0.0,0.0,0.0,0.0,0.0,0.0,0.0,0.0,17.02759552001953,0.0,0.0,0.0,19.16475486755371,0.0,0.0,0.0,0.0,0.0,0.0,0.0,0.0,0.0,0.0,0.0,0.0,0.0,0.0,0.0,9.898119926452637,0.0,0.0,0.0,0.0,0.0,0.0,23.325687408447266,0.0,0.0,0.0,0.0,0.0,0.0,0.0,0.0,0.0,0.0,0.0,0.0,21.856403350830078,0.0,0.0,0.0,0.0,0.0,0.0,0.0,0.0,0.0,0.0,0.0,0.0,0.0,0.0,0.0,0.0,0.0,0.0,0.0,0.0,0.0,0.0,0.0,0.0,0.0,0.0,0.0,0.0,0.0,0.0,0.0,0.0,0.0,0.0,0.0,0.0,0.0,0.0,0.0,0.0,0.0,0.0,0.0,0.0,0.0,0.0,0.0,0.0,0.0,0.0,0.0,0.0,0.0,0.0,0.0,0.0,0.0,0.0,0.0,0.0,0.0,0.0,0.0,0.0,0.0,0.0,0.0,0.0,0.0,0.0,0.0,0.0,0.0,0.0,0.0,0.0,0.0,0.0,0.0,0.0,0.0,0.0,0.0,0.0,0.0,0.0,0.0,0.0,0.0,0.0,0.0,0.0,0.0,0.0,0.0,0.0,0.0,0.0,0.0,0.0,0.0,0.0,0.0,0.0,0.0,27.914695739746094,0.0,0.0,0.0,0.0,0.0,0.0,0.0,0.0,0.0,0.0,0.0,0.0,0.0,0.0,0.0,0.0,0.0,0.0,0.0,0.0,0.0,0.0,0.0,0.0,0.0,0.0,0.0,0.0,0.0,0.0,0.0,0.0,0.0,0.0,0.0,0.0,0.0,0.0,0.0,0.0,11.844826698303223,0.0,0.0,0.0,0.0,0.0,0.0,0.0,0.0,0.0,0.0,0.0,0.0,0.0,0.0,0.0,0.0,0.0,0.0,0.0,0.0,0.0,0.0,0.0,0.0,0.0,0.0,0.0,0.0,0.0,0.0,0.0,0.0,0.0,0.0,0.0,20.156530380249023,0.0,0.0,0.0,0.0,0.0,0.0,0.0,0.0,0.0,0.0,0.0,0.0,0.0,0.0,0.0,0.0,0.0,0.0,0.0,0.0,0.0,0.0,0.0,0.0,0.0,0.0,36.2110481262207,0.0,0.0,0.0,7.7345757484436035,0.0,0.0,2.5639922618865967,41.1735725402832,0.0,0.0,0.0,0.0,0.0,0.0,0.0,0.0,0.0,0.0,0.0,0.0,0.0,0.0,0.0,0.0,0.0,0.0,0.0,0.0,0.0,0.0,0.0,0.0,0.0,0.0,0.0,0.0,0.0,0.0,0.0,0.0,0.0,0.0,0.0,0.0,114.02269744873047,0.0,0.0,0.0,0.0,0.0,0.0,6.535400867462158,0.0,0.0,0.0,0.0,0.0,0.0,0.0,0.0,0.0,0.0,0.0,0.0,0.0,0.0,0.0,0.0,0.0,0.0,0.0,0.0,0.0,0.0,0.0,0.0,0.0,17.593679428100586,0.0,0.0,0.0,0.0,0.0,0.0,0.0,0.0,0.0,0.0,0.0,0.0,0.0,0.0,0.0,0.0,2.7951879501342773,0.0,0.0,0.0,0.0,0.0,0.0,0.0,0.0,0.0,0.0,0.0,0.0,0.0,0.0,0.0,0.0,0.0,0.0,0.0,0.0,0.0,0.0,0.0,0.0,0.0,0.0,0.0,0.0,0.0,0.0,0.0,0.0,0.0,0.0,0.0,0.0,0.0,0.0,0.0,0.0,0.0,0.0,0.0,0.0,0.0,0.0,25.166046142578125,0.0,0.0,0.0,0.0,0.0,0.0,0.0,0.0,0.0,0.0,0.0,31.76781463623047,0.0,0.0,0.0,0.0,0.0,17.976760864257812,0.0,0.0,0.0,0.0,0.0,0.0,0.0,0.0,0.0,0.0,0.0,0.0,0.0,0.0,0.0,0.0,0.0,0.0,0.0,0.0,0.0,0.0,0.0,0.0,0.0,5.2308502197265625,0.0,0.0,0.0,0.0,0.0,0.0,0.0,0.0,0.0,0.0,0.0,0.0,0.0,0.0,0.0,0.0,0.0,0.0,0.0,0.0,0.0,0.0,0.0,0.0,0.0,0.0,0.0,0.0,0.0,34.104637145996094,0.0,0.0,0.0,0.0,16.037425994873047,0.0,0.0,0.0,0.0,0.0,0.0,0.0,0.0,0.0,0.0,24.910032272338867,0.0,1.2194275856018066,0.0,0.0,0.0,0.0,0.0,0.0,0.0,0.0,0.0,0.0,0.0,0.0,0.0,0.0,0.0,0.0,0.0,0.0,0.0,0.0,0.0,0.0,0.0,0.0,0.0,0.0,0.0,9.301042556762695,0.0,0.0,0.0,1.3155254125595093,0.0,0.0,0.0,0.0,0.0,0.0,0.0,0.0,0.0,0.0,0.0,0.0,0.0,0.0,0.0,26.318037033081055,0.0,0.0,0.0,0.0,0.0,0.0,0.0,0.0,0.0,0.0,0.0,0.0,26.77139663696289,0.0,0.0,0.0,0.0,0.0,0.0,38.83389663696289,0.0,3.686441421508789,0.0,0.0,0.0,0.0,0.0,0.0,0.0,0.0,0.0,0.0,0.0,0.0,0.0,0.0,0.0,0.0,0.0,0.0,0.0,28.802766799926758,0.0,0.0,0.0,0.0,0.0,0.0,0.0,0.0,0.0,9.668519020080566,0.0,0.0,0.0,0.0,0.0,0.0,0.0,0.0,0.0,0.0,0.0,9.117481231689453,0.0,0.0,0.0,0.0,5.033959865570068,0.0,0.0,0.0,0.0,0.0,0.0,0.0,0.0,0.0,0.0,0.0,0.0,0.0,0.0,0.0,0.0,0.0,0.0,0.0,0.0,0.0,0.0,0.0,0.0,0.0,30.795303344726562,0.0,0.0,0.0,0.0,0.0,0.0,0.0,0.0,0.0,0.0,0.0,0.0,0.0,0.0,0.0,0.0,0.0,0.0,0.0,0.0,0.0,0.0,0.0,0.0,0.0,0.0,0.0,0.0,0.0,0.0,14.19013786315918,0.0,0.0,0.0,0.0,0.0,0.0,0.0,0.0,8.822742462158203,0.0,0.0,0.0,0.0,0.0,8.939958572387695,0.0,0.0,0.0,0.0,0.0,0.0,0.0,0.0,0.0,0.0,0.0,0.0,0.0,0.0,0.0,0.0,0.0,0.0,0.0,0.0,1.0111351013183594,0.0,0.0,9.7742338180542,0.0,0.0,0.0,0.0,0.0,0.0,0.0,0.0,0.0,0.0,0.0,0.0,0.0,0.0,0.0,0.0,0.0,0.0,0.0,0.0,0.0,0.0,0.0,0.0,0.0,0.0,0.0,0.0,0.0,0.0,8.75605583190918,0.0,0.0,0.0,0.0,0.0,0.0,20.5826416015625,0.0,0.0,0.0,0.0,0.0,0.0,0.0,0.0,0.0,0.0,0.0,0.0,0.0,0.0,0.0,0.0,0.0,0.0,0.0,0.0,0.0,0.0,0.0,2.104294776916504,0.0,0.0,34.53172302246094,0.0,0.0,0.0,8.801189422607422,0.0,0.0,22.58278465270996,60.379547119140625,0.0,12.406126976013184,0.0,0.0,0.0,0.0,0.0,0.0,0.0,0.0,0.0,0.0,0.0,0.0,0.0,10.633237838745117,0.0,0.0,0.0,0.0,11.225214004516602,0.0,0.0,0.0,0.0,0.0,0.0,76.14151763916016,0.0,0.0,0.0,0.0,0.0,0.0,0.0,0.0,140.31565856933594,0.0,0.0,0.0,0.0,0.0,47.642818450927734,52.48550796508789,0.0,0.0,14.353520393371582,0.0,0.0,0.0,0.0,0.0,0.0,0.0,0.0,0.0,0.0,0.0,0.0,0.0,0.0,0.0,0.0,25.95983123779297,0.0,0.0,0.0,0.0,0.0,58.517826080322266,0.0,0.0,0.0,0.0,0.0,0.0,0.0,0.0,0.0,0.0,0.0,0.0,0.0,0.0,0.0,0.0,1.5402660369873047,0.0,0.0,0.0,0.0,0.0,4.914759159088135,0.0,0.0,0.0,0.0,0.0,0.0,0.0,0.0,0.0,0.0,0.0,0.0,0.0,0.0,0.0,0.0,0.0,0.0,0.0,0.0,0.0,2.0794103145599365,0.0,0.0,0.0,0.0,0.0,0.0,0.0,0.0,0.0,0.0,24.756622314453125,0.0,19.077777862548828,0.0,0.0,0.0,0.0,0.0,23.952037811279297,0.0,0.0,0.0,0.0,0.0,0.0,0.0,0.0,0.0,0.0,0.0,5.640944480895996,0.0,0.0,0.0,0.0,0.0,16.901670455932617,0.0,0.0,0.0,0.0,0.0,0.0,0.0,0.0,0.0,0.0,0.0,0.0,0.0,0.0,0.0,0.0,0.0,0.0,0.0,0.0,0.0,12.613639831542969,0.0,0.0,0.0,24.789180755615234,1.467594861984253,0.0,0.0,0.0,27.781583786010742,0.0,0.0,0.0,0.0,0.0,0.0,0.0,0.0,0.0,15.527841567993164,0.0,0.0,0.0,0.0,0.0,0.0,0.0,0.0,0.0,0.0,0.0,0.0,0.0,0.0,53.73165512084961,0.0,0.0,0.0,0.0,21.65690040588379,0.0,0.0,0.0,0.0,0.0,0.0,0.0,0.0,0.0,6.230980396270752,48.822242736816406,0.0,3.194997787475586,0.0,0.0,0.0,0.0,0.0,0.0,0.0,0.0,0.0,0.0,0.0,0.0,0.0,0.0,0.0,0.0,0.0,0.0,0.0,0.0,0.0,0.0,0.0,0.0,0.0,0.0,13.973804473876953,0.0,0.0,0.0,0.0,10.785280227661133,0.0,0.0,0.0,0.0,0.0,0.0,0.0,0.0,0.0,0.0,0.0,0.0,0.0,0.0,0.0,24.27627944946289,0.0,0.0,0.0,0.0,0.0,0.0,0.0,0.0,0.0,0.0,0.0,0.0,14.533832550048828,0.0,0.0,0.0,0.0,0.0,0.0,14.121243476867676,0.0,0.0,0.0,0.0,0.0,0.0,2.6445395946502686,0.0,0.0,0.0,0.0,0.0,0.0,0.0,0.0,0.0,0.0,0.0,0.0,0.0,0.0,17.725543975830078,0.0,0.0,0.0,0.0,0.0,0.0,0.0,0.0,0.0,13.230952262878418,0.0,0.0,0.0,0.0,0.0,0.0,0.0,0.0,0.0,0.0,0.0,0.0,9.208931922912598,0.0,0.0,0.0,0.0,0.0,0.0,0.0,0.0,0.0,0.0,0.0,0.0,0.0,0.0,0.0,0.0,0.0,0.0,0.0,0.0,0.0,0.0,0.0,0.0,0.0,0.0,0.0,0.0,0.0,35.367122650146484,0.0,0.0,10.487297058105469,0.0,0.0,0.0,0.0,0.0,0.0,0.0,0.0,0.0,0.0,0.0,0.0,0.0,0.0,1.6190063953399658,0.0,0.0,0.0,0.0,0.0,0.0,0.0,0.0,0.0,34.19776916503906,0.0,0.0,0.0,0.0,0.0,0.0,0.0,0.0,0.0,0.0,0.0,0.0,0.0,14.834785461425781,0.0,0.0,0.0,11.113810539245605,0.0,0.0,0.0,0.0,0.0,0.0,0.0,0.0,0.0,0.0,0.0,0.0,0.0,0.0,0.0,0.0,0.0,0.0,0.0,21.89946174621582,0.0,0.0,0.0,7.7811279296875,0.0,0.0,0.0,0.0,0.0,0.0,2.936213254928589,26.982830047607422,6.871577262878418,0.0,0.0,0.0,0.0,0.0,0.0,0.0,0.0,0.0,0.0,0.0,0.0,0.0,0.0,0.0,0.0,0.0,0.0,0.0,0.0,0.0,0.0,0.0,0.0,0.0,0.0,0.0,0.0,18.276090621948242,0.0,0.0,14.485859870910645,0.0,0.0,0.0,0.0,0.0,0.0,0.0,0.0,0.0,0.0,0.0,0.0,0.0,0.0,15.051883697509766,0.0,0.0,0.0,0.0,0.0,0.0,0.0,0.0,0.0,0.0,0.0,0.0,5.601556301116943,0.0,0.0,10.699504852294922,3.247499704360962,0.0,0.0,0.0,0.0,0.0,0.0,0.0,0.0,0.0,0.0,0.0,0.0,0.0,0.0,0.0,3.2001826763153076,0.0,0.0,0.0,0.0,15.317649841308594,0.0,0.0,0.0,0.0,0.0,0.0,68.24075317382812,0.0,0.0,0.0,0.0,0.0,0.0,0.0,0.0,12.876570701599121,0.0,21.741727828979492,0.0,0.0,0.0,53.11221694946289,21.842357635498047,0.0,0.12116053700447083,0.0,0.0,0.0,0.0,0.0,0.0,0.0,0.0,0.0,0.0,0.0,0.0,0.0,0.0,0.0,0.0,0.0,0.0,7.237607479095459,0.0,24.152395248413086,0.0,0.0,56.534786224365234,0.0,0.0,0.0,0.0,0.0,0.0,0.0,0.0,0.0,0.0,0.0,0.0,0.0,0.0,0.0,0.8889975547790527,20.83155632019043,0.0,0.0,0.0,0.0,0.0,15.765810012817383,0.0,0.0,0.0,0.0,0.0,0.0,0.0,0.0,0.0,0.0,0.0,0.0,4.637035846710205,0.0,4.510996341705322,0.0,0.0,0.0,0.0,0.0,0.0,1.4275057315826416,0.0,0.0,0.0,0.0,0.0,0.0,0.0,0.0,0.0,0.0,3.2064707279205322,0.0,25.581462860107422,0.0,0.0,0.0,0.0,0.0,0.0,2.4278361797332764,0.0,6.19905948638916,0.0,0.0,0.0,0.0,0.0,21.65351676940918,0.0,0.0,0.0,0.0,0.0,0.0,0.0,0.0,0.0,0.0,0.0,0.0,0.0,0.0,0.0,0.0,0.0,0.0,0.0,0.0,0.0,0.0,0.0,6.942679405212402,0.0,0.0,0.0,0.0,0.0,0.0,25.89067268371582,0.0,0.0,0.0,11.569140434265137,7.610156536102295,0.0,0.0,0.0,5.762913703918457,0.0,0.0,0.0,0.0,0.0,15.915705680847168,0.0,0.0,0.0,19.703336715698242,0.0,0.0,0.0,0.0,0.0,0.0,0.0,0.0,0.0,0.0,0.0,0.0,0.0,0.0,22.501981735229492,0.0,0.0,0.0,0.0,0.0,0.0,0.0,0.0,0.0,0.0,0.0,0.0,0.0,0.0,32.41386413574219,0.0,0.0,0.0,0.0,0.0,16.814271926879883,0.0,0.0,0.0,0.0,0.0,0.0,21.16918182373047,0.0,0.0,0.0,0.0,0.0,0.0,0.0,0.0,0.0,0.0,0.0,0.0,0.0,0.0,0.0,9.833913803100586,0.0,0.0,0.0,0.0,0.0,0.0,0.0,0.0,0.0,0.0,8.114145278930664,0.0,0.0,0.0,0.0,0.0,0.0,0.0,0.0,0.0,0.0,0.0,0.0,0.0,1.3627926111221313,0.0,0.0,0.0,0.0,2.077127695083618,2.0772061347961426
n000455_8.jpg,0.0,0.0,9.141035079956055,0.0,23.811796188354492,0.0,0.0,0.0,10.316932678222656,0.0,0.0,0.0,10.08576488494873,0.0,0.0,0.0,0.0,10.330588340759277,0.0,0.0,0.0,0.0,0.0,0.0,0.0,0.0,0.0,4.393216609954834,0.0,0.0,0.0,0.0,0.0,8.65768814086914,0.0,0.0,0.0,0.0,10.364365577697754,0.0,0.0,10.31829833984375,1.3982799053192139,0.0,0.0,0.0,0.0,0.0,0.0,0.0,0.0,0.0,0.0,0.0,6.9558305740356445,8.682644844055176,19.31796646118164,0.0,0.0,0.0,24.64124298095703,0.0,0.0,0.0,0.0,0.0,0.0,0.0,0.0,0.0,0.0,0.0,1.9714499711990356,0.0,0.2911469042301178,0.0,0.0,0.0,0.0,0.0,50.663330078125,0.0,0.0,0.0,0.0,0.0,0.0,0.0,37.67023849487305,0.0,0.0,0.0,0.0,0.0,5.629580497741699,0.0,0.0,0.0,0.0,0.0,41.875972747802734,0.0,0.0,0.0,8.124347686767578,80.24852752685547,0.0,0.0,0.0,0.0,0.0,0.0,9.097857475280762,1.8425027132034302,0.0,23.11464500427246,0.0,0.0,10.317520141601562,0.0,0.0,0.0,0.0,0.0,0.0,0.0,0.0,0.0,0.0,0.0,0.0,0.0,0.0,0.0,0.0,0.0,0.0,0.0,0.0,0.0,0.0,0.0,0.0,0.0,0.0,0.0,0.0,0.0,0.0,0.0,14.078899383544922,35.43533706665039,0.0,0.0,0.0,0.5874500274658203,0.0,0.0,0.0,0.0,0.0,0.0,0.0,0.0,0.0,6.465229511260986,0.0,0.0,0.0,9.509431838989258,0.0,0.0,0.0,0.0,0.0,0.0,0.0,0.0,0.0,6.391294956207275,0.0,0.0,0.0,4.1853437423706055,0.0,0.0,0.0,0.0,0.0,0.0,0.0,0.0,0.0,0.0,0.0,0.784173309803009,0.0,0.0,0.0,16.95326805114746,0.0,0.0,0.0,0.0,0.0,0.8838721513748169,0.0,0.0,0.0,0.0,0.0,1.745455265045166,24.467618942260742,0.0,0.0,0.0,0.0,0.0,20.588655471801758,0.0,0.0,0.0,0.0,0.0,0.0,0.0,0.0,0.0,0.0,0.0,0.0,0.0,0.0,0.0,0.0,0.0,0.0,0.0,0.0,0.0,0.0,0.0,0.0,0.0,0.0,0.0,0.0,0.0,0.0,24.04555892944336,0.0,0.0,0.0,0.0,17.625328063964844,0.0,0.0,0.0,0.0,0.0,0.0,7.6424336433410645,0.0,0.0,0.0,0.0,0.0,0.0,0.0,20.55369758605957,0.0,0.0,0.0,0.24845600128173828,0.0,0.0,0.0,0.0,0.0,0.0,0.0,0.0,0.0,0.0,0.0,0.0,0.0,0.0,0.0,0.0,0.0,0.0,0.0,0.0,39.53474807739258,0.0,0.0,0.0,0.0,0.0,0.0,0.0,0.0,0.0,0.0,0.0,0.0,0.0,0.0,5.304293632507324,0.0,0.0,0.0,0.08772134780883789,0.0,38.481849670410156,0.0,0.0,0.0,0.0,0.0,13.818577766418457,0.0,0.0,0.0,0.0,0.0,0.0,0.0,0.0,0.0,0.0,0.0,0.0,0.0,0.0,0.0,0.0,24.37864112854004,0.0,0.0,42.74012756347656,0.0,0.0,0.0,43.42588806152344,30.547199249267578,0.0,0.0,0.0,0.0,0.0,0.0,0.0,0.0,0.0,12.613578796386719,0.0,0.0,0.0,40.193511962890625,0.0,0.0,0.0,81.33625030517578,0.0,42.53899383544922,0.0,0.0,0.0,16.46824836730957,59.36634063720703,0.0,0.0,0.0,26.46147918701172,0.0,0.0,30.68331527709961,0.0,0.0,0.0,0.0,0.0,0.0,0.0,0.0,0.0,0.0,0.0,0.0,0.0,0.0,0.0,3.034419059753418,0.0,0.0,0.0,0.0,7.9467878341674805,0.0,3.142409563064575,18.244590759277344,9.419991493225098,0.0,0.0,0.0,0.0,0.0,0.0,0.0,0.0,0.0,22.8713436126709,9.856148719787598,0.0,0.0,8.021961212158203,0.0,0.0,0.0,0.0,0.0,0.0,0.0,0.0,0.0,31.345661163330078,0.0,0.0,0.0,0.0,31.734664916992188,0.0,0.0,0.0,17.316680908203125,0.0,0.0,0.0,0.0,6.53150749206543,0.0,0.0,10.469732284545898,0.0,0.0,0.0,0.0,0.0,2.3311922550201416,0.0,0.0,0.0,0.0,0.0,38.310646057128906,18.014530181884766,0.0,0.0,0.0,0.0,0.0,8.597294807434082,0.0,0.0,0.0,0.0,0.0,8.20795726776123,0.0,0.0,0.0,5.863664150238037,0.0,0.0,0.0,0.0,0.0,0.0,0.0,0.0,0.0,0.0,0.0,11.833907127380371,8.207242012023926,0.0,0.0,0.0,0.0,0.0,0.0,18.215063095092773,0.0,0.0,0.8788784742355347,0.0,0.0,0.0,0.0,0.0,0.0,0.0,0.0,0.0,0.0,0.0,0.0,0.0,0.0,3.0916905403137207,0.0,0.0,1.4007947444915771,0.0,20.109647750854492,0.0,0.0,0.0,22.243127822875977,0.0,0.0,0.0,0.0,9.067402839660645,0.0,0.0,0.0,11.780407905578613,0.0,0.0,0.0,0.0,0.0,0.0,0.0,0.0,0.0,14.886909484863281,0.0,0.0,0.0,0.0,0.0,20.638357162475586,0.0,0.0,0.0,0.0,0.0,0.0,0.0,1.6127376556396484,0.0,0.0,0.0,0.0,0.0,0.0,0.0,0.0,0.0,0.0,0.0,0.0,18.086624145507812,13.079508781433105,5.449651718139648,0.0,0.0,0.0,12.969217300415039,0.0,0.0,0.0,0.0,0.0,0.0,0.0,0.0,0.0,0.0,0.0,0.0,0.0,11.269984245300293,0.0,0.0,0.0,0.0,0.0,48.307464599609375,0.0,0.0,0.0,0.0,0.0,0.0,0.0,20.478565216064453,0.0,0.0,0.0,0.0,0.0,0.0,0.0,0.0,0.0,0.0,0.0,57.03742218017578,0.0,0.0,1.7705128192901611,7.387728691101074,48.09654235839844,0.0,0.0,0.0,0.0,0.0,19.841854095458984,10.991811752319336,0.0,0.0,29.27876853942871,0.0,17.515220642089844,0.0,0.0,0.0,0.0,0.0,0.0,0.0,0.0,0.0,0.0,0.0,0.0,0.0,0.0,0.0,0.0,0.0,0.0,0.0,0.0,0.0,0.0,0.0,0.0,0.0,0.0,0.0,0.0,0.0,0.0,0.0,0.0,28.809959411621094,34.2509765625,0.0,0.0,0.0,13.493746757507324,0.0,0.0,0.0,0.0,0.0,0.0,0.0,0.0,0.0,0.0,0.0,0.0,0.0,0.0,0.0,0.0,0.0,0.0,0.0,0.0,0.0,0.0,0.0,0.0,0.0,0.0,0.0,8.091294288635254,0.0,0.0,0.0,0.0,0.0,0.0,0.0,0.0,0.0,0.0,10.733811378479004,0.0,2.0765185356140137,0.0,14.522621154785156,0.0,0.0,0.0,0.0,0.0,0.0,0.0,0.0,0.0,0.0,0.0,0.0,17.852588653564453,15.715919494628906,0.0,0.0,0.0,0.0,0.0,13.451128005981445,3.9451866149902344,0.0,0.0,0.0,0.0,0.0,0.0,0.0,0.0,0.0,0.0,0.0,0.0,0.0,6.8648362159729,0.0,0.0,0.0,0.0,0.0,0.0,0.0,0.0,0.0,0.0,0.0,0.0,0.0,0.0,0.0,23.213882446289062,0.0,0.0,12.972399711608887,0.0,7.820189952850342,0.0,0.0,0.0,0.0,0.0,0.0,2.0253398418426514,0.0,0.0,0.0,0.0,0.0,0.0,0.0,17.078210830688477,0.0,0.0,0.0,0.0,1.1379139423370361,0.0,0.0,0.0,0.0,0.0,0.0,0.0,0.0,0.0,0.0,0.0,0.0,0.0,0.0,0.0,0.0,0.0,0.0,0.7815399765968323,5.6604204177856445,28.342775344848633,0.0,0.0,0.0,0.0,0.0,0.0,0.0,0.0,0.0,0.0,15.889450073242188,0.0,0.0,0.0,0.0,0.0,0.0,24.70565414428711,0.0,10.153776168823242,0.0,0.0,0.0,0.0,0.0,0.0,0.0,0.3158981204032898,0.0,0.0,0.0,0.0,0.0,0.0,0.0,0.0,0.0,0.0,0.0,0.0,0.0,0.0,10.918743133544922,0.0,0.0,32.95632553100586,0.0,0.0,0.0,35.294647216796875,16.46200180053711,0.0,0.0,0.0,0.0,0.0,0.0,0.0,0.0,0.0,27.138769149780273,0.0,0.0,0.0,12.278557777404785,0.0,0.0,0.0,69.04387664794922,0.0,49.68112564086914,0.0,0.0,0.0,20.656076431274414,22.38772964477539,0.0,0.0,0.0,19.621517181396484,0.0,0.0,7.120067119598389,0.0,0.0,0.0,0.29381129145622253,0.0,0.0,0.0,0.0,0.0,0.0,0.0,0.0,0.0,0.0,0.0,15.771424293518066,0.0,0.0,0.0,0.0,21.501781463623047,0.0,0.0,7.224025726318359,2.6046643257141113,0.0,0.0,0.0,0.0,0.0,0.0,0.0,0.0,0.0,3.7971363067626953,17.383800506591797,0.0,0.0,0.0,0.0,0.0,0.0,0.0,0.0,0.0,0.0,0.0,1.9652754068374634,17.16960334777832,0.0,0.0,0.0,0.0,23.936931610107422,0.0,0.0,0.0,62.988243103027344,0.0,0.0,0.0,0.0,5.447564125061035,6.78171443939209,0.0,4.463042736053467,0.0,0.0,0.0,0.0,0.0,0.0,0.0,0.0,0.0,0.0,2.4538700580596924,25.905420303344727,6.221100330352783,0.0,0.0,0.0,0.0,0.0,0.0,0.0,0.0,0.0,0.0,0.0,5.6608710289001465,0.0,0.0,0.0,14.251960754394531,0.0,0.0,0.0,0.0,0.0,0.0,0.0,0.0,0.0,0.0,0.0,7.914605140686035,0.0,0.0,0.0,0.0,0.0,0.0,0.0,7.194304943084717,0.0,0.0,0.0,0.0,0.0,0.0,0.0,0.0,6.769228935241699,0.0,6.20241117477417,0.0,0.0,0.0,0.0,0.0,0.0,0.0,12.325868606567383,5.54664421081543,0.4224608540534973,0.0,4.157466888427734,0.0,0.0,0.0,13.26508903503418,2.242526054382324,0.0,0.0,3.3386919498443604,60.563720703125,0.0,0.0,21.30301856994629,10.714354515075684,0.0,0.0,0.0,0.0,0.0,0.0,0.0,0.0,0.0,14.930588722229004,0.0,0.0,0.0,0.0,12.883774757385254,15.520282745361328,0.0,0.0,4.426751136779785,0.0,50.517425537109375,8.399640083312988,0.0,0.0,0.0,0.0,0.7607411742210388,0.0,0.0,0.0,0.0,0.0,0.0,0.0,0.0,0.0,3.281012535095215,8.865306854248047,0.0,7.079512596130371,0.0,0.016189247369766235,0.0,0.0,0.0,12.473760604858398,4.926321506500244,0.0,0.0,0.0,0.0,0.0,0.0,0.0,0.0,0.0,46.6961669921875,0.0,0.0,6.566630840301514,11.3250093460083,0.0,12.837027549743652,0.0,0.0,0.0,2.3283448219299316,0.0,0.0,10.412510871887207,0.0,0.0,19.44300079345703,31.895240783691406,4.513174533843994,0.0,0.0,0.0,0.0,0.0,0.0,0.0,56.49373245239258,0.0,0.0,0.0,0.0,0.0,5.184816360473633,0.0,0.0,0.0,1.9208989143371582,22.782581329345703,11.070371627807617,0.0,0.0,47.40953063964844,0.0,18.81727409362793,0.0,0.0,0.0,0.0,4.76438570022583,0.0,0.0,0.0,0.0,0.0,18.32666778564453,0.0,0.0,0.0,15.158514976501465,0.0,0.0,0.0,7.274294376373291,0.0,0.0,0.0,0.0,26.21074676513672,0.0,0.0,0.0,0.0,0.0,0.0,0.0,0.0,33.25331497192383,0.0,0.0,0.0,0.0,11.440384864807129,0.0,0.0,14.988570213317871,7.354722499847412,0.0,0.0,0.0,0.0,0.0,0.0,0.0,12.451509475708008,0.0,0.0,0.0,0.0,0.0,0.0,6.648430347442627,0.0,0.0,0.0,0.0,0.0,0.0,0.0,0.0,23.33060646057129,0.0,0.0,0.0,0.0,0.0,15.259299278259277,0.0,0.0,0.0,0.0,12.323089599609375,0.0,29.64445686340332,0.0,29.272823333740234,0.0,0.0,0.0,3.3393399715423584,0.0,0.0,0.0,0.0,0.0,0.0,9.8983154296875,0.0,30.46953773498535,0.0,0.0,0.0,0.0,0.0,0.0,12.530718803405762,0.0,3.784649610519409,8.015079498291016,8.789045333862305,0.0,0.0,0.0,0.0,0.0,0.0,0.0,0.0,0.0,0.0,32.801021575927734,0.0,0.0,0.0,0.0,0.0,18.507591247558594,0.0,0.0,0.0,0.0,0.0,0.0,0.0,0.0,0.0,55.872127532958984,0.0,0.0,18.06429100036621,0.0,25.51373863220215,0.0,0.0,0.0,0.0,0.0,0.0,0.0,0.0,0.0,0.0,13.871254920959473,0.0,0.0,0.0,0.0,0.0,0.0,0.0,8.837910652160645,1.0291975736618042,0.0,0.0,0.0,0.0,0.0,0.0,0.0,0.0,0.0,0.0,0.0,0.0,0.0,0.0,0.0,0.0,9.201958656311035,0.0,18.035369873046875,0.0,23.780797958374023,0.0,0.0,0.0,0.0,0.0,0.0,0.0,0.0,0.0,0.0,45.904842376708984,0.0,0.0,0.0,0.0,8.545661926269531,0.0,14.740607261657715,0.0,0.0,0.0,0.0,0.0,0.0,0.0,0.46173474192619324,0.0,1.853879451751709,0.0,0.0,0.0,0.0,0.0,18.980022430419922,0.0,0.0,0.0,0.0,0.021358773112297058,0.0,0.0,0.0,0.0,0.0,0.0,0.0,0.0,0.0,0.0,4.103822231292725,8.636784553527832,0.0,0.0,0.0,0.0,0.0,0.0,7.791719913482666,29.1005859375,0.0,14.88739013671875,0.0,0.0,0.0,0.0,0.0,0.0,0.0,15.61609935760498,1.0294780731201172,19.28310775756836,0.0,0.0,0.0,0.0,8.103705406188965,0.0,0.0,0.0,12.215326309204102,0.0,0.0,2.82659649848938,0.0,0.0,0.0,0.0,0.0,0.0,0.0,0.0,0.0,0.0,0.0,0.0,0.0,0.0,0.0,34.94473648071289,0.0,0.0,0.0,4.871958255767822,17.442232131958008,0.0,16.240631103515625,0.0,0.0,0.0,8.499292373657227,0.0,0.0,0.0,21.995458602905273,0.0,0.0,0.0,45.175148010253906,10.625014305114746,0.0,0.0,0.0,0.0,0.0,0.0,0.0,0.0,0.0,0.0,0.0,55.048824310302734,0.0,0.0,0.0,0.0,0.0,5.75526237487793,9.415749549865723,0.0,0.0,78.13529968261719,0.0,0.0,0.0,0.0,0.0,14.021203994750977,0.0,0.0,0.0,5.929600238800049,0.0,0.0,0.0,0.0,0.0,0.0,0.0,11.810585975646973,8.149652481079102,6.173898220062256,3.389007091522217,0.0,0.0,0.0,0.0,0.0,0.0,0.0,0.0,29.648151397705078,0.0,0.0,0.0,0.0,0.0,0.0,4.0713067054748535,0.0,0.0,0.0,0.0,0.0,0.0,0.0,0.0,0.0,0.0,0.0,0.0,0.0,0.0,0.0,0.0,0.0,0.0,0.0,0.0,0.0,0.0,0.0,0.0,0.0,0.0,0.0,0.0,13.173166275024414,0.0,0.0,0.0,0.0,0.0,0.0,13.744640350341797,0.0,0.0,16.83526039123535,13.116519927978516,34.1989631652832,0.0,0.0,0.0,0.0,0.0,0.0,0.0,0.0,0.0,0.0,51.09022521972656,0.0,0.0,35.54367446899414,0.0,0.0,0.0,0.0,0.0,0.0,0.0,0.0,0.0,0.0,3.214944839477539,0.0,0.0,0.0,0.0,24.212459564208984,15.496381759643555,0.0,0.0,3.9581687450408936,0.0,57.97591018676758,11.45518970489502,0.0,36.80858612060547,0.0,0.0,0.0,0.0,0.0,0.0,0.0,0.0,0.0,0.0,0.0,0.0,0.0,0.0,0.0,3.1703476905822754,0.0,0.0,0.0,0.0,7.304419994354248,6.318925857543945,1.1339056491851807,4.107247352600098,0.0,0.0,0.0,0.0,45.865020751953125,0.0,0.0,0.0,25.279443740844727,0.0,0.0,0.0,9.281624794006348,0.0,35.163612365722656,0.0,0.0,0.0,8.133112907409668,0.0,0.0,2.090120553970337,0.0,0.0,12.87964916229248,59.84161376953125,5.335113048553467,0.0,0.0,0.0,0.0,0.0,0.0,0.0,17.43155288696289,0.0,0.0,0.0,0.0,0.0,13.622329711914062,0.0,0.0,0.0,0.0,0.0,0.0,0.0,0.0,41.60260009765625,0.0,0.0,0.0,0.0,0.0,0.0,5.377147674560547,0.0,0.0,0.0,0.0,0.0,27.517053604125977,0.0,0.0,0.0,17.740633010864258,0.0,0.0,0.0,0.0,6.4171600341796875,0.0,0.0,0.0,38.01716613769531,0.0,0.0,0.0,0.0,0.0,0.0,0.0,0.0,9.897852897644043,0.0,0.0,0.0,0.0,16.16004753112793,0.0,2.3579437732696533,85.55436706542969,8.779973030090332,0.0,0.0,0.0,0.0,0.0,0.0,0.0,0.0,0.0,0.0,0.0,0.0,0.0,0.0,3.9546456336975098,0.0,0.0,0.0,0.0,0.0,0.0,0.0,0.0,27.855432510375977,0.0,0.0,0.0,0.0,0.0,1.2046526670455933,0.0,0.0,0.0,0.0,0.0,0.0,9.234421730041504,0.0,6.234529495239258,22.096477508544922,2.36403751373291,0.0,9.583297729492188,0.0,0.8886668682098389,0.0,0.0,0.0,0.0,19.237398147583008,0.0,9.118095397949219,0.0,0.0,0.0,0.0,0.0,0.0,12.346677780151367,0.0,23.559370040893555,0.0,29.221391677856445,0.0,0.0,0.0,0.0,0.0,0.0,0.0,0.0,1.656593680381775,0.0,18.809276580810547,0.0,0.0,0.0,0.0,0.0,45.71784973144531,0.0,0.0,0.0,0.0,0.0,0.0,0.0,0.0,0.0,49.297054290771484,0.0,0.0,10.77182674407959,0.0,14.223748207092285,0.0,0.0,0.0,0.0,0.0,0.0,0.0,0.0,0.0,0.0,10.748355865478516,0.0,0.0,0.0,0.0,0.0,0.0,0.0,0.0,3.006984233856201,0.0,0.0,0.0,0.0,2.3174448013305664,0.0,10.505195617675781,0.0,0.0,0.0,0.0,2.0750560760498047,0.0,0.0,0.0,0.0,17.747556686401367,0.0,8.830842971801758,0.0,0.0,0.0,0.0,0.0,0.0,0.0,0.0,0.0,0.0,0.0,0.0,36.291297912597656,0.0,0.0,0.0,0.0,10.931940078735352,0.0,0.0,0.0,0.0,0.0,0.0,0.0,0.0,0.0,43.239933013916016,0.0,0.0,0.0,0.0,0.0,0.0,0.0,25.635711669921875,0.0,0.0,0.0,0.0,0.0,0.0,0.0,0.0,0.0,0.0,0.0,0.0,0.0,0.0,0.0,0.0,0.0,0.0,0.0,0.0,0.0,0.0,0.0,76.42499542236328,31.575382232666016,0.0,0.0,0.0,0.0,0.0,0.0,0.0,0.0,0.0,3.91068434715271,5.133545398712158,0.0,0.0,0.0,0.0,0.0,8.856545448303223,0.0,0.0,0.0,0.0,0.0,0.0,0.0,0.0,0.0,0.0,0.0,0.0,0.0,0.0,0.0,0.0,0.0,0.0,0.0,0.0,9.231892585754395,0.0,9.526291847229004,0.0,0.0,0.0,6.601581573486328,0.0,0.0,11.739230155944824,0.0,0.0,0.0,0.42434149980545044,14.033284187316895,0.0,0.0,26.347370147705078,0.0,0.0,0.0,44.77609634399414,0.0,0.0,0.0,0.0,0.0,0.0,3.2123546600341797,0.0,5.451044082641602,0.0,0.0,0.0,53.0822868347168,0.0,0.0,0.0,0.0,0.0,0.0,12.93283748626709,0.0,0.0,56.6112174987793,0.0,0.0,0.0,0.0,0.0,6.411177635192871,0.0,0.0,0.0,35.283653259277344,0.0,0.0,9.215509414672852,0.0,0.0,0.0,0.0,26.93023681640625,0.0,1.7976136207580566,0.0,0.0,0.0,0.0,0.0,30.03236961364746,0.0,0.0,0.0,17.659868240356445,0.0,0.0,0.0,0.0,0.0,0.0,17.318090438842773,0.0,0.0,3.9395861625671387,0.0,0.0,0.0,0.0,0.0,0.0,0.0,0.0,0.0,0.0,0.0,0.0,0.0,0.0,0.0,0.0,0.0,0.0,0.0,0.0,0.0,0.0,0.0,0.0,0.0,9.865775108337402,0.0,0.0,0.0,0.0,0.0,0.0,4.2310004234313965,0.0,0.0,0.0,0.0,25.81447410583496,2.941232681274414,0.0,0.0,0.0,0.0,0.0,0.0,0.0,0.0,0.0,0.0,0.0,0.0,26.012805938720703,0.0,0.0,0.0,11.90871810913086,0.0,0.0,0.548331618309021,0.0,0.0,0.0,0.0,0.0,0.0,0.0,0.0,1.050813913345337,2.0909297466278076,0.0,0.0,0.0,0.0,18.843944549560547,0.0,0.0,48.3968620300293,0.0,0.0,0.0,0.0,0.0,3.506844997406006,0.0,0.0,0.0,0.0,0.0,0.0,0.0,0.0,0.0,0.0,0.0,0.0,0.0,2.24188494682312,28.73843765258789,0.0,0.0,0.0,20.002704620361328,0.0,0.0,0.0,36.20206069946289,0.0,0.0,0.0,0.0,0.0,0.0,0.0,0.0,0.0,36.537132263183594,0.0,0.0,0.0,0.0,0.0,0.0,13.273239135742188,0.0,0.0,0.0,42.23384475708008,0.0,0.0,0.0,0.0,7.436422348022461,0.0,0.0,0.0,0.0,0.0,0.0,0.0,0.0,0.0,0.0,0.0,0.0,0.0,0.0,0.0,0.0,0.0,0.0,0.0,0.0,0.0,0.0,0.0,0.0,0.0,0.0,0.0,0.0,0.0,0.0,2.218750238418579,0.0,0.0,0.0,1.9720216989517212,0.0,0.0,0.0,0.0,0.0,5.556005001068115,0.0,0.0,0.0,0.0,0.0,0.0,11.497973442077637,0.0,0.0,0.0,0.0,0.0,0.0,10.255203247070312,0.0,0.0,0.0,14.55975341796875,0.0,0.0,69.62079620361328,0.0,0.0,0.0,0.0,0.0,0.0,0.0,0.0,0.0,0.0,0.0,0.0,0.0,0.0,0.0,0.0,0.0,0.0,0.0,0.0,0.0,0.0,3.9549708366394043,0.0,0.0,0.0,0.0,0.0,0.0,0.0,0.0,0.0,0.0,0.0,0.0,0.0,0.0,0.0,0.0,0.0,47.3821907043457,0.0,0.0,27.067434310913086,0.0,2.1010072231292725,0.0,0.0,0.0,0.0,11.667622566223145,0.0,0.46131110191345215,0.0,0.0,0.0,0.0,0.0,0.0,0.0,0.0,14.96364974975586,0.0,9.628756523132324,0.0,0.0,0.0,0.0,0.0,0.0,0.0,0.0,0.0,0.0,0.0,0.0,0.0,0.0,0.0,0.0,19.40240478515625,0.0,0.0,0.0,7.0456414222717285,0.0,0.0,0.0,0.0,0.0,7.963332653045654,0.0,0.0,0.0,2.4692037105560303,0.0,0.0,0.0,0.0,0.0,0.0,0.0,0.0,0.0,0.0,0.0,0.0,0.0,0.0,0.0,0.0,0.0,0.0,0.0,30.969879150390625,24.40806770324707,0.0,0.0,0.0,0.0,0.0,0.0,18.452531814575195,0.0,0.0,0.0,0.0,13.556195259094238,0.0,0.0,0.0,0.0,0.07293197512626648,0.0,0.0,0.0,0.0,0.0,0.0,0.0,0.0,0.0,0.0,0.0,0.0,0.0,0.0,0.0,0.0,0.0,0.0,0.0,0.0,0.0,0.0,0.0,0.0,0.0,0.0,0.0,0.0,15.665253639221191,48.37930679321289,0.0,0.0,0.0,0.0,0.0,0.0,0.0,0.0,0.0,0.0,0.0,0.0,0.0,0.0,0.0,0.0,0.0,0.0,0.0,0.0,0.0,0.0,0.0,0.0,0.0,0.0,18.11126136779785,2.1080968379974365,0.0,0.0,0.0,59.68892288208008,7.440195083618164,0.0,0.0,0.0,0.0,0.0,0.0,0.0,8.874600410461426,0.0,30.925891876220703,0.0,0.0,19.1380558013916,0.0,0.0,0.0,44.55721664428711,0.0,0.0,12.503813743591309,0.0,0.0,0.0,0.0,0.0,13.37783432006836,0.0,0.0,0.0,0.0,0.0,0.0,0.0,0.0,11.282516479492188,0.0,0.0,16.81399917602539,0.0,0.0,0.0,0.0,0.0,3.1794543266296387,0.0,0.0,14.220297813415527,0.0,0.0,0.0,0.0,0.0,0.0,6.444313049316406,0.0,0.0,0.0,0.9566638469696045,0.0,0.0,0.0,0.0,0.0,0.0,0.43468090891838074,0.0,31.59648323059082,8.219863891601562,0.0,0.0,0.0,5.274158000946045,16.899503707885742,0.0,0.0,0.0,0.0,0.0,0.0,0.0,0.0,21.43531036376953,0.0,0.0,0.0,0.0,0.0,0.0,0.0,0.0,0.0,17.043014526367188,0.0,0.0,20.597522735595703,0.0,0.0,0.0,0.0,25.19081687927246,0.0,0.0,0.0,0.0,0.0,0.0,0.0,47.92909240722656,0.0,0.0,0.0,0.0,0.0,2.4225571155548096,0.0,0.0,0.0,0.0,0.0,0.0,0.0,9.952072143554688,0.0,0.0,0.0,0.0,0.0,0.0,0.0,0.0,0.0,0.0,0.0,0.0,0.0,0.0,0.0,0.0,0.0,0.0,0.0,0.0,0.0,0.0,0.0,0.0,0.0,0.0,0.0,0.0,0.0,9.754242897033691,0.0,0.0,0.0,0.0,0.0,0.0,0.0,0.0,0.0,0.0,7.444653511047363,0.0,0.0,0.0,0.0,0.0,0.0,0.0,0.0,0.0,0.0,0.0,0.0,0.0,0.0,0.0,0.0,0.0,9.91672134399414,0.0,0.0,0.0,0.0,0.0,0.0,0.0,0.0,0.0,25.550952911376953,0.0,0.0,0.0,0.0,0.0,0.0,0.0,0.0,0.0,0.0,0.0,0.0,0.0,0.0,0.0,0.0,0.0,0.0,0.0,0.0,0.0,0.0,0.0,0.0,0.0,0.0,0.0,0.0,0.0,0.0,0.0,0.0,13.394343376159668,0.0,0.0,0.0,0.0,0.0,0.0,0.0,0.0,0.0,0.0,0.0,0.0,0.0,0.0,0.0,8.149139404296875,0.0,0.0,0.0,0.0,20.04361343383789,0.0,0.0,0.0,0.0,0.0,0.0,0.0,0.0,0.0,0.0,0.0,0.0,0.0,0.0,0.0,0.0,0.0,0.0,0.0,0.0,0.0,0.0,12.224396705627441,0.0,0.0,5.261944770812988,0.0,0.0,0.0,0.0,0.0,0.0,0.0,0.0,0.0,0.0,0.0,0.0,0.0,0.0,0.0,0.0,0.0,0.0,0.0,0.0,0.0,0.0,0.0,0.0,0.0,0.0,0.0,0.0,0.0,0.0,35.68577194213867,0.0,0.0,0.0,0.0,0.0,0.0,2.1514904499053955,0.0,0.0,0.0,0.0,0.0,0.0,0.0,0.0,0.0,2.601675510406494,0.0,0.0,0.0,0.0,0.0,0.0,0.0,0.0,0.0,0.0,0.0,0.0,0.0,0.0,0.0,0.0,0.0,0.0,4.160226345062256,7.971292972564697,0.0,0.0,0.0,0.0,0.0,0.0,32.295440673828125,0.0,0.0,0.0,0.0,0.0,0.0,0.0,0.0,0.0,0.0,19.479665756225586,0.0,0.0,21.956804275512695,0.0,0.0,0.0,0.0,0.0,0.0,0.0,0.0,0.0,0.0,0.0,0.0,0.0,0.0,0.0,0.0,0.0,4.328025817871094,0.0,0.0,0.0,0.0,0.0,0.0,0.0,8.556219100952148,0.0,0.0,0.0,0.0,0.0,0.0,0.0,0.0,0.0,0.0,0.0,0.0,0.0,0.0,0.027198702096939087,0.0,0.0,0.0,0.0,0.0,0.0,0.0,0.0,0.9738951921463013,0.0,0.0,0.0,0.0,0.0,0.0,0.0,0.0,0.0,0.0,0.0,0.0,0.0,0.0,23.03926658630371,0.0,0.0,0.0,0.0,0.0,5.161050796508789,0.0,0.0,0.0,0.0,0.0,0.0,0.0,0.0,0.0,0.0,0.0,0.0,0.0,0.0,0.0,0.0,0.0,0.0,0.0,0.0,0.0,0.0,0.0,0.0,0.0,0.0,0.0,0.0,0.0,0.0,0.0,0.0,0.0,0.0,0.0,0.0,0.0,0.0,0.0,0.0,0.0,0.0,0.0,0.0,0.0,0.0,1.6281434297561646,33.328678131103516,0.0,0.0,0.0,0.0,0.0,0.0,0.0,0.0,0.0,0.0,0.0,0.0,0.0,0.0,12.883880615234375,0.0,0.0,0.0,0.0,0.0,0.0,0.0,0.0,0.0,0.0,0.0,0.0,0.0,0.0,0.0,0.0,0.0,0.0,0.0,0.0,0.0,0.0,0.0,0.0,0.0,0.0,10.839079856872559,0.0,0.0,0.0,34.887752532958984,0.0,0.0,0.0,35.008358001708984,0.0,0.0,8.894182205200195,0.0,0.0,0.0,0.0,0.0,23.0279541015625,0.0,0.0,0.0,0.0,0.0,0.0,0.0,0.0,21.50881004333496,0.0,0.0,0.0,0.0,0.0,0.0,0.0,0.0,0.0,0.0,0.0,0.0,0.0,0.0,0.0,0.0,0.0,0.0,0.0,0.0,0.0,0.0,0.0,0.0,0.0,0.0,0.0,0.0,0.0,0.0,0.0,22.18880271911621,0.0,0.0,0.0,0.0,0.0,0.0,0.0,0.0,0.0,0.0,0.0,0.0,0.0,0.0,40.675235748291016,0.0,0.0,0.0,0.0,0.0,0.0,0.0,0.0,0.0,0.0,0.0,4.026831150054932,0.0,0.0,0.0,0.0,0.0,0.0,0.0,0.0,0.0,0.0,0.0,0.0,0.0,0.0,0.0,0.0,0.0,0.0,0.0,0.0,0.0,0.0,0.0,0.0,0.0,0.0,0.0,0.0,0.0,2.5838139057159424,0.0,0.0,0.0,0.0,0.0,10.995515823364258,0.0,0.0,0.0,0.0,0.0,0.0,0.0,0.0,0.0,0.0,0.0,0.0,0.0,0.0,0.0,0.0,0.0,0.0,0.0,0.0,0.0,0.0,0.0,0.0,0.0,0.0,0.0,0.0,0.0,0.0,0.0,0.0,18.165817260742188,0.0,0.0,18.491846084594727,0.0,0.0,0.0,0.0,0.0,0.0,0.0,0.0,0.0,0.0,0.0,14.389760971069336,0.0,2.6091811656951904,3.2906076908111572,0.0,0.0,0.0,0.0,0.0,0.0,0.0,0.0,0.0,42.199493408203125,0.0,0.0,0.0,0.0,0.0,0.0,0.0,0.0,0.0,0.0,0.0,0.0,0.0,0.0,0.0,0.0,0.0,0.0,0.0,0.0,0.0,7.4902119636535645,0.0,0.0,0.0,0.0,0.0,6.409858703613281,0.0,0.0,0.0,0.0,0.0,0.0,0.0,0.0,0.0,0.0,0.0,0.0,0.0,0.0,0.0,0.0,0.0,0.0,0.0,0.0,9.825373649597168,0.0,0.0,0.0,0.0,4.741136074066162,0.0,0.0,0.0,0.0,0.0,0.0,0.0,0.0,0.0,0.0,0.0,0.0,7.133510112762451,0.0,0.0,0.0,0.0,0.0,0.0,0.0,0.0,0.0,4.909115314483643,0.0,0.0,24.639812469482422,0.0,0.0,0.0,0.0,0.0,0.0,0.0,0.0,0.0,0.0,0.0,0.0,0.0,0.0,0.0,0.0,0.0,0.0,0.0,0.0,0.0,0.0,0.0,0.0,12.08466625213623,0.0,0.0,0.0,0.0,0.0,0.0,0.0,0.0,0.5286540985107422,0.0,0.0,0.0,0.5163158774375916,0.0,0.0,0.0,10.17420768737793,0.0,0.0,0.0,0.0,0.0,4.323297023773193,0.0,0.0,0.0,0.0,0.0,0.0,0.0,0.0,0.0,0.0,0.0,0.0,0.0,0.0,0.0,0.0,0.0,0.0,0.0,0.0,0.0,0.0,0.0,0.0,0.0,0.0,30.066377639770508,0.0,5.237063884735107,0.0,0.0,0.0,5.431787490844727,0.0,0.0,0.0,0.0,3.097923517227173,0.0,0.0,15.673684120178223,0.0,0.0,0.0,0.0,0.0,0.0,0.0,0.0,0.0,0.0,0.0,0.0,0.0,0.0,0.0,0.0,0.0,0.0,0.0,0.0,0.0,0.0,0.0,0.0,0.0,1.581049919128418,0.0,0.0,0.0,0.0,0.0,0.0,13.031913757324219,0.0,0.0,0.0,0.0,0.0,0.0,0.0,0.0,0.0,0.0,0.0,0.0,0.0,0.0,0.0,0.0,15.707983016967773,0.0,0.0,0.0,0.0,0.0,0.0,0.0,13.43123722076416,0.0,0.0,0.0,0.0,0.0,0.0,7.993575572967529,0.0,0.0,0.0,0.0,0.0,0.0,0.0,0.0,0.0,0.0,0.0,0.0,0.0,0.0,0.0,0.0,0.0,0.0,0.0,0.0,0.0,0.0,0.0,0.0,0.0,0.0,0.0,7.9656853675842285,0.0,0.0,0.0,0.0,0.0,0.0,0.0,0.0,0.0,0.0,0.0,0.0,0.0,0.0,0.0,0.0,0.0,0.0,0.0,0.0,0.0,0.0,0.0,0.0,0.0,66.77440643310547,0.0,0.0,0.0,0.0,0.0,0.0,0.0,0.0,0.0,0.0,0.0,0.0,0.0,0.0,34.5156135559082,0.0,0.0,0.0,0.0,0.0,0.0,0.0,0.0,0.0,0.0,0.0,6.415154457092285,0.0,0.0,0.0,0.0,0.0,0.0,0.0,9.266999244689941,0.0,0.0,0.0,0.0,0.0,0.0,18.02736473083496,0.0,0.0,0.0,33.730709075927734,0.0,0.0,0.0,60.43476104736328,0.0,0.0,0.0,0.0,0.0,14.680227279663086,0.0,0.0,12.318936347961426,0.0,0.0,0.0,0.0,0.0,0.0,0.0,0.0,16.41823959350586,5.222846508026123,0.0,0.0,0.0,0.0,0.0,0.0,0.0,0.0,0.0,0.0,0.0,0.0,0.0,0.0,0.0,0.0,0.0,0.0,0.0,0.0,0.0,0.0,0.0,0.0,0.0,0.0,0.0,0.0,0.0,0.0,0.0,0.0,0.0,0.0,0.0,0.0,28.364999771118164,0.0,0.0,0.0,0.0,0.0,0.0,0.0,0.0,34.85768127441406,0.0,0.0,0.0,0.0,0.5675933361053467,0.0,0.0,0.0,0.0,0.0,0.0,18.582473754882812,0.0,0.0,0.0,0.0,0.0,0.0,0.0,0.0,8.643914222717285,0.0,0.0,0.0,0.0,0.0,0.0,0.0,0.0,0.0,0.0,0.0,0.0,4.126349925994873,0.0,10.34797477722168,0.0,0.0,0.0,0.0,0.0,0.0,6.2072343826293945,0.0,0.0,0.0,0.0,0.0,0.0,0.0,0.0,0.0,0.0,0.0,0.0,0.0,0.0,0.0,0.0,0.0,0.0,0.0,0.0,0.0,0.748856246471405,0.0,0.0,0.0,0.0,0.0,0.0,0.0,0.0,14.0794095993042,0.0,0.0,0.0,0.0,0.0,24.817352294921875,0.0,0.0,0.0,5.04628849029541,0.0,0.0,0.0,0.0,0.0,0.0,0.0,0.0,0.0,0.0,0.0,0.0,0.0,0.0,0.0,0.0,0.0,0.0,0.0,0.0,0.0,0.0,0.0,0.0,14.939313888549805,0.0,0.0,0.0,0.0,0.6788539290428162,0.0,0.0,0.0,3.330685615539551,4.811305522918701,0.0,0.0,0.0,0.0,0.0,9.807034492492676,0.0,0.0,0.0,0.0,0.0,13.206113815307617,0.0,0.0,0.0,0.0,0.0,0.0,0.0,0.0,0.0,0.0,0.0,0.0,0.0,0.0,0.0,0.0,0.0,0.0,0.0,0.0,0.0,0.0,0.0,0.0,23.318452835083008,0.0,0.0,0.0,0.0,0.0,0.0,0.0,2.260702133178711,0.0,0.0,0.0,0.0,0.0,18.315614700317383,0.0,4.292943000793457,0.0,0.0,0.0,31.123733520507812,0.0,0.0,0.0,0.0,50.213409423828125,0.0,0.0,0.0,0.0,33.98600387573242,0.0,0.0,0.0,0.0,0.0,0.0,0.0,0.0,0.0,0.0,0.0,0.0,0.0,0.0,0.0,0.0,0.0,0.0,0.0,0.0,7.3344550132751465,0.0,0.0,0.0,0.0,0.0,0.0,0.0,0.0,0.0,0.0,0.0,0.0,0.0,0.0,0.0,0.0,0.0,1.9540932178497314,0.0,32.411529541015625,0.0,0.0,0.0,5.0600905418396,0.0,0.0,0.0,0.0,7.692244529724121,0.0,0.0,0.0,4.4037675857543945,4.642961025238037,0.0,0.0,0.0,0.0,0.0,0.0,0.0,0.0,0.0,0.0,0.0,0.0,0.0,0.0,0.0,0.0,0.0,0.0,0.0,0.0,0.0,0.0,0.0,0.0,0.0,0.0,0.0,0.0,0.0,0.0,0.0,0.0,0.0,2.3232343196868896,0.0,0.0,0.0,2.168159008026123,0.0,0.0,0.0,0.0,0.0,0.0,0.0,14.333402633666992,0.0,0.0,0.0,0.0,0.0,0.0,0.0,0.0,0.0,0.0,0.0,0.0,0.0,0.0,0.0,0.0,0.0,0.0,0.0,0.0,0.0,0.0,0.0,0.0,0.0,0.0,0.0,0.0,0.0,0.0,0.0,0.0,0.0,0.0,0.0,0.0,0.0,38.978919982910156,1.677038311958313,0.0,0.0,0.0,21.25175666809082,0.0,0.0,0.0,0.0,0.0,0.0,0.0,0.0,0.0,0.0,0.0,0.0,0.0,0.0,0.0,0.0,0.0,0.0,0.0,7.94481086730957,0.0,0.0,0.0,0.0,0.0,0.0,0.0,0.0,0.0,0.0,0.0,0.34872785210609436,0.0,0.0,0.0,0.0,0.0,0.0,0.0,0.7246963977813721,0.0,0.0,0.0,0.0,0.0,0.0,0.0,0.0,0.0,0.0,0.0,0.0,0.0,0.0,0.0,0.0,0.0,0.0,0.0,0.0,6.456391334533691,0.0,0.0,11.991044044494629,0.0,0.0,37.70844650268555,0.0,0.0,0.0,0.0,0.0,0.0,0.0,0.0,0.0,0.0,0.0,0.0,0.0,0.0,0.0,0.0,0.0,0.0,0.0,3.031285047531128,0.0,0.0,0.0,32.463279724121094,25.340295791625977,0.0,0.0,0.0,0.0,0.0,0.0,0.0,0.0,0.0,0.0,0.0,0.0,0.0,20.39546012878418,0.0,0.0,0.0,86.03837585449219,0.0,17.056591033935547,0.0,0.0,0.0,0.0,34.61249923706055,0.0,0.0,11.94355297088623,24.431331634521484,0.0,0.0,0.0,0.0,0.0,0.0,0.0,0.0,0.0,0.0,0.0,0.0,0.0,12.65320110321045,0.0,0.0,0.0,0.0,0.0,0.0,0.0,0.0,0.0,0.0,0.0,0.0,1.8399211168289185,0.0,0.0,0.0,0.0,0.0,0.0,0.0,0.0,0.0,0.0,39.363746643066406,0.0,0.0,0.0,0.0,0.0,1.5741777420043945,0.0,0.0,0.0,0.0,0.0,0.0,0.0,0.0,0.0,0.0,0.0,0.0,10.955775260925293,0.0,0.0,0.0,35.61629867553711,0.0,0.0,0.0,0.0,23.854772567749023,0.0,0.0,0.0,0.0,0.0,0.0,0.0,0.0,0.0,0.0,0.0,0.0,0.0,0.0,0.0,1.351256251335144,0.0,0.0,0.0,0.0,0.0,0.0,0.0,0.0,0.0,0.0,0.0,0.0,0.0,0.0,0.0,0.0,0.0,0.0,0.0,0.0,0.0,0.0,0.0,0.0,0.0,0.0,0.0,4.497859954833984,0.0,0.0,0.0,0.0,0.0,0.0,0.0,0.0,0.0,0.0,0.0,0.0,0.0,18.765798568725586,0.0,0.0,0.0,0.0,0.9634290933609009,0.2748047113418579,0.0,0.0,0.0,0.0,0.0,0.0,0.0,0.0,0.0,0.0,7.7455058097839355,0.0,0.0,0.0,26.30283546447754,0.0,0.0,0.0,0.0,0.0,0.0,0.0,0.0,0.0,0.0,0.0,0.0,0.0,0.0,0.0,0.0,0.0,0.0,0.0,0.0,0.0,0.0,0.0,0.0,12.692676544189453,0.0,0.0,0.0,0.0,0.0,0.0,0.0,0.0,0.0,0.0,0.0,0.0,0.0,0.0,0.0,0.0,0.0,0.0,0.0,0.0,0.0,21.92268180847168,0.0,0.0,0.0,0.0,0.0,0.0,0.0,0.0,0.0,0.0,0.0,0.0,0.0,0.0,0.0,0.0,0.0,0.0,0.0,0.0,0.0,5.070282459259033,0.0,0.0,21.355077743530273,0.0,0.0,0.0,0.0,0.0,0.0,0.0,0.0,0.0,0.0,0.0,0.0,0.0,0.0,0.0,10.513662338256836,0.0,0.0,0.0,54.508026123046875,0.0,0.0,0.0,0.0,19.764875411987305,0.0,0.0,0.0,0.0,0.0,9.390799522399902,0.0,8.982773780822754,0.0,0.0,0.0,0.0,0.0,0.0,0.0,0.0,0.0,0.0,0.0,0.0,0.0,0.0,0.0,0.0,0.0,0.0,0.0,0.0,0.0,0.0,0.0,0.0,0.0,0.0,0.0,0.0,0.0,0.0,0.0,0.0,0.0,0.0,0.0,0.0,0.0,26.3306884765625,0.0,0.0,0.0,0.0,0.0,0.0,0.0,0.0,0.0,0.0,0.0,0.0,2.3978917598724365,0.0,0.0,0.0,0.0,0.0,0.0,0.0,0.0,0.0,0.0,0.0,0.0,0.0,0.0,0.0,0.0,0.0,0.0,0.0,0.0,0.0,0.0,0.0,0.0,0.0,0.0,0.0,0.0,0.0,0.0,0.0,6.007212162017822,0.0,0.0,0.0,0.0,0.0,0.0,0.0,0.0,0.0,0.0,0.0,0.0,0.0,0.0,8.226497650146484,0.0,0.0,0.0,0.0,0.0,0.0,0.0,0.0,0.0,0.0,0.0,0.0,0.0,0.0,0.0,0.0,0.0,0.0,0.0,0.0,0.0,6.339841842651367,0.0,0.0,0.0,0.0,0.0,0.0,0.0,0.0,0.0,0.0,0.0,0.0,0.0,0.0,0.0,32.48989486694336,0.0,0.0,0.0,0.0,2.8750057220458984,0.0,0.0,0.0,0.0,0.0,0.0,0.0,0.0,0.0,0.0,0.0,0.0,0.0,0.0,0.0,0.0,0.0,0.0,0.0,9.277581214904785,0.0,0.0,0.0,0.0,0.0,0.0,0.0,0.0,0.0,0.0,0.0,32.24702072143555,0.0,0.0,0.0,0.0,0.0,0.0,0.0,0.0,0.0,0.0,0.0,0.0,0.0,0.0,0.0,0.0,0.0,0.0,0.0,33.67020797729492,0.0,0.0,0.0,0.0,0.0,0.0,0.0,0.0,0.0,0.0,0.0,4.098374843597412,0.0,0.0,14.409255027770996,0.0,6.911672115325928,0.0,0.0,0.0,0.0,0.0,0.0,0.0,0.0,0.0,0.0,0.0,0.0,0.0,0.0,0.0,0.0,0.0,0.0,0.0,0.0,0.0,24.72955322265625,0.0,0.0,0.0,0.0,0.0,0.0,0.0,0.0,0.0,0.0,0.1369418203830719,0.0,0.0,0.0,0.0,0.0,0.0,0.0,84.51710510253906,0.0,0.0,0.0,0.0,0.0,0.0,18.331092834472656,0.0,0.0,0.0,12.672323226928711,0.0,0.0,0.0,0.0,0.0,0.0,0.0,0.0,0.0,0.0,0.0,0.0,0.0,7.981826305389404,0.0,0.0,0.0,0.0,0.0,0.0,0.0,0.0,0.0,0.0,0.0,0.0,0.0,0.0,0.0,0.0,0.0,0.0,0.0,0.0,0.0,0.0,0.0,41.269527435302734,0.0,0.0,0.0,0.0,0.0,0.0,0.0,0.0,0.0,0.0,0.0,0.0,0.0,0.0,0.0,0.0,0.0,0.0,0.0,0.0,0.0,0.0,68.21074676513672,0.0,0.0,0.0,0.0,10.381254196166992,0.0,0.0,0.0,0.0,0.0,0.0,0.0,0.0,0.0,0.0,0.0,0.0,0.0,35.82063293457031,0.0,0.0,0.0,0.0,0.0,0.0,0.0,0.0,0.0,0.0,0.0,0.0,0.0,0.0,0.0,0.0,0.0,0.0,0.0,0.0,0.0,0.0,0.0,0.0,0.0,0.0,0.0,0.0,0.0,0.0,0.0,0.0,0.0,0.0,0.0,0.0,0.0,0.0,0.0,0.0,0.0,0.0,0.0,5.181421756744385,0.0,0.0,0.0,0.0,17.837291717529297,0.0,0.0,0.0,0.0,0.0,0.0,0.0,0.0,0.0,0.0,0.0,0.0,0.0,0.0,0.0,29.52520751953125,0.0,0.0,0.0,0.0,0.0,0.0,0.0,0.0,0.0,0.0,0.0,0.0,0.0,0.0,0.0,0.0,0.0,0.0,0.0,0.0,0.0,0.0,0.0,8.997766494750977,13.726715087890625,0.0,0.0,0.0,0.0,0.0,0.0,0.0,0.0,0.0,0.0,0.0,0.0,0.0,0.0,0.0,0.0,0.0,0.0,0.0,0.0,0.0,0.0,0.0,0.0,0.0,0.0,0.0,0.0,0.0,0.0,0.0,0.0,0.0,0.0,0.0,0.0,0.0,0.0,0.0,0.0,0.0,0.0,0.0,3.513263702392578,3.1908228397369385,0.0,8.076140403747559,0.0,0.0,0.0,0.0,0.0,0.0,0.0,0.0,0.0,0.0,0.0,0.0,0.0,0.0,0.0,0.0,0.0,0.0,0.0,57.68738555908203,0.0,0.0,0.0,0.0,0.0,0.0,0.0,0.0,0.0,0.0,0.0,0.0,15.865750312805176,0.0,0.0,0.0,0.0,0.0,0.0,0.0,0.0,0.0,0.0,0.0,0.0,0.0,0.0,0.0,0.0,0.0,0.0,0.0,0.0,0.0,0.0,0.0,0.0,0.0,0.0,0.0,0.0,0.0,0.0,0.0,0.0,0.0,0.0,0.0,0.0,7.500772476196289,0.0,0.0,0.0,0.0,0.0,0.0,0.0,0.0,0.0,0.0,0.0,0.0,0.0,4.302267074584961,0.0,0.0,0.0,0.0,0.0,0.0,0.0,0.0,0.0,0.0,0.0,0.0,0.0,0.0,0.0,0.0,0.0,0.0,0.0,0.0,0.0,0.0,0.0,0.0,0.0,0.0,0.0,0.0,1.6745007038116455,0.0,0.0,17.19891929626465,0.0,0.0,0.0,0.0,0.0,0.0,0.0,0.0,0.0,0.0,0.0,0.0,0.0,0.0,5.9077935218811035,0.0,0.0,0.0,0.0,0.0,0.0,0.0,0.0,17.74840545654297,0.0,26.0328369140625,0.0,0.0,0.0,0.0,0.0,0.0,0.0,0.0,0.0,0.0,19.033823013305664,0.0,0.0,0.0,0.0,0.0,0.0,0.0,0.0,0.0,0.0,0.0,0.0,0.0,0.0,0.0,49.393985748291016,0.0,0.0,0.0,0.0,7.924518585205078,0.0,0.0,0.0,0.0,0.0,0.0,0.0,0.0,0.0,0.0,0.0,0.0,0.0,0.0,0.0,0.0,0.0,0.0,0.0,0.0,0.0,0.0,0.0,0.0,0.0,0.0,0.0,0.0,0.0,0.0,0.0,7.588256359100342,0.0,0.0,0.0,0.0,0.0,0.0,0.0,0.0,0.0,0.0,0.0,0.0,0.0,0.0,0.0,0.0,0.0,0.0,0.0,41.636714935302734,0.0,0.0,0.0,0.0,0.0,0.0,0.0,0.0,0.0,0.0,0.0,0.0,0.0,0.0,0.0,0.0,10.143023490905762,0.0,0.0,0.0,0.0,0.0,0.0,0.0,0.0,0.0,0.0,0.0,0.0,0.0,0.0,0.0,0.0,0.0,0.0,0.0,0.0,0.0,0.0,0.0,0.0,0.0,0.0,0.0,0.0,0.0,0.0,0.0,0.0,0.0,0.0,0.0,0.0,0.0,0.0,0.0,0.0,35.35726547241211,0.0,0.0,0.0,0.0,0.0,0.0,0.0,0.0,0.0,0.0,0.0,0.0,0.0,0.0,0.0,0.0,0.0,0.0,0.0,0.0,0.0,0.0,0.0,0.0,0.0,0.0,0.0,0.0,0.0,1.5275475978851318,0.0,0.0,0.0,0.0,24.938556671142578,0.0,0.0,0.0,0.0,0.0,8.157024383544922,0.0,0.0,0.0,0.0,0.0,0.0,0.0,31.38530158996582,0.0,0.0,0.0,0.0,0.0,0.0,0.0,0.0,0.0,0.0,0.0,0.0,0.0,0.0,0.0,0.0,0.0,0.0,0.0,0.0,0.0,0.0,72.67652893066406,0.0,0.0,0.0,0.0,5.347121238708496,0.0,0.0,0.0,0.0,0.0,0.0,0.0,0.0,0.0,0.0,0.0,0.0,0.0,41.788299560546875,0.0,0.0,0.0,0.0,0.0,0.0,0.0,0.0,0.0,0.0,1.5591962337493896,0.0,0.0,0.0,0.0,0.0,0.0,0.0,0.0,0.0,0.0,0.0,7.785956382751465,0.0,0.0,0.0,0.0,0.0,0.0,0.0,0.0,0.0,0.0,0.0,0.0,0.0,0.0,0.0,0.0,0.0,0.0,0.0,0.0,0.0,0.0,0.0,0.0,0.0,13.210563659667969,0.0,0.0,0.0,0.0,0.0,0.0,0.0,0.0,0.0,0.0,0.0,0.0,0.0,0.0,0.0,0.0,10.976819038391113,0.0,0.0,0.0,0.0,0.0,0.0,4.304659366607666,0.0,0.0,0.0,0.0,0.0,0.0,0.0,0.0,0.0,0.0,0.0,0.0,0.0,0.0,0.0,20.660985946655273,11.602822303771973,0.0,0.0,0.0,0.0,0.0,0.0,0.0,3.6009294986724854,0.0,0.0,0.0,0.0,0.0,0.0,0.0,0.0,0.0,0.0,0.0,0.0,0.0,0.0,0.0,0.0,0.0,0.0,0.0,0.0,0.0,0.0,0.0,0.0,15.726340293884277,0.0,0.0,0.0,0.0,0.0,0.0,0.0,0.0,0.0,0.0,2.3673694133758545,0.0,0.0,2.1493585109710693,0.0,0.0,0.0,5.868110656738281,0.0,0.0,5.7399396896362305,0.0,0.0,0.0,0.0,0.0,0.0,14.534904479980469,0.0,0.0,0.0,0.0,0.0,25.952821731567383,0.0,0.0,0.0,0.0,0.0,0.0,0.0,0.0,0.0,0.0,0.0,0.0,0.0,0.0,0.0,0.0,0.0,0.0,0.0,0.0,8.484208106994629,0.0,0.0,0.0,0.0,0.0,0.0,0.0,0.0,0.0,0.0,0.0,0.0,0.0,0.0,0.0,0.0,0.0,0.0,0.0,0.0,9.919085502624512,0.0,31.29058074951172,0.0,0.0,0.0,0.0,0.0,9.843016624450684,0.0,0.0,0.0,0.0,12.241843223571777,0.0,0.0,0.0,0.0,0.0,0.0,0.0,0.0,0.0,0.0,0.0,0.0,0.0,0.0,0.0,0.0,0.0,0.0,2.3206071853637695,0.0,0.0,0.0,0.0,0.0,0.0,0.0,0.0,0.054190367460250854,0.0,0.0,0.0,0.0,0.0,0.0,0.0,0.0,0.0,3.9464144706726074,0.0,0.0,8.743417739868164,0.0,0.0,27.824275970458984,0.0,0.0,0.0,0.0,0.5832763910293579,0.0,0.0,0.0,31.85823631286621,0.0,0.0,0.0,0.0,0.0,0.0,0.0,0.0,0.0,0.0,0.0,27.494915008544922,0.0,26.905567169189453,0.0,0.0,0.0,0.0,0.0,0.0,0.0,13.173028945922852,0.0,0.0,7.974836826324463,0.0,17.046533584594727,0.0,0.0,0.0,0.0,0.0,0.0,0.0,0.0,0.0,0.0,0.0,0.0,0.0,44.128196716308594,0.0,0.0,0.0,0.0,18.992570877075195,0.0,0.0,0.0,0.0,0.0,0.0,0.0,0.0,0.0,0.0,1.4229042530059814,0.0,0.0,0.0,0.0,0.0,0.0,18.326183319091797,12.777656555175781,0.0,0.0,0.0,0.0,0.0,3.902087926864624,0.0,0.0,0.0,0.0,0.0,0.0,0.0,0.0,0.0,0.0,0.0,9.502056121826172,0.0,0.0,0.0,0.0,0.0,0.0,0.0,0.0,0.0,0.0,0.0,0.0,0.0,0.0,22.910295486450195,0.0,0.0,0.0,0.0,0.0,0.0,0.0,0.0,0.0,0.0,0.0,0.0,0.0,11.119377136230469,12.578182220458984,0.0,0.0,0.0,0.0,0.0,0.0,0.0,0.0,0.0,0.0,0.0,0.0,0.0,0.0,0.0,0.0,0.0,0.0,0.0,0.0,0.0,0.0,0.0,0.0,0.0,0.0,0.0,0.0,0.0,0.0,0.0,8.314352989196777,0.0,0.0,0.0,0.0,0.0,0.0,0.0,0.0,0.0,0.0,0.0,0.0,0.0,6.567766189575195,0.0,0.0,0.0,0.0,0.0,0.0,0.0,0.0,0.0,0.0,0.0,0.0,0.0,0.0,0.0,0.0,0.0,0.0,0.0,0.0,0.0,0.0,0.0,0.0,0.0,0.0,1.8805556297302246,2.6374173164367676,0.0,0.0,0.0,12.195731163024902,0.0,0.0,0.0,0.0,0.0,4.203047752380371,17.357656478881836,0.0,0.0,0.0,0.0,0.0,0.0,10.500293731689453,0.0,0.0,0.0,0.0,0.0,0.0,0.0,0.0,0.0,0.0,0.0,0.0,1.5952342748641968,0.0,0.0,0.0,0.0,0.0,0.0,0.0,0.0,0.0,47.68948745727539,0.0,0.0,0.0,0.0,0.0,0.0,0.0,0.0,0.0,0.0,14.301536560058594,0.0,0.0,0.0,0.0,0.0,0.0,15.604119300842285,20.927305221557617,0.0,0.0,0.0,0.0,0.0,0.0,0.0,0.0,0.0,0.0,0.7091580629348755,0.0,0.0,0.0,0.0,0.0,0.0,0.0,0.0,0.0,0.0,0.0,1.2393696308135986,0.0,0.0,0.0,0.0,0.0,0.0,0.0,0.0,0.0,1.4540984630584717,0.0,0.0,0.0,0.0,0.0,0.0,0.0,0.0,0.0,0.0,0.0,0.0,0.0,0.0,0.0,0.0,0.0,0.0,0.0,0.0,0.0,0.0,0.0,0.0,0.0,0.0,2.867945432662964,0.0,3.5281310081481934,0.0,0.0,0.0,4.651391506195068,0.0,0.0,0.0,0.0,0.0,0.0,0.0,0.0,0.0,0.0,0.0,0.0,0.0,0.0,0.0,0.0,0.0,0.0,0.0,0.0,0.0,0.0,0.0,0.0,0.0,0.0,0.0,0.0,0.0,0.0,0.0,2.5576047897338867,0.0,0.0,0.0,0.0,0.0,0.0,0.0,0.0,0.0,0.0,0.0,0.0,0.0,0.0,0.0,0.0,0.0,0.0,0.0,0.0,0.3132421374320984,0.0,0.0,0.0,23.40837287902832,0.0,0.0,0.0,0.0,0.0,0.0,0.0,0.0,0.0,0.0,0.0,0.0,0.0,0.0,0.0,4.716102600097656,0.0,0.0,0.0,0.0,2.563520669937134,0.0,0.0,0.0,0.0,0.0,0.0,7.528872966766357,0.0,0.0,0.0,0.0,0.0,0.0,0.0,0.0,0.0,0.0,0.0,0.0,0.0,0.0,0.0,0.0,0.0,0.0,1.195250391960144,0.0,0.0,0.0,0.0,0.0,0.0,0.0,4.2620530128479,0.0,0.0,0.0,0.0,0.0,0.0,0.0,0.0,0.0,0.0,0.0,0.0,0.0,0.0,0.0,0.0,0.0,0.0,0.0,0.0,0.0,0.0,41.16992950439453,0.0,0.0,0.0,0.0,5.367249488830566,0.0,0.0,0.0,0.0,0.0,9.894676208496094,0.0,0.0,0.0,0.0,0.0,0.0,11.747112274169922,0.0,0.0,0.0,0.0,0.0,0.0,0.0,0.0,0.0,0.0,0.0,0.0,0.0,0.0,0.0,0.0,0.0,0.0,0.0,0.0,0.0,0.0,0.0,0.0,0.0,0.0,0.0,0.0,0.0,0.0,0.0,0.0,0.0,0.0,0.0,0.0,37.49614715576172,0.0,0.0,0.0,0.0,0.0,0.0,0.0,0.0,39.981449127197266,0.0,0.0,0.0,0.0,0.0,0.0,0.0,17.89723777770996,0.0,0.0,0.0,3.6564536094665527,0.0,4.0351996421813965,0.0,0.0,0.0,10.805480003356934,0.0,0.0,0.0,35.50072479248047,0.0,0.0,0.0,0.0,9.490694046020508,0.0,0.0,0.0,0.0,0.0,0.0,11.819477081298828,0.0,0.0,0.0,0.0,0.0,0.0,7.514890193939209,0.0,0.0,0.0,0.0,0.0,0.0,0.0,0.0,0.0,0.0,0.0,0.0,0.0,0.0,0.0,9.265294075012207,0.0,0.0,0.0,0.0,0.0,0.0,8.93648624420166,0.0,0.0,0.0,0.0,0.0,0.0,0.0,0.0,0.0,0.0,0.0,0.0,0.0,1.1350980997085571,0.0,0.0,0.0,0.0,0.0,0.0,0.0,0.0,0.0,0.0,0.0,0.0,0.0,0.0,0.0,0.0,0.0,0.0,0.0,0.0,0.0,0.0,0.0,0.0,0.0,0.0,0.0,0.0,0.0,0.0,0.0,0.0,0.0,3.272550582885742,11.572552680969238,0.0,0.0,0.0,0.0,0.0,0.0,0.0,0.0,0.0,0.0,0.0,0.0,0.0,0.0,0.0,0.0,0.0,0.0,0.0,0.0,0.0,0.0,0.0,0.0,0.0,0.0,0.0,0.0,0.0,0.0,4.068884372711182,0.0,0.0,0.0,0.0,0.0,0.0,0.0,0.0,0.0,0.0,0.0,0.0,0.0,0.0,1.0513863563537598,0.0,0.0,0.0,0.0,0.0,0.0,0.0,0.0,0.0,0.0,0.0,0.0,8.509745597839355,0.0,0.0,0.0,0.0,0.0,0.0,0.0,0.0,11.614649772644043,0.0,0.0,0.0,0.0,0.0,1.6270794868469238,0.0,0.0,0.0,0.0,0.0,0.0,0.0,0.0,0.0,0.0,0.0,13.830828666687012,0.0,0.0,0.0,0.0,0.0,0.0,0.0,0.0,0.0,0.0,0.0,0.0,0.0,0.0,0.0,0.0,0.0,0.0,0.0,0.0,0.0,0.0,0.0,0.0,0.0,0.0,0.0,0.0,42.058292388916016,0.0,0.0,0.0,0.0,0.0,0.0,0.0,0.0,0.0,0.0,0.0,0.0,0.0,0.0,0.0,3.163613796234131,0.0,2.315216541290283,1.5412335395812988,0.0,0.0,0.0,0.0,0.0,0.0,0.0,0.0,0.0,0.0,0.0,0.0,0.0,0.0,0.0,0.0,0.0,0.0,0.0,0.0,0.0,0.0,0.0,0.0,0.0,0.0,0.0,0.0,0.0,0.0,0.0,0.0,0.0,0.0,0.0,0.0,0.0,0.0,0.0,0.0,0.0,0.0,0.0,0.0,0.0,0.0,0.0,0.0,5.520018577575684,0.0,0.0,0.0,0.0,0.0,0.0,0.0,0.0,0.0,0.0,0.0,0.0,0.0,0.0,0.0,0.0,0.0,0.0,0.0,0.0,0.0,0.0,0.0,0.0,0.0,0.0,0.0,0.0,0.0,0.0,0.0,0.0,0.0,0.0,0.0,0.0,0.0,0.0,0.0,0.0,0.0,0.0,0.0,0.0,0.0,0.0,0.0,0.0,0.0,0.0,0.0,0.0,0.0,0.0,0.0,0.0,0.0,0.0,0.0,0.0,0.0,0.0,0.0,0.0,0.0,0.0,0.0,0.0,0.0,0.0,0.0,0.0,0.0,0.0,0.0,0.0,0.0,0.0,0.0,0.0,0.0,0.0,0.0,0.0,0.0,0.0,0.0,0.0,0.0,0.0,0.0,0.0,0.0,0.0,0.0,0.0,0.0,0.0,0.0,0.0,0.0,0.0,0.0,0.0,0.0,0.0,0.0,0.0,0.0,0.0,0.0,0.0,0.0,0.0,0.0,0.0,0.0,0.0,0.0,0.0,14.526686668395996,0.0,0.0,0.0,0.0,0.0,0.0,0.0,0.0,0.0,0.0,0.0,0.0,0.0,0.0,0.0,0.0,0.0,0.0,0.0,0.0,0.0,0.0,0.0,0.0,0.0,0.0,0.0,0.0,0.0,0.0,16.30736541748047,0.0,0.0,0.0,0.0,0.0,0.0,0.0,0.0,0.0,0.0,0.0,0.0,0.0,0.0,0.0,0.0,0.0,0.0,0.0,0.0,0.0,0.0,0.0,0.0,0.0,0.0,0.0,0.0,0.0,0.0,0.0,0.0,0.0,0.0,0.0,0.0,0.0,0.0,0.0,0.0,0.0,0.0,0.0,0.0,0.0,0.0,0.0,0.0,0.0,0.0,0.0,0.0,0.0,0.0,0.0,0.0,0.0,0.0,0.0,0.0,0.0,0.0,0.0,0.0,0.0,0.0,0.0,0.0,0.0,0.0,0.0,0.0,0.0,0.0,0.0,10.027864456176758,0.0,0.0,0.0,0.0,0.0,0.0,0.0,0.0,0.0,22.94021987915039,0.0,0.0,0.0,0.0,0.0,0.0,0.0,0.0,0.0,0.0,0.0,15.348092079162598,0.0,0.0,0.0,0.0,0.0,0.0,0.0,0.0,0.0,0.0,0.0,0.0,0.0,0.0,0.0,0.0,0.0,0.0,0.0,0.0,0.0,0.0,0.0,0.0,0.0,0.0,0.0,0.0,0.0,0.0,0.0,0.0,0.0,0.0,0.0,0.0,0.0,0.0,0.0,0.0,0.0,0.0,0.0,1.5633703470230103,0.0,0.0,0.0,0.0,0.0,0.0,0.0,0.0,0.0,0.0,0.0,0.0,0.0,0.0,0.0,0.0,0.0,0.0,0.0,0.0,0.0,0.0,0.0,0.0,0.0,0.0,0.0,0.0,0.0,0.0,0.0,0.0,0.0,0.0,0.0,0.0,0.0,0.0,0.0,0.0,0.0,0.0,0.0,0.0,0.0,0.0,0.0,0.0,0.0,0.0,0.0,0.0,0.0,0.0,0.0,0.0,0.0,0.0,0.0,0.0,0.0,0.0,0.0,0.0,0.0,0.4441073536872864,0.0,0.0,0.0,0.0,0.0,0.0,0.0,0.0,0.0,0.0,0.0,0.0,0.0,0.0,0.0,0.0,0.0,0.0,0.0,0.0,0.0,0.0,0.0,0.0,0.0,0.0,0.0,18.54668426513672,0.0,0.0,0.0,0.0,0.0,0.0,0.0,0.0,0.0,0.0,0.0,0.0,0.0,0.0,0.0,0.0,0.0,0.0,0.0,0.0,0.0,0.0,0.0,0.0,0.0,0.0,0.0,0.0,0.0,0.0,0.0,0.0,0.0,0.0,0.0,0.0,0.0,0.0,0.0,0.0,0.0,0.0,0.0,0.0,0.0,0.0,0.0,0.0,0.0,0.0,0.0,0.0,0.0,0.0,0.0,50.61996841430664,0.0,0.0,0.0,0.0,0.0,0.0,0.0,0.0,0.0,0.0,0.0,0.0,0.0,0.0,0.0,0.0,0.0,0.0,0.0,0.0,0.0,0.0,0.0,0.0,0.0,0.0,0.0,0.0,0.0,0.0,0.0,0.0,0.0,0.0,0.0,0.0,0.0,0.0,0.0,0.0,0.0,0.0,0.0,0.0,0.0,0.0,0.0,0.0,0.0,0.0,0.0,0.0,0.0,0.0,0.0,0.0,0.0,0.0,0.0,0.0,0.0,0.0,0.0,0.0,0.0,0.0,0.0,3.912637233734131,0.0,0.0,0.0,0.0,0.0,0.0,0.0,0.0,0.0,0.0,0.0,0.0,0.0,0.0,0.0,0.0,0.0,0.0,0.0,0.0,0.0,0.0,0.0,0.0,0.0,0.0,0.0,4.324181079864502,0.0,0.0,0.0,0.0,0.0,0.0,0.0,0.0,0.0,0.0,0.0,0.0,20.12755012512207,0.0,0.0,0.0,0.0,0.0,0.0,0.0,0.0,0.0,0.0,0.0,0.0,0.0,14.141348838806152,0.0,0.0,0.0,0.0,0.0,0.0,0.0,0.0,0.0,0.0,0.0,0.0,0.0,0.0,0.0,0.0,0.0,0.0,0.0,0.0,0.0,0.0,0.0,0.0,0.0,0.0,0.0,0.0,0.0,0.0,0.0,0.0,0.0,0.0,0.0,0.0,0.0,0.0,0.0,0.0,0.0,0.0,0.0,0.0,0.0,0.0,0.0,0.0,0.0,0.0,0.0,0.0,0.0,0.0,0.0,0.0,0.0,0.0,0.0,0.0,0.0,0.0,0.0,0.0,0.0,20.4671688079834,0.0,0.0,0.0,0.0,0.0,0.0,0.0,0.0,0.0,0.0,0.0,0.0,0.0,0.0,0.0,0.0,0.0,0.0,0.0,0.0,0.0,0.0,0.0,0.0,1.7560110092163086,0.0,0.0,0.0,0.0,0.0,0.0,0.0,0.0,0.0,0.0,0.0,0.0,0.0,0.0,0.0,0.0,0.0,0.0,0.0,0.0,0.0,0.0,0.0,0.0,0.0,0.0,0.0,0.0,0.0,0.0,0.0,0.0,0.0,0.0,0.0,0.0,0.0,0.0,0.0,0.0,0.0,0.0,0.0,0.0,0.0,0.0,0.0,0.0,0.0,0.5280157327651978,0.0,0.0,0.0,0.0,0.0,0.0,0.0,0.0,0.0,0.0,0.0,0.0,0.0,0.0,0.0,0.0,0.0,0.0,0.0,0.0,0.0,0.0,0.0,0.0,0.0,0.0,0.0,0.0,0.0,0.0,0.0,25.141950607299805,0.0,0.0,0.0,0.0,0.0,0.0,0.0,0.0,0.0,0.0,0.0,0.0,0.0,0.0,0.0,0.0,0.0,0.0,0.0,0.0,0.0,0.0,0.0,0.0,0.0,0.0,0.0,0.0,0.0,0.0,0.0,0.0,0.0,0.0,0.0,0.0,0.0,0.0,0.0,0.0,0.0,0.0,0.0,0.0,0.0,0.0,0.0,0.0,0.0,0.0,0.0,0.0,0.0,0.0,0.0,0.0,0.0,0.0,0.0,0.0,0.0,0.0,0.0,0.0,0.0,0.0,0.0,0.0,0.0,0.0,0.0,0.0,0.0,0.0,0.0,0.0,0.0,0.0,0.0,0.0,0.0,0.0,0.0,0.0,0.0,0.0,0.0,0.0,0.0,0.0,0.0,0.0,0.0,0.0,0.0,0.0,0.0,0.0,0.0,0.0,19.2287540435791,0.0,0.0,0.0,0.0,0.0,0.0,0.0,0.0,0.0,0.0,0.0,0.0,0.0,0.0,0.0,0.0,0.0,0.0,0.0,0.0,0.0,0.0,0.0,0.0,0.0,0.0,0.0,0.0,0.0,0.0,0.0,0.0,0.0,0.0,0.0,0.0,0.0,0.0,0.0,0.0,0.0,0.0,0.0,0.0,0.0,0.0,0.0,0.0,0.0,0.0,0.0,0.0,0.0,0.0,0.0,0.0,0.0,0.0,13.60777759552002,0.0,0.0,0.0,0.0,0.0,0.0,0.0,0.0,0.0,0.8289238214492798,0.0,0.0,0.0,0.0,0.0,0.0,0.0,0.0,0.0,0.0,0.0,0.0,0.0,0.0,0.0,0.0,0.0,0.0,0.0,0.0,0.0,0.0,0.0,0.0,0.0,0.0,0.0,0.0,0.0,0.0,0.0,0.0,0.0,0.0,0.0,0.0,0.0,0.0,0.0,0.0,0.0,0.0,0.0,0.0,0.0,35.365394592285156,0.0,0.0,0.0,0.0,18.58953285217285,0.0,0.0,0.0,0.0,0.0,0.0,0.0,0.0,0.0,0.0,0.0,0.0,0.0,0.0,0.0,0.0,0.0,0.0,0.0,0.0,0.0,0.0,0.0,0.0,0.0,0.0,0.0,0.0,0.0,0.0,0.0,0.0,0.0,0.0,0.0,0.0,0.0,0.0,0.0,0.0,0.0,0.0,0.0,0.0,0.0,0.0,0.0,0.0,0.0,0.0,0.0,0.0,0.0,0.0,0.0,0.0,0.0,0.0,0.0,0.0,0.0,0.0,4.106318473815918,0.0,0.0,0.0,0.0,0.0,0.0,0.0,0.0,0.0,0.0,0.0,0.0,0.0,0.0,0.0,0.0,0.0,0.0,0.0,0.0,0.0,0.0,0.0,0.0,0.0,0.0,0.0,0.0,11.777018547058105,0.0,0.0,0.0,0.0,0.0,0.0,0.0,0.0,0.0,0.0,0.0,0.0,0.0,0.0,0.0,0.0,0.0,0.0,0.0,0.0,0.0,15.131474494934082,0.0,0.0,0.0,5.791567802429199,0.0,0.0,0.0,0.0,0.0,0.0,0.0,6.171894550323486,0.0,0.0,0.0,0.0,0.0,0.0,0.0,0.0,0.0,0.0,0.20453472435474396,0.0,0.0,0.0,0.0,0.0,0.0,0.0,0.0,0.0,0.0,0.0,0.0,0.0,0.0,0.0,0.0,0.0,0.0,0.0,0.0,0.0,0.0,0.0,0.0,0.0,0.0,0.0,0.0,0.0,11.967084884643555,0.0,0.0,0.0,18.04996681213379,0.0,0.0,0.0,0.0,0.0,0.0,0.0,0.0,0.0,44.304298400878906,0.0,0.0,13.899652481079102,0.0,0.0,0.0,0.0,1.6706690788269043,0.0,0.0,0.0,0.0,0.0,0.0,0.0,0.0,0.0,0.0,0.0,0.0,0.0,0.0,0.0,0.0,0.0,0.0,0.0,0.0,0.0,0.0,0.0,0.0,0.0,0.0,0.0,0.0,0.0,0.0,0.0,0.0,28.605712890625,22.4211368560791,0.0,0.0,3.64558744430542,0.0,0.0,0.0,0.0,2.2167506217956543,5.863417625427246,0.0,0.0,0.0,0.0,0.0,0.0,0.0,0.0,0.0,0.0,0.0,0.0,0.0,0.0,0.0,0.0,0.0,0.0,0.0,0.0,0.0,0.0,0.0,0.0,0.0,0.0,0.0,0.0,0.0,0.0,0.0,0.0,0.0,0.0,0.0,0.0,0.0,0.0,0.0,0.0,0.0,0.0,0.0,0.0,0.0,0.0,37.54179000854492,0.0,0.0,0.49067676067352295,0.0,0.0,0.0,0.0,0.0,0.0,0.0,0.0,7.782586574554443,0.0,0.0,0.0,0.0,0.0,0.0,0.0,16.102819442749023,0.0,0.0,0.0,0.0,0.0,0.0,0.0,0.0,0.0,0.0,0.0,0.0,0.0,0.0,0.0,0.0,0.0,0.0,0.0,0.0,1.0213277339935303,0.0,0.0,0.0,0.0,0.0,0.0,0.0,0.0,0.0,0.0,0.0,0.0,0.0,0.0,0.0,0.0,0.0,3.930856704711914,0.0,0.0,0.0,0.0,0.0,0.0,0.0,0.0,0.0,0.0,0.0,0.0,0.0,0.0,0.0,0.0,0.0,0.0,14.590556144714355,0.0,0.0,0.0,0.0,0.0,0.0,0.0,0.0,0.0,0.0,0.0,0.0,0.0,0.0,0.0,0.0,0.0,0.0,0.0,0.0,0.0,0.0,0.0,0.0,0.0,0.0,0.0,0.0,0.0,0.0,0.0,0.0,0.0,0.0,63.20004653930664,0.0,0.0,0.0,0.0,0.0,0.0,0.0,0.0,0.0,0.0,0.0,0.0,0.0,0.0,3.1047518253326416,0.0,0.0,0.0,0.0,0.0,0.0,0.0,0.0,0.0,0.0,0.0,0.0,0.0,0.0,0.0,0.0,0.0,0.0,0.0,0.0,0.0,0.0,0.6018534302711487,0.0,0.0,0.0,10.580185890197754,0.0,0.0,0.0,20.45607566833496,0.0,0.0,0.0,21.507600784301758,0.0,0.0,0.0,46.32297897338867,0.0,0.0,0.0,0.0,4.571590423583984,0.0,0.0,0.0,0.0,0.0,0.0,0.0,0.0,70.98756408691406,0.0,0.0,0.0,0.0,0.0,0.0,0.0,0.0,0.0,0.0,0.0,0.0,0.0,0.0,0.0,0.0,0.0,0.0,0.0,0.0,0.0,0.0,0.0,0.0,0.0,0.0,0.0,0.0,0.0,0.0,0.0,12.287491798400879,0.0,0.0,0.0,0.0,0.0,0.0,0.0,0.0,0.0,0.0,0.0,0.0,0.0,0.0,70.35964965820312,0.0,0.0,0.0,0.0,0.0,0.0,0.0,0.0,0.0,0.0,0.0,0.0,0.0,0.0,0.0,0.0,0.0,0.0,0.0,0.0,0.0,0.0,0.0,0.0,0.0,0.0,0.0,0.0,0.0,0.0,0.0,0.0,0.0,0.0,0.0,0.0,0.0,0.0,0.0,0.0,0.0,0.0,0.0,0.0,0.0,0.0,0.0,0.0,40.91108322143555,0.0,0.0,0.0,0.0,0.0,0.0,0.0,0.0,0.0,0.0,0.0,0.0,0.0,0.0,0.0,0.0,0.0,0.0,0.0,0.0,0.0,0.0,0.0,0.0,0.0,0.0,0.0,0.0,0.0,0.0,0.0,0.0,0.0,0.0,0.0,0.0,0.0,0.0,0.0,0.0,0.0,0.0,0.0,0.0,0.0,0.0,0.0,24.803403854370117,0.0,0.0,0.0,0.0,0.0,0.0,0.0,0.0,0.0,0.0,0.0,0.0,0.0,0.0,0.0,0.0,0.0,0.0,0.0,0.0,0.0,0.0,0.0,0.0,0.0,0.0,0.0,0.0,0.0,0.0,0.0,0.0,0.0,0.7770234942436218,0.0,0.0,0.0,0.0,0.0,0.0,0.0,0.0,0.0,0.0,0.0,0.0,0.0,0.0,0.0,0.0,0.0,0.0,0.0,0.0,0.0,0.0,0.0,0.0,0.0,0.0,0.0,0.0,0.0,0.0,0.0,0.0,0.0,0.0,0.0,0.0,0.0,0.0,0.0,0.0,22.727880477905273,0.0,0.0,0.0,0.0,0.0,0.0,0.0,0.0,0.0,0.0,0.0,0.0,0.0,1.3518540859222412,0.0,0.0,0.0,0.0,0.0,0.0,0.0,0.0,0.0,0.0,0.0,0.0,0.0,0.0,0.0,0.0,0.0,0.0,0.0,0.0,0.0,0.0,0.0,0.0,0.0,0.0,0.0,0.0,0.0,0.0,0.0,0.0,0.0,0.0,0.0,0.0,0.0,0.0,0.0,0.0,0.0,43.82798385620117,0.0,0.0,0.0,0.0,0.0,0.0,0.0,0.0,0.0,0.0,0.0,0.0,0.0,0.0,0.0,0.0,0.0,0.0,0.0,0.0,0.0,0.0,0.0,0.0,0.0,0.0,0.0,0.0,0.0,0.0,0.0,0.0,0.0,0.0,0.0,0.0,0.0,0.0,0.0,0.0,0.0,0.0,0.0,0.0,0.0,0.0,0.0,0.0,0.0,0.0,0.0,0.0,0.0,0.0,0.0,24.803977966308594,0.0,0.0,0.0,0.0,0.0,0.0,0.0,0.0,0.0,0.0,0.0,0.0,0.0,0.0,0.0,0.0,0.0,0.0,0.0,37.81839370727539,0.0,0.0,0.0,0.5727665424346924,0.0,0.0,0.0,0.0,0.0,0.0,0.0,0.0,0.0,0.0,0.0,0.0,0.0,0.0,0.0,0.0,0.0,0.0,0.0,0.0,0.0,0.0,0.0,0.0,0.0,0.0,0.0,0.0,0.0,0.0,0.0,0.0,0.0,0.0,0.0,0.0,0.0,0.0,0.0,0.0,0.0,0.0,0.0,0.0,0.0,0.0,0.0,0.0,0.0,0.0,0.0,0.0,0.0,58.49357986450195,0.0,0.0,0.0,0.0,0.0,0.0,0.0,11.274861335754395,0.0,0.0,0.0,0.0,0.0,0.0,0.0,0.0,0.0,0.0,0.0,0.0,0.0,0.0,0.0,0.0,0.0,0.0,0.0,0.0,0.0,0.0,0.0,0.0,0.0,0.0,84.36410522460938,0.0,0.0,0.0,0.0,0.0,0.0,0.0,0.0,0.0,0.0,0.0,0.0,0.0,0.0,0.0,0.0,0.0,0.0,0.0,0.0,0.0,0.0,0.0,0.0,0.0,0.0,0.0,0.0,0.0,0.0,0.0,0.0,0.0,0.0,0.0,0.0,0.0,0.0,0.0,0.0,0.0,0.0,7.5975141525268555,0.0,0.0,0.0,0.0,0.0,0.0,0.0,0.0,0.0,0.0,27.818092346191406,0.0,0.0,0.0,0.0,7.325784683227539,0.0,0.0,0.0,0.0,0.0,0.0,0.0,0.0,27.90069007873535,0.0,0.0,0.0,0.0,0.0,0.0,0.0,0.0,0.0,0.0,0.0,0.0,0.0,0.0,0.0,0.0,0.0,0.0,0.0,0.0,0.0,0.0,0.0,4.538788318634033,0.0,0.0,0.0,0.0,0.0,0.0,0.0,0.0,0.0,0.0,0.0,0.0,0.0,0.0,0.0,0.0,0.0,0.0,0.0,0.0,0.0,0.0,70.90461730957031,0.0,0.0,0.0,0.0,0.0,0.0,0.0,0.0,0.0,0.0,0.0,0.0,0.0,0.0,0.0,0.0,0.0,0.0,0.0,0.0,0.0,0.0,0.0,0.0,0.0,0.0,0.0,0.0,0.0,0.0,0.0,0.0,0.0,0.0,0.0,0.0,0.0,0.0,0.0,0.0,0.0,0.0,0.0,0.0,0.0,0.0,0.0,0.0,0.0,0.0,0.0,0.0,0.0,0.0,0.0,0.0,0.0,0.0,0.0,0.0,0.0,0.0,0.0,0.0,0.0,0.0,0.0,10.65847110748291,0.0,0.0,0.0,0.0,0.0,0.0,0.0,0.0,0.0,0.0,0.0,0.0,0.0,0.0,0.0,0.0,0.0,0.0,0.0,0.0,0.0,0.0,0.0,0.0,0.0,0.0,0.0,0.0,0.0,0.0,0.0,0.0,0.0,0.0,0.0,0.0,0.0,0.0,0.0,0.0,0.0,0.0,0.0,0.0,0.0,0.0,0.0,0.0,0.0,0.0,0.0,0.0,0.0,0.0,0.0,0.0,0.0,0.0,0.0,0.0,0.0,0.0,0.0,0.0,0.0,0.0,0.0,0.0,0.0,0.0,0.0,0.0,0.0,4.077046871185303,0.0,0.0,0.0,0.0,0.0,0.0,0.0,0.0,0.0,0.0,0.0,0.0,0.0,0.0,0.0,0.0,0.0,0.0,0.0,0.0,0.0,0.0,0.0,0.0,0.0,0.0,0.0,0.0,0.0,7.500792980194092,0.0,0.0,0.0,0.0,0.0,0.0,0.0,0.0,0.0,0.0,0.0,0.0,0.0,0.0,0.0,0.0,12.252785682678223,0.0,0.0,0.0,0.0,0.0,0.0,0.0,0.0,0.0,0.0,0.0,0.0,0.0,0.0,0.0,0.0,0.0,0.0,0.0,0.0,0.0,0.0,0.0,0.0,0.0,0.0,0.0,0.0,0.0,0.0,0.03309103846549988,0.0,0.0,0.0,0.0,0.0,0.0,0.0,32.06729507446289,0.0,0.0,0.0,0.0,0.0,0.0,0.0,0.0,0.0,0.0,0.0,0.0,0.0,0.0,0.0,0.0,0.0,0.0,0.0,0.0,0.0,0.0,0.0,0.0,0.0,0.0,0.0,0.0,0.0,0.0,0.0,0.0,0.0,0.0,0.0,0.0,0.0,0.0,0.0,0.0,2.1954002380371094,0.0,0.0,0.0,0.0,0.0,0.0,0.0,0.0,0.0,0.0,10.042430877685547,0.0,0.0,0.0,39.62485122680664,0.0,0.0,0.0,0.0,0.0,0.0,0.0,0.0,0.0,0.0,0.0,0.0,0.0,0.0651230737566948,0.0,0.0,0.0,0.0,0.0,7.244377613067627,0.0,0.0,0.0,0.0,0.0,0.0,0.0,0.0,0.0,0.0,0.0,0.0,0.0,0.0,0.0,0.0,0.0,0.0,0.0,0.0,0.0,0.7980972528457642,0.0,0.0,0.0,1.464788556098938,0.0,0.0,0.0,0.0,0.0,0.0,0.0,0.0,0.0,0.0,0.0,0.0,0.0,0.0,0.0,0.0,0.0,5.717466831207275,0.0,0.0,0.0,0.0,0.0,0.0,0.0,0.0,0.0,0.0,0.0,0.0,0.0,41.123085021972656,0.0,0.0,0.0,0.0,0.0,0.0,0.0,0.0,0.0,0.0,0.0,0.0,0.0,0.0,0.0,0.0,0.0,0.0,0.0,0.0,0.0,0.0,0.0,0.0,0.0,0.0,0.0,0.0,0.0,0.0,0.0,0.0,0.0,0.0,38.0397834777832,0.0,0.0,0.0,0.0,0.0,0.0,0.0,0.0,0.0,0.0,0.0,0.0,0.0,0.0,0.0,0.0,0.0,0.0,0.0,0.0,0.0,0.0,0.0,0.0,0.0,0.0,0.0,0.0,0.0,0.0,0.0,0.0,0.0,0.0,0.0,0.0,0.0,0.0,0.0,0.0,0.0,0.0,0.0,0.0,0.0,0.0,0.0,0.0,0.0,0.0,0.0,0.0,0.0,0.0,0.0,0.0,0.0,0.0,0.0,0.0,0.0,0.0,0.0,0.0,0.0,0.0,0.0,0.0,0.0,0.0,0.0,0.0,0.0,0.0,0.0,0.0,0.0,0.0,0.0,0.0,0.0,0.0,0.0,0.0,0.0,0.0,0.0,0.0,0.0,0.0,0.0,10.653017044067383,0.0,0.0,0.0,0.0,0.0,0.0,0.0,0.0,0.0,0.0,0.0,0.0,0.0,0.0,0.0,0.0,0.0,0.0,0.0,0.0,0.0,0.0,58.76972579956055,0.0,0.0,0.0,0.0,0.0,0.0,0.0,0.0,0.0,0.0,0.0,0.0,0.0,0.0,0.0,0.0,0.0,0.0,0.0,0.0,0.0,0.0,0.0,0.0,0.0,0.0,0.0,0.0,0.0,0.0,0.0,0.0,0.0,0.0,0.0,0.0,0.0,0.0,0.0,0.0,0.0,0.0,0.0,0.0,0.0,0.0,0.0,0.0,3.0127406120300293,0.0,0.0,0.0,0.0,0.0,0.0,0.0,0.0,0.0,0.0,0.0,0.0,0.0,0.0,0.0,0.0,0.0,0.0,5.8532819747924805,0.0,0.0,0.0,0.0,14.486620903015137,0.0,0.0,0.0,0.0,0.0,0.0,0.0,19.812519073486328,0.0,0.0,0.0,0.0,0.0,0.0,0.0,0.0,0.0,0.0,0.0,0.0,0.0,0.0,0.0,0.0,0.0,0.0,0.0,0.0,0.0,0.0,0.0,0.0,0.0,0.0,0.0,0.0,0.0,0.0,0.0,0.0,0.0,0.0,0.0,0.0,0.0,0.0,0.0,0.0,0.0,0.0,0.0,0.0,0.0,2.2475037574768066,0.0,0.0,0.0,0.0,23.115882873535156,0.0,0.0,0.0,0.0,0.0,0.0,0.0,0.0,0.0,14.937311172485352,0.0,0.0,0.0,0.0,0.0,0.0,0.0,0.0,0.0,0.0,0.0,0.0,0.0,0.0,0.0,19.39089012145996,0.0,0.0,0.0,0.0,0.0,0.0,0.0,0.0,0.0,0.0,0.0,2.575068473815918,0.0,0.0,0.0,0.0,0.0,0.0,0.0,0.0,0.0,0.0,0.0,0.0,0.0,0.0,0.0,0.9680891036987305,0.0,0.0,0.0,0.0,0.0,0.0,0.0,0.0,0.0,0.0,11.45963191986084,0.0,0.0,0.0,0.0,0.0,0.0,0.0,0.0,0.0,0.0,0.0,0.0,0.0,0.0,0.0,0.0,0.0,0.0,0.0,0.0,8.178977966308594,0.0,46.563514709472656,0.0,0.0,0.0,0.0,0.0,0.0,0.0,43.14964294433594,0.0,0.0,5.748604774475098,0.0,0.0,0.0,0.0,0.0,0.0,21.429574966430664,0.0,0.0,0.0,0.0,0.0,0.0,0.0,0.0,0.0,0.0,0.0,0.0,0.0,0.0,0.0,0.0,0.0,0.0,0.0,0.0,0.0,0.0,0.0,0.0,0.0,0.0,0.0,0.0,0.0,0.0,0.0,0.0,0.0,0.0,0.0,0.0,0.0,0.0,0.0,0.0,0.0,0.0,0.0,13.19814395904541,0.0,77.88473510742188,0.0,0.0,0.0,0.0,0.0,0.0,0.0,15.988998413085938,0.0,0.0,0.0,0.0,0.0,0.0,0.0,0.0,0.0,0.0,10.791971206665039,6.180290222167969,0.0,31.588743209838867,0.0,0.0,0.0,0.0,22.423030853271484,0.0,0.0,0.0,0.0,0.0,0.0,0.0,0.0,0.0,0.0,0.0,0.0,0.0,0.0,0.0,0.0,0.0,0.0,0.0,0.0,0.0,0.0,0.0,0.0,0.0,0.0,0.0,0.0,0.0,18.60690689086914,0.0,38.289241790771484,0.0,0.0,0.0,0.0,38.59522247314453,0.0,0.0,0.0,0.0,0.0,0.0,0.0,0.0,0.0,0.0,0.0,0.0,0.0,0.0,0.0,0.0,0.0,0.0,0.0,0.0,0.0,0.0,0.0,0.0,0.0,0.0,0.0,0.0,0.0,0.0,0.0,0.0,0.0,0.0,0.0,0.0,0.0,0.0,0.0,0.0,0.0,0.0,0.0,0.0,0.0,0.0,4.291412830352783,0.0,0.0,0.0,0.0,2.91182279586792,0.0,0.0,0.0,0.0,0.0,0.0,0.0,0.0,0.0,0.0,0.0,0.0,0.0,0.0,0.0,0.0,0.0,0.0,0.0,0.0,0.0,0.0,0.0,0.0,0.0,0.0,0.0,0.0,0.0,0.0,0.0,0.0,0.0,0.0,0.0,0.0,0.0,0.0,0.0,0.0,0.0,0.0,0.0,0.0,0.0,0.0,0.0,0.0,0.0,0.0,1.7703583240509033,0.0,0.0,0.0,0.0,0.0,0.0,0.0,0.0,0.0,0.0,0.0,0.0,0.0,0.0,0.0,0.0,0.0,0.0,0.0,2.139798402786255,0.0,0.0,0.0,0.0,0.0,0.0,0.0,0.0,0.0,0.0,0.0,5.37523889541626,0.0,0.0,0.0,0.0,0.0,7.229732990264893,0.0,0.0,0.0,0.0,0.0,0.0,0.0,0.0,0.0,0.0,0.0,0.0,0.0,0.0,0.0,0.0,0.0,0.0,0.0,0.0,0.0,0.0,52.71436309814453,0.0,0.0,0.0,0.0,0.0,0.0,0.0,0.0,0.0,0.0,0.0,0.0,0.0,0.0,0.0,0.0,0.0,0.0,0.0,0.0,0.0,0.0,0.0,0.0,0.0,0.0,0.0,0.0,0.0,0.0,0.0,0.0,0.0,0.0,0.0,0.0,0.0,0.0,0.0,0.0,0.0,0.0,0.0,0.0,0.0,0.0,0.0,0.0,8.193543434143066,0.0,0.0,0.0,0.0,0.0,0.0,0.0,0.0,0.0,0.0,0.0,0.0,0.0,0.0,0.0,0.0,0.0,0.0,0.0,0.0,0.0,0.0,0.0,20.860118865966797,0.0,0.0,0.0,0.0,0.0,0.0,0.0,11.501477241516113,0.0,0.0,0.0,0.0,0.0,0.0,0.0,0.0,0.0,0.0,0.0,0.0,0.0,0.0,0.0,0.0,0.0,0.0,0.0,0.0,0.0,0.0,0.0,0.0,0.0,0.0,0.0,0.0,0.0,0.0,0.0,0.0,0.0,0.0,0.0,0.0,0.0,0.0,0.0,0.0,0.0,0.0,0.0,0.0,0.0,0.8985059857368469,0.0,0.0,0.0,0.0,17.532817840576172,0.0,0.0,0.0,0.0,0.0,0.0,0.0,0.0,0.0,0.0,0.0,0.0,0.0,0.0,0.0,0.0,0.0,0.0,0.0,0.0,0.0,0.0,0.0,0.0,0.0,0.0,0.0,0.0,0.0,0.0,0.0,0.0,0.0,0.0,0.0,0.0,0.0,0.0,0.0,0.0,0.0,0.0,0.0,0.0,0.0,0.0,0.0,0.0,0.0,0.0,0.0,0.0,0.0,0.0,0.0,0.0,0.0,0.0,0.0,0.0,0.0,0.0,0.0,0.0,0.0,0.0,0.0,0.0,0.0,0.0,0.0,0.0,0.0,0.0,0.0,0.0,0.0,0.0,0.0,0.0,0.0,0.0,0.0,0.0,0.0,0.0,0.0,0.0,0.0,0.0,0.0,0.0,0.0,0.0,0.0,38.577125549316406,0.0,0.0,0.0,0.0,0.0,0.0,0.0,0.0,0.0,25.10125732421875,0.0,0.0,0.0,0.0,0.0,0.0,0.0,0.0,0.0,0.0,0.0,0.0,0.0,0.0,0.0,0.0,0.0,0.0,0.0,0.0,0.0,0.0,0.0,0.0,0.0,0.0,0.0,0.0,0.0,0.0,0.0,0.0,0.0,0.0,0.0,0.0,8.006111145019531,0.0,0.0,0.0,0.0,0.0,0.0,0.0,0.0,49.20136260986328,0.0,0.0,0.0,0.0,0.0,0.0,0.0,21.048093795776367,0.0,0.0,0.0,0.0,0.0,0.0,0.0,0.0,0.0,0.0,0.0,7.152005672454834,0.0,41.84779357910156,0.0,0.0,0.0,0.0,0.0,0.0,0.0,0.0,0.0,0.0,0.0,0.0,0.0,0.0,0.0,0.0,0.0,0.0,0.0,0.0,0.0,0.0,0.0,0.0,0.0,0.0,0.0,0.0,0.0,0.0,0.0,0.0,0.0,0.0,16.837039947509766,0.0,11.192544937133789,0.0,0.0,0.0,0.0,5.28064489364624,0.0,0.0,0.0,0.0,0.0,0.0,0.0,0.0,0.0,0.0,0.0,0.0,0.0,0.0,0.0,0.0,0.0,0.0,0.0,0.0,0.0,0.0,0.0,0.0,0.0,0.0,0.0,0.0,0.0,0.0,0.0,0.0,0.0,0.0,0.0,0.0,0.0,0.0,0.0,0.0,0.0,0.0,0.0,0.0,0.0,0.0,23.76166534423828,0.0,24.160154342651367,0.0,0.0,0.0,0.0,0.0,0.0,0.0,0.0,0.0,0.0,0.0,0.0,0.0,0.0,0.0,0.0,0.0,0.0,0.0,0.0,0.0,0.0,0.0,0.0,0.0,0.0,0.0,0.0,0.0,0.0,0.0,0.0,0.0,0.0,0.0,0.0,0.0,0.0,0.0,0.0,0.0,0.0,0.0,0.0,0.0,0.0,0.0,0.0,0.0,0.0,0.0,0.0,0.0,0.0,0.0,0.0,0.0,0.0,0.0,0.0,0.0,0.0,0.0,0.0,0.0,0.0,0.0,0.0,0.0,0.0,0.0,0.0,0.0,0.0,0.0,0.0,0.0,0.0,0.0,0.0,0.0,0.0,0.0,0.0,0.0,16.62151336669922,0.0,0.0,0.0,0.0,0.0,0.0,0.0,0.0,0.0,0.0,0.0,0.0,0.0,0.0,0.0,0.0,0.0,0.0,0.0,0.0,0.0,0.0,0.0,0.0,0.0,0.0,0.0,0.0,43.219818115234375,0.0,0.0,0.0,0.0,0.0,0.0,0.0,0.0,0.0,0.0,0.0,0.0,0.0,0.0,0.0,0.0,0.0,0.0,0.0,0.0,0.0,0.0,0.0,0.0,0.0,0.0,0.0,0.0,0.0,0.0,0.0,0.0,0.0,0.0,0.0,0.0,0.0,0.0,0.0,0.0,0.0,0.0,0.0,0.0,0.0,0.0,0.0,0.0,0.0,0.0,0.0,0.0,0.0,0.0,0.0,0.0,0.0,0.0,0.0,0.0,0.0,0.0,0.0,0.0,0.0,0.0,0.0,0.0,0.0,0.0,0.0,0.0,0.0,0.0,0.0,0.0,0.0,0.0,0.0,0.0,0.0,0.0,0.0,0.0,0.0,0.0,0.0,0.0,0.0,0.0,0.0,0.0,0.0,0.0,0.0,0.0,0.0,0.0,0.0,0.0,0.0,0.0,0.0,0.0,0.0,0.0,0.0,0.0,0.0,0.0,0.0,0.0,0.0,0.0,0.0,0.0,0.0,0.0,0.0,0.0,0.0,0.0,0.0,0.0,0.0,0.0,0.0,0.0,0.0,0.0,0.0,0.0,0.0,0.0,0.0,0.0,0.0,0.0,0.0,0.0,0.0,0.0,0.0,0.0,0.0,0.0,0.0,0.0,0.0,0.0,0.0,0.0,0.0,0.0,0.0,0.0,0.0,0.0,0.0,0.0,0.0,0.0,0.0,0.0,0.0,0.0,0.0,0.0,0.0,0.0,0.0,0.0,0.0,0.0,0.0,0.0,0.0,0.0,0.0,0.0,0.0,0.0,0.0,0.0,0.0,0.0,0.0,0.0,1.117264747619629,0.0,0.0,0.0,0.0,0.0,0.0,0.0,0.0,0.0,0.0,0.0,0.0,0.0,0.0,0.0,0.0,0.0,0.0,0.0,0.0,0.0,0.0,0.0,0.0,0.0,0.0,0.0,0.0,0.0,0.0,0.0,0.0,0.0,0.0,0.0,0.0,0.0,0.0,14.998529434204102,0.0,0.0,0.0,0.0,0.0,0.0,0.0,0.0,0.0,0.0,0.0,0.0,0.0,0.0,0.0,0.0,0.0,0.0,0.0,0.0,0.0,0.0,0.0,0.0,0.0,0.0,0.0,0.0,0.0,0.0,0.0,0.0,0.0,0.0,0.0,0.0,0.0,0.0,0.0,0.0,0.0,0.0,0.0,0.0,0.0,0.0,0.0,0.0,0.0,0.0,0.0,0.0,0.0,0.0,0.0,0.0,0.0,0.0,0.0,0.0,0.0,0.0,0.0,0.0,0.0,0.0,0.0,0.0,0.0,0.0,0.0,0.0,0.0,0.0,0.0,0.0,0.0,16.899282455444336,0.0,0.0,0.0,0.0,0.0,0.0,0.0,0.0,0.0,0.0,0.0,0.0,0.0,0.0,0.0,0.0,0.0,0.0,0.0,0.0,0.0,0.0,0.0,0.0,0.0,0.0,0.0,0.0,0.0,0.0,0.0,0.0,0.0,0.0,0.0,0.0,0.0,0.0,0.0,0.0,0.0,0.0,0.0,0.0,0.0,0.0,0.0,0.0,0.0,0.0,0.0,0.0,0.0,0.0,0.0,0.0,0.0,0.0,0.0,0.0,0.0,0.0,0.0,0.0,0.0,0.0,0.0,0.0,0.0,0.0,0.0,0.0,0.0,0.0,0.0,0.0,0.0,0.0,0.0,0.0,0.0,0.0,0.0,0.0,0.0,0.0,0.0,0.0,0.0,0.0,0.0,0.0,0.0,0.0,0.0,0.0,0.0,0.0,0.0,0.0,0.0,0.0,0.0,0.0,0.0,0.0,0.0,0.0,0.0,0.0,0.0,0.0,0.0,0.0,0.0,0.0,0.0,0.0,0.0,0.0,0.0,0.0,0.0,0.0,0.0,0.0,0.0,0.0,0.0,0.0,0.0,0.0,0.0,0.0,0.0,0.0,0.0,0.0,0.0,0.0,0.0,0.0,0.0,0.0,0.0,0.0,0.0,0.0,0.0,0.0,0.0,0.0,0.0,0.0,0.0,0.0,0.0,0.0,0.0,0.0,0.0,0.0,0.0,0.0,0.0,0.0,0.0,0.0,0.0,0.0,0.0,0.0,0.0,0.0,0.0,0.0,0.0,0.0,0.0,0.0,0.0,0.0,0.0,0.0,0.0,0.0,0.0,0.0,0.0,0.0,0.0,0.0,0.0,0.0,0.0,0.0,0.0,0.0,0.0,0.0,0.0,0.0,0.0,0.0,0.0,26.525924682617188,0.0,0.0,0.0,0.0,0.0,0.0,0.0,0.0,0.0,0.0,0.0,0.0,0.0,0.0,0.0,0.0,0.0,0.0,0.0,0.0,0.0,0.0,0.0,0.0,0.0,0.0,0.0,0.0,0.0,0.0,0.0,0.0,0.0,0.0,0.0,0.0,0.0,0.0,0.0,0.0,0.0,0.0,0.0,0.0,0.0,0.0,0.0,0.0,0.0,2.2758259773254395,0.0,0.0,0.0,0.0,0.0,0.0,0.0,0.0,0.0,0.0,0.0,0.0,0.0,0.0,0.0,0.0,0.0,0.0,0.0,0.0,0.0,0.0,0.0,0.0,0.0,0.0,0.0,0.0,0.0,0.0,0.0,0.0,0.0,0.0,0.0,0.0,0.0,0.0,0.0,0.0,0.0,0.0,0.0,0.0,0.0,0.0,0.0,0.0,0.0,0.0,0.0,0.0,0.0,0.0,0.0,0.0,0.0,0.0,0.0,0.0,0.0,0.0,0.0,0.0,0.0,0.0,0.0,0.0,0.0,0.0,0.0,0.0,26.828771591186523,0.0,0.0,0.0,0.0,0.0,0.0,0.0,0.0,0.0,0.0,0.0,0.0,0.0,0.0,0.0,0.0,0.0,0.0,0.0,0.0,0.0,0.0,0.0,0.0,0.0,0.0,0.0,0.0,0.0,0.0,0.0,0.0,0.0,0.0,0.0,0.0,0.0,0.0,0.0,0.0,0.0,0.0,0.0,0.0,0.0,0.0,0.0,0.0,0.0,0.0,0.0,0.0,0.0,0.0,0.0,0.0,0.0,0.0,0.0,0.0,0.0,0.0,0.0,0.0,0.0,12.30778980255127,0.0,0.0,0.0,0.0,0.0,0.0,0.0,0.0,0.0,0.0,0.0,0.0,0.0,0.0,0.0,0.0,0.0,0.0,0.0,0.0,0.0,0.0,0.0,0.0,0.0,0.0,0.0,0.0,0.0,0.0,0.0,0.0,0.0,0.0,0.0,0.0,0.0,0.0,0.0,0.0,0.0,0.0,0.0,0.0,0.0,0.0,0.0,0.0,0.0,0.0,0.0,0.0,0.0,0.0,0.0,0.0,0.0,0.0,0.0,0.0,0.0,0.0,0.0,0.0,0.0,0.0,0.0,0.0,0.0,0.0,0.0,0.0,0.0,0.0,0.0,0.0,0.0,0.0,0.0,0.0,0.0,0.0,0.0,0.0,0.0,0.0,0.0,0.0,0.0,0.0,0.0,0.0,0.0,0.0,0.0,0.0,0.0,0.0,0.0,0.0,0.0,0.0,0.0,0.0,0.0,0.0,25.315746307373047,0.0,0.0,0.0,0.0,0.0,0.0,0.0,0.0,0.0,0.0,0.0,0.0,0.0,0.0,0.0,0.0,0.0,0.0,0.0,0.0,0.0,0.0,0.0,0.0,0.0,0.0,0.0,0.0,0.0,0.0,0.0,0.0,0.0,0.0,0.0,0.0,0.0,0.0,0.0,0.0,0.0,0.0,0.0,0.0,0.0,0.0,0.0,0.0,0.0,0.0,0.0,0.0,0.0,0.0,0.0,0.0,0.0,0.0,0.0,0.0,0.0,0.0,0.0,0.0,0.0,0.0,0.0,0.0,0.0,0.0,0.0,0.0,0.0,0.0,0.0,0.0,0.0,0.0,0.0,0.0,0.0,0.0,0.0,0.0,0.0,0.0,0.0,0.0,0.0,0.0,0.0,0.0,0.0,0.0,0.0,0.0,0.0,0.0,0.0,0.0,0.0,0.0,0.0,0.0,0.0,0.0,0.0,0.0,0.0,0.0,0.0,0.0,0.0,0.0,0.0,0.0,0.0,0.0,0.0,0.0,0.0,0.0,0.0,0.0,0.0,0.0,0.0,0.0,0.0,0.0,0.0,0.0,0.0,0.0,0.0,0.0,0.0,0.0,0.0,0.0,0.0,0.0,0.0,0.0,0.0,0.0,0.0,0.0,0.0,0.0,0.0,0.0,0.0,0.0,0.0,0.0,0.0,0.0,0.0,4.440819263458252,0.0,0.0,0.0,0.0,0.0,0.0,0.0,0.0,0.0,0.0,0.0,0.0,0.0,0.0,0.0,0.0,0.0,0.0,0.0,0.0,0.0,0.0,0.0,0.0,0.0,0.0,0.0,0.0,0.0,0.0,0.0,0.0,0.0,0.0,0.0,0.0,0.0,0.0,0.0,0.0,0.0,0.0,0.0,0.0,0.0,0.0,0.0,0.0,0.0,0.32486334443092346,0.0,0.0,0.0,0.0,0.0,32.58430099487305,0.0,0.0,0.0,0.0,10.24864387512207,0.0,0.0,0.0,0.0,0.0,0.0,0.0,0.0,0.0,0.0,0.0,0.0,0.0,0.0,0.0,0.0,0.0,0.0,0.0,0.0,0.0,0.0,0.0,0.0,0.0,0.0,0.0,0.0,0.0,0.0,0.0,0.0,0.0,0.0,0.0,0.0,0.0,0.0,0.0,0.0,0.0,0.0,0.0,0.0,2.9636874198913574,0.0,0.0,0.0,0.0,0.0,0.0,0.0,0.0,0.0,0.0,0.0,0.0,0.0,0.0,0.0,0.0,0.0,0.0,0.0,0.0,0.0,0.0,15.381175994873047,0.0,0.0,0.0,0.0,0.0,0.0,0.0,0.0,0.0,0.0,0.0,0.0,0.0,0.0,0.0,0.0,0.0,0.0,0.0,0.0,0.0,0.0,0.0,0.0,0.0,0.0,0.0,0.0,0.0,0.0,0.0,0.0,0.0,0.0,0.0,0.798713207244873,0.0,0.0,0.0,0.0,0.0,0.0,0.0,0.0,0.0,2.0404672622680664,0.0,0.0,0.0,5.750524997711182,0.0,0.0,0.0,0.0,0.0,0.0,0.0,0.0,8.25666618347168,0.0,0.0,0.0,0.0,0.0,0.0,0.0,0.0,0.0,0.0,0.0,0.0,0.0,0.0,0.0,0.0,0.0,0.0,0.0,0.0,0.0,0.0,0.0,0.0,0.0,0.0,0.0,0.0,0.0,0.0,0.0,0.0,0.0,0.0,0.0,0.0,0.0,0.0,0.0,0.0,0.0,0.0,0.0,0.0,0.0,0.0,0.0,0.0,0.0,0.0,0.0,0.0,0.0,0.0,0.0,0.0,13.380461692810059,0.0,0.0,0.0,0.0,0.0,0.0,0.0,0.0,0.0,0.0,0.0,0.0,0.0,0.0,0.0,0.0,0.0,0.0,0.0,0.0,0.0,0.0,0.0,0.0,0.0,0.0,0.0,0.0,0.0,0.0,0.0,0.0,0.0,0.0,0.0,0.0,0.0,0.0,14.844596862792969,8.880857467651367,0.0,0.0,0.0,0.0,0.0,0.0,0.0,0.0,0.0,0.0,0.0,0.0,0.0,0.0,0.0,0.0,0.0,0.0,0.0,0.0,0.0,0.0,0.0,0.0,0.0,0.0,0.0,0.0,0.0,0.0,0.0,0.0,0.0,0.0,0.0,0.0,0.0,0.0,0.0,0.0,0.0,0.0,0.0,0.0,0.0,0.0,0.0,0.0,0.0,0.0,0.0,0.0,0.0,0.0,19.518163681030273,0.0,0.0,0.0,0.0,0.0,0.0,0.0,0.0,0.0,0.0,0.0,17.390596389770508,0.0,0.0,0.0,0.0,0.0,0.0,0.0,0.0,0.0,0.0,0.0,0.0,0.0,0.0,0.0,0.0,0.0,0.0,0.0,0.0,0.0,0.0,0.0,0.0,0.0,0.0,0.0,0.0,0.0,0.0,0.0,0.0,0.0,0.0,0.0,0.0,0.0,0.0,0.0,0.0,0.0,0.0,0.0,0.0,9.501189231872559,0.0,0.0,0.0,0.0,0.0,0.0,0.0,0.0,0.0,0.0,0.0,0.0,9.381415367126465,0.0,0.0,0.0,0.0,0.0,0.0,0.0,0.0,0.0,0.0,0.0,0.0,0.0,0.0,0.0,0.0,0.0,0.0,0.0,0.0,0.0,0.0,0.0,0.0,0.0,0.0,0.0,0.0,0.0,0.0,0.0,0.0,0.0,0.0,0.0,0.0,0.0,0.0,0.0,0.0,0.0,0.0,37.634918212890625,0.0,0.0,0.0,0.0,0.0,0.0,0.0,0.0,0.0,0.0,0.0,0.0,0.0,0.0,0.0,0.0,0.0,0.0,0.0,0.0,0.0,0.0,0.0,0.0,0.0,0.0,0.0,0.0,0.0,0.0,0.0,0.0,0.0,0.0,0.0,0.0,0.0,0.0,0.0,0.0,0.0,6.329916477203369,0.0,0.0,0.0,0.0,0.0,0.0,0.0,0.0,0.0,0.0,8.391275405883789,0.0,0.0,0.0,0.0,0.0,21.313093185424805,0.0,0.0,0.0,0.0,0.0,0.0,0.0,0.0,60.57270431518555,13.867266654968262,0.0,0.0,0.0,0.0,0.0,0.0,0.0,0.0,0.0,0.0,0.0,0.0,0.0,0.0,0.0,0.0,0.0,0.0,0.0,0.0,0.0,0.0,0.0,0.0,0.0,0.0,0.0,0.0,0.0,0.0,0.0,0.0,0.0,0.0,0.0,0.0,0.0,0.0,0.0,0.0,0.0,0.0,0.0,1.6326913833618164,0.0,65.36896514892578,0.0,0.0,0.0,0.0,5.192931652069092,0.0,0.0,0.0,0.0,0.0,0.0,0.0,0.0,0.0,0.0,0.0,0.0,0.0,0.0,0.0,0.0,0.0,0.0,0.0,0.0,0.0,0.0,0.0,0.0,0.0,0.0,0.0,0.0,0.0,0.0,0.0,0.0,0.0,0.0,0.0,0.0,0.0,0.0,0.0,0.0,0.0,0.0,0.0,21.538658142089844,0.9906328916549683,0.0,0.0,0.0,0.0,0.0,0.0,0.0,0.0,0.0,0.0,0.0,0.0,0.0,0.0,0.0,0.0,0.0,0.0,0.0,0.0,0.0,0.0,0.0,0.0,0.0,0.0,0.0,0.0,0.0,0.0,0.0,0.0,0.0,0.0,0.0,0.0,0.0,0.0,0.0,0.0,0.0,0.0,0.0,0.0,0.0,0.0,0.0,0.0,0.0,0.0,0.0,0.0,0.0,0.0,0.0,0.0,0.0,0.0,0.0,0.0,0.0,0.0,0.0,0.0,0.0,0.0,0.0,0.0,0.0,0.0,0.0,0.0,0.0,0.0,0.0,0.0,0.0,0.0,0.0,0.0,0.0,0.0,0.0,0.0,0.0,0.0,0.0,0.0,0.0,0.0,0.0,0.0,0.0,0.0,0.0,0.0,0.0,0.0,0.0,0.0,0.0,0.0,0.0,0.0,0.0,0.0,0.0,0.0,0.0,0.0,0.0,0.0,0.0,0.0,0.0,0.0,0.0,0.0,0.0,0.0,0.0,0.0,0.0,0.0,0.0,0.0,0.0,0.0,0.0,0.0,0.0,0.0,0.0,0.0,0.0,0.0,0.0,0.0,0.0,0.0,0.0,0.0,0.0,0.0,0.0,0.0,0.0,0.0,0.0,0.0,0.0,0.0,0.0,0.0,0.0,0.0,0.0,0.0,0.0,0.0,0.0,0.0,0.0,0.0,0.0,0.0,0.0,0.0,0.0,0.0,0.0,0.0,0.0,0.0,0.0,0.0,0.0,23.427738189697266,0.0,0.0,0.0,0.0,0.0,0.0,0.0,0.0,0.0,0.0,0.0,0.0,0.0,0.0,0.0,0.0,0.0,0.0,0.0,0.0,0.0,0.0,0.0,0.0,0.0,0.0,0.0,0.0,0.0,0.0,0.0,0.0,0.0,0.0,0.0,0.0,0.0,0.0,0.0,0.0,0.0,0.0,0.0,0.0,0.0,0.0,0.0,0.0,0.0,0.0,0.0,0.0,0.0,0.0,0.0,0.0,0.0,0.0,0.0,0.0,0.0,0.0,0.0,0.0,0.0,0.0,0.0,0.0,0.0,0.0,0.0,0.0,0.0,0.0,0.0,0.0,0.0,0.0,0.0,0.0,0.0,0.0,0.0,0.0,0.0,0.0,0.0,0.0,0.0,0.0,0.0,0.0,0.0,0.0,0.0,0.0,0.0,0.0,0.0,0.0,0.0,0.0,0.0,0.0,0.0,0.0,0.0,0.0,0.0,0.0,0.0,0.0,0.0,0.0,0.0,0.0,0.0,0.0,0.0,0.0,0.0,0.0,0.0,0.0,0.0,0.0,0.0,0.0,0.0,0.0,0.0,0.0,0.0,0.0,0.0,0.0,0.0,0.0,0.0,0.0,0.0,0.0,0.0,0.0,0.0,0.0,0.0,0.0,0.0,0.0,0.0,0.0,0.0,0.0,0.0,0.0,0.0,0.0,0.0,0.0,0.0,0.0,0.0,0.0,0.0,0.0,0.0,0.0,0.0,0.0,0.0,0.0,0.0,0.0,0.0,0.0,0.0,0.0,0.0,0.0,0.0,0.0,0.0,0.0,0.0,0.0,0.0,0.0,0.0,0.0,0.0,0.0,0.0,0.0,0.0,0.0,0.0,0.0,0.0,0.0,0.0,0.0,0.0,0.0,0.0,0.0,0.0,0.0,0.0,0.0,0.0,0.0,0.0,0.0,0.0,0.0,0.0,0.0,0.0,0.0,0.0,0.0,0.0,0.0,0.0,0.0,0.0,0.0,0.0,0.0,0.0,0.0,0.0,0.0,0.0,0.0,0.0,14.49598217010498,0.0,0.0,0.0,0.0,0.0,0.0,0.0,0.0,0.0,0.0,0.0,0.0,0.0,0.0,0.0,0.0,0.0,0.0,0.0,0.0,0.0,0.0,0.0,0.0,0.0,0.0,0.0,0.0,0.0,0.0,0.0,0.0,0.0,0.0,0.0,0.0,0.0,0.0,0.0,0.0,0.0,0.0,0.0,0.0,0.0,57.960899353027344,0.0,0.0,0.0,0.0,0.0,0.0,0.0,0.0,0.0,0.0,0.0,0.0,0.0,0.0,0.0,0.0,0.0,0.0,0.0,0.0,0.0,0.0,0.0,0.0,0.0,0.0,0.0,0.0,0.0,0.0,0.0,0.0,0.0,0.0,0.0,0.0,0.0,0.0,0.0,0.0,0.0,0.0,0.0,0.0,0.0,0.0,0.0,0.0,0.0,0.0,0.0,0.0,0.0,0.0,0.0,0.0,0.0,0.0,0.0,0.0,0.0,0.0,0.0,0.0,0.0,0.0,0.0,0.0,0.0,0.0,0.0,0.0,0.0,0.0,0.0,0.0,0.0,0.0,0.0,0.0,0.0,0.0,0.0,0.0,0.0,0.0,0.0,0.0,0.0,0.0,0.0,0.0,0.0,0.0,0.0,0.0,0.0,0.0,0.0,0.0,0.0,0.0,0.0,0.0,0.0,0.0,0.0,0.0,0.0,0.0,0.0,0.0,0.0,0.0,0.0,0.0,0.0,0.0,0.0,0.0,0.0,0.0,0.0,0.0,0.0,0.0,0.0,0.0,0.0,0.0,0.0,0.0,0.0,0.0,0.0,0.0,0.0,0.0,0.0,0.0,0.0,0.0,0.0,0.0,0.0,0.0,0.0,0.0,0.0,0.0,0.0,0.0,0.0,0.0,0.0,0.0,0.0,0.0,0.0,0.0,0.0,0.0,0.0,0.0,0.0,0.0,0.0,0.0,0.0,0.0,0.0,0.0,0.0,0.0,0.0,0.0,0.0,0.0,0.0,0.0,0.0,0.0,0.0,0.0,0.0,0.0,0.0,0.0,0.0,0.0,0.0,0.0,0.0,0.0,0.0,0.0,0.0,0.0,0.0,0.0,0.0,0.0,0.0,0.0,0.0,0.0,0.0,0.0,0.0,0.0,0.0,0.0,0.0,0.0,0.0,0.0,0.0,0.0,0.0,0.0,0.0,0.0,0.0,0.0,0.0,0.0,0.0,28.527437210083008,0.0,0.0,0.0,0.0,0.0,0.0,0.0,0.0,0.0,0.0,0.0,0.0,0.0,0.0,0.0,0.0,0.0,0.0,0.0,0.0,0.0,0.0,0.0,0.0,0.0,0.0,0.0,0.0,0.0,0.0,0.0,0.0,0.0,0.0,0.0,0.0,0.0,0.0,0.0,0.0,0.0,0.0,0.0,0.0,0.0,0.0,0.0,0.0,0.0,0.0,0.0,0.0,0.0,0.0,0.0,0.0,0.0,0.0,0.0,0.0,0.0,0.0,0.0,0.0,0.0,0.0,0.0,0.0,0.0,0.0,0.0,0.0,0.0,0.0,0.0,0.0,0.0,0.0,0.0,0.0,0.0,0.0,0.0,0.0,0.0,0.0,0.0,0.0,0.0,0.0,0.0,0.0,0.0,0.0,0.0,0.0,0.0,0.0,0.0,0.0,0.0,0.0,0.0,0.0,0.0,0.0,0.0,0.0,0.0,0.0,0.0,0.0,0.0,0.0,1.0005598068237305,0.0,0.0,0.0,0.0,0.0,0.0,0.0,0.0,0.0,0.0,0.0,0.0,0.0,0.0,0.0,0.0,0.0,0.0,0.0,0.0,0.0,0.0,0.0,0.0,0.0,0.0,0.0,0.0,0.0,0.0,0.0,0.0,0.0,0.0,0.0,0.0,0.0,0.0,0.0,0.0,0.0,0.0,0.0,0.0,0.0,0.0,0.0,0.0,0.0,0.0,0.0,0.0,0.0,5.107895851135254,0.0,0.0,0.0,0.0,0.0,0.0,0.0,0.0,0.0,0.0,0.0,0.0,0.0,0.0,0.0,0.0,0.0,0.0,0.0,0.0,0.0,0.0,0.0,0.0,0.0,0.0,0.0,0.0,0.0,0.0,0.0,0.0,0.0,0.0,0.0,0.0,0.0,0.0,0.0,0.0,0.0,0.0,0.0,0.0,0.0,0.0,0.0,0.0,0.0,0.0,0.0,0.0,0.0,0.0,0.0,0.0,0.0,0.0,17.110454559326172,0.0,0.0,0.0,0.0,0.0,0.0,0.0,0.0,0.0,0.0,0.0,0.0,0.0,0.0,0.0,0.0,0.0,0.0,0.0,0.0,0.0,0.0,0.0,0.0,0.0,0.0,0.0,0.0,0.0,0.0,0.0,0.0,5.16982364654541,0.0,0.0,0.0,0.0,0.0,0.0,0.0,0.0,0.0,0.0,0.0,0.0,0.0,0.0,0.0,0.0,0.0,0.0,0.0,0.0,0.0,0.0,32.72019958496094,0.0,0.0,0.0,0.0,13.447280883789062,0.0,0.0,0.0,0.0,0.0,0.0,0.0,0.0,0.0,0.0,0.0,0.0,0.0,0.0,0.0,0.0,0.0,0.0,0.0,0.0,0.0,0.0,0.0,0.0,0.0,0.0,0.0,0.0,0.0,0.0,0.0,0.0,0.0,0.0,0.0,0.0,0.0,0.0,0.0,0.0,0.0,0.0,0.0,0.0,8.800132751464844,0.0,0.0,0.0,0.0,0.0,0.0,0.0,0.0,0.0,0.0,0.0,0.0,0.0,0.0,0.0,0.0,0.0,0.0,0.0,0.0,0.0,0.0,24.22821807861328,0.0,0.0,0.0,0.0,0.0,0.0,0.0,0.0,0.0,0.0,0.0,0.0,0.0,0.0,0.0,0.0,0.0,0.0,0.0,0.0,0.0,0.0,0.0,0.0,0.0,0.0,0.0,0.0,0.0,0.0,0.0,0.0,0.0,0.0,0.0,0.0,0.0,0.0,0.0,0.0,0.0,0.0,0.0,0.0,0.0,0.0,0.0,0.0,0.0,0.0,0.0,0.0,0.0,0.0,0.0,0.0,0.0,0.0,4.805276870727539,0.0,0.0,0.0,0.0,0.0,0.0,0.0,0.0,0.0,0.0,0.0,0.0,0.0,0.0,0.0,0.0,0.0,0.0,0.0,0.0,0.0,0.0,0.0,0.0,0.0,0.0,0.0,0.0,0.0,0.0,0.0,0.0,0.0,0.0,0.0,0.0,0.0,0.0,0.0,0.0,0.0,0.0,0.0,0.0,0.0,0.0,0.0,0.0,0.0,0.0,0.0,0.0,0.0,0.0,0.0,0.0,0.0,0.0,0.0,0.0,0.0,0.0,0.0,0.0,0.0,0.0,0.0,0.0,0.0,0.0,0.0,0.0,0.0,0.0,0.0,0.0,0.0,0.0,0.0,0.0,0.0,0.0,0.0,0.0,0.0,0.0,0.0,0.0,0.0,0.0,0.0,0.0,0.0,0.0,0.0,27.02970314025879,0.0,0.0,0.0,0.0,0.0,0.0,0.0,0.0,0.0,0.0,0.0,0.0,0.0,0.0,0.0,0.0,0.0,0.0,0.0,0.0,0.0,0.0,0.0,0.0,0.0,0.0,0.0,0.0,0.0,0.0,0.0,0.0,0.0,0.0,0.0,0.0,0.0,0.0,0.0,0.0,0.0,0.0,0.0,0.0,0.0,0.0,0.0,0.0,0.0,0.0,0.0,0.0,0.0,0.0,0.0,30.67302703857422,0.0,0.0,0.0,0.0,0.0,0.0,0.0,0.0,0.0,0.0,0.0,0.0,0.0,0.0,0.0,0.0,0.0,0.0,1.0129977464675903,0.0,0.0,3.7188732624053955,0.0,0.0,0.0,0.0,0.0,0.0,0.0,0.0,0.0,0.0,0.0,0.0,0.0,0.0,0.0,0.0,0.0,0.0,0.0,0.0,0.0,0.0,0.0,0.0,0.0,0.0,0.0,0.0,0.0,0.0,0.0,0.0,0.0,0.0,0.0,0.0,48.5759162902832,0.0,0.0,0.0,0.0,0.0,0.0,0.0,0.0,0.0,0.0,0.0,0.0,0.0,0.0,0.0,0.0,0.0,0.0,0.0,0.0,0.0,0.0,0.0,0.0,0.0,0.0,0.0,0.0,0.0,0.0,0.0,0.0,0.0,0.0,0.0,0.0,0.0,0.0,0.0,0.0,0.0,0.0,0.0,0.0,0.0,0.0,0.0,0.0,0.0,0.0,0.0,0.0,0.0,0.0,0.0,0.0,0.0,0.0,0.0,0.0,0.0,0.0,0.0,0.0,0.0,0.0,0.0,0.0,0.0,0.0,0.0,0.0,0.0,0.0,0.0,0.0,0.0,0.0,0.0,0.0,0.0,0.0,0.0,0.0,0.0,0.0,0.0,0.0,0.0,0.0,0.0,0.0,0.0,0.0,0.0,0.0,0.0,0.0,0.0,0.0,0.0,0.0,0.0,0.0,0.0,0.0,0.0,0.0,0.0,0.0,0.0,0.0,14.553322792053223,0.0,0.0,0.0,0.0,0.0,0.0,0.0,0.0,0.0,0.0,0.0,0.0,0.0,0.0,0.0,0.0,0.0,0.0,0.0,0.0,0.0,0.0,0.0,0.0,0.0,0.0,0.0,0.0,0.0,0.0,0.0,0.0,14.784441947937012,0.0,0.0,0.0,0.0,0.0,0.0,0.0,0.0,0.0,0.0,0.0,0.0,0.0,0.0,0.0,0.0,0.0,0.0,0.0,0.0,0.0,0.0,33.383705139160156,0.0,0.0,0.0,0.0,8.531484603881836,0.0,0.0,0.0,0.0,0.0,0.0,0.0,0.0,0.0,0.0,0.0,0.0,0.0,0.0,0.0,0.0,0.0,0.0,0.0,0.0,0.0,0.0,0.0,0.0,0.0,0.0,0.0,0.0,0.0,0.4711560606956482,0.0,0.0,0.0,0.0,0.0,0.0,0.0,0.0,0.0,0.0,0.0,0.0,0.0,0.0,26.256511688232422,0.0,0.0,0.0,0.0,0.0,0.0,0.0,0.0,0.0,0.0,0.0,0.0,0.0,0.0,0.0,0.0,0.0,0.0,0.0,0.0,0.0,0.0,19.89797592163086,0.0,0.0,0.0,0.0,0.0,0.0,0.0,0.0,0.0,0.0,0.0,0.0,0.0,0.0,0.0,0.0,0.0,0.0,0.0,0.0,0.0,0.0,0.0,0.0,0.0,0.0,0.0,0.0,0.0,0.0,0.0,0.0,0.0,0.0,0.0,0.0,0.0,0.0,0.0,0.0,0.0,0.0,0.0,0.0,0.0,0.0,0.0,0.0,0.0,0.0,0.0,0.0,0.0,0.0,0.0,0.0,0.0,0.0,0.0,0.0,0.0,0.0,0.0,0.0,0.0,0.0,0.0,0.0,0.0,0.0,0.0,0.0,0.0,0.0,0.0,0.0,0.0,0.0,0.0,0.0,0.0,0.0,0.0,0.0,0.0,0.0,0.0,0.0,0.0,0.0,0.0,0.0,0.0,0.0,0.0,0.0,0.0,0.0,0.0,0.0,0.0,0.0,0.0,0.0,0.0,0.0,0.0,0.0,0.0,0.0,0.0,0.0,0.0,0.0,0.0,0.0,0.0,0.0,0.0,0.0,0.0,0.0,0.0,0.0,0.0,0.0,0.0,0.0,0.0,0.0,0.0,0.0,0.0,0.0,0.0,0.0,0.0,0.0,0.0,0.0,0.0,0.0,0.0,0.0,0.0,0.0,0.0,0.0,0.0,0.0,0.0,0.0,0.0,0.0,26.756542205810547,0.0,0.0,0.0,0.0,0.0,0.0,0.0,0.0,0.0,0.0,0.0,0.0,0.0,0.0,0.0,0.0,0.0,0.0,0.0,0.0,0.0,0.0,0.0,0.0,0.0,0.0,0.0,0.0,0.0,0.0,0.0,0.0,0.0,0.0,0.0,0.0,0.0,0.0,0.0,0.0,0.0,0.0,0.0,0.0,0.0,0.0,0.0,0.0,0.0,0.0,0.0,0.0,0.0,0.0,0.0,0.0,0.0,0.0,0.0,0.0,0.0,0.0,0.0,0.0,0.0,0.0,0.0,0.0,0.0,0.0,0.0,0.0,0.0,0.0,0.0,0.0,0.0,0.0,0.0,0.0,0.0,0.0,0.0,0.0,0.0,0.0,0.0,0.0,0.0,0.0,0.0,0.0,0.0,0.0,0.0,0.0,0.0,0.0,0.0,0.0,0.0,0.0,0.0,0.0,0.0,0.0,0.0,0.0,0.0,0.0,0.0,0.0,0.0,0.0,0.0,0.0,0.0,0.0,0.0,0.0,0.0,0.0,0.0,0.0,0.0,0.0,0.0,0.0,0.0,0.0,0.0,0.0,0.0,0.0,0.0,0.0,0.0,0.0,0.0,0.0,0.0,0.0,0.0,0.0,0.0,0.0,0.0,0.0,0.0,0.0,0.0,0.0,0.0,0.0,0.0,0.0,0.0,0.0,0.0,0.0,0.0,0.0,0.0,0.0,0.0,0.0,0.0,0.0,4.756942272186279,0.0,0.0,0.0,0.0,0.0,0.0,0.0,0.0,0.0,0.0,0.0,0.0,0.0,0.0,0.0,0.0,0.0,0.0,0.0,0.0,0.0,0.0,0.0,0.0,0.0,0.0,0.0,0.0,0.0,0.0,0.0,0.0,0.0,0.0,0.0,0.0,0.0,0.0,0.0,0.0,0.0,0.0,0.0,0.0,0.0,0.0,0.0,0.0,0.0,0.0,0.0,0.0,0.0,0.0,0.0,0.0,0.0,0.0,2.870748519897461,0.0,0.0,0.0,0.0,0.0,0.0,0.0,0.0,0.0,0.0,0.0,0.0,0.0,0.0,0.0,0.0,0.0,0.0,0.0,0.0,0.0,0.0,0.0,0.0,0.0,0.0,0.0,0.0,0.0,0.0,0.0,0.0,0.0,0.0,0.0,0.0,0.0,0.0,0.0,0.0,0.0,0.0,0.0,0.0,0.0,0.0,0.0,0.0,0.0,0.0,0.0,0.0,0.0,0.0,0.0,0.0,0.0,0.0,0.0,0.0,0.0,0.0,0.0,0.0,0.0,0.0,0.0,0.0,0.0,0.0,0.0,0.0,0.0,0.0,0.0,0.0,0.0,0.0,0.0,0.0,0.0,0.0,0.0,0.0,0.0,0.0,0.0,0.0,0.0,0.0,0.0,0.0,0.0,0.0,0.0,0.0,0.0,0.0,0.0,0.0,0.0,0.0,0.0,0.0,0.0,16.97234535217285,0.0,0.0,0.0,0.0,0.0,0.0,0.0,0.0,0.0,0.0,0.0,0.0,0.0,0.0,0.0,0.0,0.0,0.0,0.0,0.0,0.0,0.0,0.0,0.0,0.0,0.0,0.0,0.0,0.0,0.0,0.0,0.0,0.0,0.0,0.0,0.0,0.0,0.0,0.0,0.0,0.0,0.0,0.0,0.0,0.0,0.0,0.0,0.0,0.0,0.0,0.0,0.0,0.0,0.0,0.0,0.0,0.0,0.0,0.0,0.0,0.0,0.0,0.0,0.0,0.0,0.0,0.0,0.0,0.0,0.0,0.0,0.0,0.0,0.0,0.0,0.0,0.0,0.0,0.0,0.0,0.0,0.0,0.0,0.0,0.0,0.0,0.0,0.0,0.0,0.0,0.0,0.0,0.0,0.0,0.0,0.0,0.0,0.0,0.0,0.0,0.0,0.0,0.0,0.0,0.0,0.0,0.0,0.0,0.0,0.0,0.0,0.0,0.0,0.0,0.0,0.0,0.0,0.0,0.0,0.0,0.0,0.0,0.0,0.0,0.0,0.0,0.0,0.0,0.0,0.0,0.0,0.0,0.0,0.0,0.0,0.0,0.0,0.0,0.0,0.0,0.0,0.0,0.0,0.0,0.0,0.0,0.0,0.0,0.0,0.0,0.0,0.0,0.0,0.0,0.0,0.0,0.0,0.0,0.0,0.0,0.0,0.0,0.0,0.0,0.0,0.0,0.0,0.0,0.0,0.0,0.0,0.0,0.0,0.0,0.0,0.0,0.0,15.803582191467285,0.0,0.0,0.0,0.0,0.0,0.0,0.0,0.0,0.0,0.0,0.0,0.0,0.0,0.0,0.0,0.0,0.0,0.0,0.0,0.0,0.0,0.0,0.0,0.0,0.0,0.0,0.0,0.0,0.0,0.0,0.0,0.0,0.0,0.0,0.0,0.0,0.0,0.0,0.0,0.0,0.0,0.0,0.0,0.0,0.0,0.0,0.0,0.0,0.0,0.0,0.0,0.0,0.0,0.0,0.0,0.0,0.0,0.0,0.0,0.0,0.0,0.0,0.0,0.0,0.0,0.0,0.0,0.0,0.0,0.0,0.0,0.0,0.0,0.0,0.0,0.0,0.0,0.0,0.0,0.0,0.0,0.0,0.0,0.0,0.0,0.0,0.0,0.0,0.0,0.0,0.0,0.0,0.0,0.0,0.0,0.0,0.0,0.0,0.0,0.0,0.0,0.0,0.0,0.0,0.0,0.0,0.0,0.0,0.0,0.0,0.0,0.0,0.0,0.0,0.0,0.0,0.0,0.0,0.0,0.0,0.0,0.0,0.0,0.0,0.0,0.0,0.0,0.0,0.0,0.0,0.0,0.0,0.0,0.0,0.0,0.0,0.0,0.0,0.0,0.0,0.0,0.0,0.0,0.0,0.0,0.0,0.0,0.0,0.0,0.0,0.0,0.0,0.0,0.0,0.0,0.0,0.0,0.0,0.0,0.0,0.0,0.0,0.0,0.0,0.0,0.0,0.0,0.0,0.0,0.0,0.0,0.0,0.0,0.0,0.0,0.0,0.0,0.0,0.0,0.0,0.0,0.0,0.0,0.0,0.0,0.0,0.0,0.0,0.0,0.0,0.0,0.0,0.0,0.0,0.0,0.0,0.0,0.0,0.0,0.0,0.0,0.0,0.0,0.0,0.0,0.0,0.0,0.0,0.0,0.0,0.0,0.0,0.0,0.0,0.0,0.0,0.0,0.0,0.0,0.0,0.0,0.0,0.0,0.0,0.0,0.0,0.0,0.0,0.0,0.0,0.0,0.0,0.0,0.0,0.0,0.0,0.0,0.0,0.0,0.0,0.0,0.0,0.0,0.0,0.0,0.0,0.0,0.0,0.0,0.0,0.0,0.0,0.0,0.0,0.0,0.0,0.0,0.0,0.0,0.0,0.0,0.0,0.0,0.0,0.0,0.0,0.0,0.0,0.0,0.0,0.0,0.0,0.0,0.0,0.0,0.0,0.0,0.0,0.0,0.0,0.0,0.0,0.0,0.0,0.0,0.0,0.0,0.0,0.0,0.0,0.0,0.0,0.0,0.0,0.0,0.0,0.0,0.0,0.0,0.0,0.0,0.0,0.0,0.0,0.0,0.0,0.0,0.0,0.0,0.0,0.0,0.0,0.0,0.0,0.0,0.0,0.0,0.0,0.0,0.0,0.0,0.0,0.0,0.0,0.0,0.0,0.0,0.0,0.0,0.0,0.0,0.0,0.0,6.3620429039001465,0.0,0.0,0.0,0.0,0.0,0.0,0.0,0.0,0.0,0.0,0.0,0.0,0.0,0.0,0.0,0.0,0.0,0.0,0.0,0.0,0.0,0.0,0.0,0.0,0.0,0.0,0.0,0.0,0.0,0.0,0.0,0.0,0.0,0.0,0.0,0.0,0.0,0.0,0.0,0.0,0.0,0.0,0.0,0.0,0.0,0.0,0.0,0.0,0.0,0.0,0.0,0.0,0.0,0.0,0.0,0.0,0.0,0.0,0.0,0.0,0.0,0.0,0.0,0.0,0.0,0.0,0.0,0.0,0.0,0.0,0.0,0.0,7.853838920593262,0.0,0.0,0.0,0.0,0.0,0.0,0.0,0.0,0.0,0.0,0.0,0.0,0.0,0.0,0.0,0.0,0.0,0.0,0.0,0.0,0.0,0.0,0.0,0.0,0.0,0.0,0.0,0.0,0.0,0.0,0.0,0.0,0.0,0.0,0.0,0.0,0.0,0.0,0.0,0.0,0.0,0.0,0.0,0.0,0.0,0.0,0.0,0.0,0.0,0.0,0.0,0.0,0.0,0.0,0.0,0.0,0.0,0.0,0.0,0.0,0.0,0.0,0.0,0.0,0.0,7.274940013885498,0.0,0.0,0.0,0.0,0.0,0.0,0.0,0.0,0.0,0.0,0.0,0.0,0.0,0.0,0.0,0.0,0.0,0.0,0.0,0.0,0.0,0.0,0.0,0.0,0.0,0.0,0.0,0.0,0.0,0.0,0.0,0.0,0.0,0.0,0.0,0.0,0.0,0.0,0.0,0.0,0.0,0.0,0.0,0.0,0.0,0.0,0.0,0.0,0.0,0.0,0.0,0.0,0.0,0.0,0.0,0.0,0.0,0.0,0.0,0.0,0.0,0.0,0.0,0.0,0.0,0.0,0.0,0.0,0.0,0.0,0.0,0.0,0.0,0.0,0.0,0.0,0.0,0.0,0.0,0.0,0.0,0.0,0.0,0.0,0.0,0.0,0.0,0.0,0.0,0.0,0.0,0.0,0.0,0.0,0.0,0.0,0.0,0.0,0.0,0.0,0.0,0.0,0.0,0.0,0.0,0.0,22.92177963256836,0.0,0.0,0.0,0.0,0.0,0.0,0.0,0.0,0.0,0.0,0.0,0.0,0.0,0.0,0.0,0.0,0.0,0.0,0.0,0.0,0.0,0.0,5.303626537322998,0.0,0.0,0.0,0.0,0.0,0.0,0.0,0.0,0.0,0.0,0.0,0.0,0.0,0.0,0.0,0.0,0.0,0.0,0.0,0.0,0.0,0.0,0.0,0.0,0.0,0.0,0.0,0.0,0.0,0.0,0.0,0.0,0.0,0.0,0.0,0.0,0.0,0.0,0.0,0.0,0.0,0.0,0.0,0.0,0.0,0.0,0.0,0.0,0.0,0.0,0.0,0.0,0.0,0.0,0.0,0.0,0.0,0.0,0.0,0.0,0.0,0.0,0.0,0.0,0.0,0.0,0.0,0.0,0.0,0.0,0.0,0.0,0.0,0.0,0.0,0.0,0.0,0.0,0.0,0.0,0.0,0.0,0.0,0.0,0.0,0.0,0.0,0.0,0.0,0.0,0.0,0.0,0.0,0.0,0.0,0.0,0.0,0.0,0.0,0.0,0.0,0.0,0.0,0.0,0.0,0.0,0.0,0.0,0.0,0.0,0.0,0.0,0.0,0.0,0.0,0.0,0.0,0.0,0.0,0.0,0.0,0.0,0.0,0.0,0.0,0.0,0.0,0.0,0.0,0.0,0.0,0.0,0.0,0.0,0.0,0.0,0.0,0.0,0.0,0.0,0.0,0.0,0.0,0.0,0.0,0.0,0.0,0.0,0.0,0.0,0.0,0.0,0.0,0.0,0.0,0.0,0.0,0.0,0.0,0.0,0.0,0.0,0.0,0.0,0.0,0.0,0.0,0.0,0.0,0.0,0.0,0.0,0.0,0.0,0.0,0.0,0.0,0.0,0.0,0.0,0.0,0.0,0.0,0.0,0.0,0.0,0.0,0.0,0.0,0.0,0.0,0.0,22.88034439086914,0.0,0.0,0.0,0.0,35.2462272644043,0.0,0.0,0.0,0.0,0.0,0.0,0.0,0.0,0.0,0.0,0.0,0.0,0.0,0.0,0.0,0.0,0.0,0.0,0.0,0.0,0.0,0.0,0.0,0.0,0.0,0.0,0.0,0.0,0.0,0.0,0.0,0.0,0.0,0.0,0.0,0.0,0.0,0.0,0.0,0.0,0.0,0.0,0.0,0.0,0.0,0.0,0.0,0.0,0.0,0.0,0.0,0.0,0.0,0.0,0.0,0.0,0.0,0.0,0.0,0.0,14.66978645324707,0.0,0.0,0.0,0.0,0.0,0.0,0.0,0.0,0.0,0.0,0.0,0.0,0.0,0.0,0.0,0.0,0.0,0.0,0.0,0.0,0.0,0.0,0.0,0.0,0.0,0.0,0.0,0.0,0.0,0.0,0.0,0.0,0.0,0.0,0.0,0.0,0.0,0.0,0.0,0.0,0.0,0.0,6.184807300567627,0.0,0.0,0.0,0.0,0.0,0.0,0.0,0.0,0.0,0.0,0.0,0.0,0.0,0.0,0.0,0.0,0.0,0.0,0.0,0.0,0.0,0.0,0.0,0.0,0.0,0.0,0.0,0.0,0.0,0.0,0.0,0.0,0.0,0.0,0.0,0.0,0.0,0.0,0.0,0.0,0.0,0.0,0.0,0.0,0.0,0.0,0.0,0.0,0.0,0.0,0.0,0.0,0.0,0.0,0.0,1.545689344406128,0.0,0.0,0.0,0.0,0.0,0.0,0.0,0.0,0.0,0.0,0.0,0.0,0.0,0.0,0.0,0.0,0.0,0.0,0.0,0.0,12.68233871459961,0.0,0.0,7.176503658294678,0.0,0.0,0.0,0.0,0.0,0.0,0.0,0.0,0.0,0.0,0.0,0.0,0.0,15.967144012451172,0.0,0.0,0.0,0.0,0.0,0.0,0.0,0.0,0.0,0.0,0.0,0.0,0.0,0.0,0.0,0.0,0.0,0.0,0.0,0.0,0.0,0.0,0.0,0.0,0.0,7.440649032592773,0.0,0.0,0.0,0.0,0.0,0.0,0.0,0.0,0.0,0.0,0.0,0.0,0.0,0.0,0.0,0.0,0.0,0.0,0.0,0.0,0.0,0.0,0.0,0.0,0.0,0.0,0.0,0.0,0.0,0.0,0.0,0.0,0.0,0.0,0.0,0.0,0.0,0.0,0.0,0.0,0.0,0.0,0.0,0.0,0.0,0.0,0.0,0.0,0.0,0.0,0.0,0.0,0.0,0.0,0.0,0.0,0.0,0.0,0.0,0.0,0.0,0.0,0.0,0.0,0.0,0.0,11.613195419311523,0.0,0.0,0.0,0.0,0.0,0.0,0.0,0.0,0.0,0.0,0.0,0.0,0.0,0.0,0.0,0.0,0.0,0.0,0.0,0.0,0.0,0.0,0.0,0.0,0.0,0.0,0.0,0.0,7.1742730140686035,0.0,0.0,0.0,0.0,0.0,0.0,0.0,0.0,0.0,0.0,0.0,0.0,0.0,0.0,0.0,0.0,0.0,0.0,0.0,0.0,0.0,0.0,0.0,0.0,0.0,0.0,0.0,0.0,24.353992462158203,0.0,0.0,0.0,0.0,0.0,0.0,0.0,0.0,0.0,0.0,0.0,0.0,0.0,0.0,0.0,0.0,0.0,0.0,0.0,0.0,0.0,0.0,0.0,0.0,0.0,0.0,0.0,0.0,0.0021456629037857056,0.0,0.0,0.0,0.0,0.0,0.0,0.0,0.0,0.0,0.0,0.0,0.0,0.0,50.60383987426758,0.0,0.0,0.0,0.0,0.0,0.0,0.0,0.0,0.0,0.0,0.0,0.0,0.0,0.0,0.0,0.0,0.0,0.0,0.0,0.0,0.0,0.0,0.0,0.0,0.0,0.0,0.0,0.0,0.0,0.0,0.0,0.0,0.0,0.0,0.0,0.0,0.0,0.0,0.0,0.0,7.332394123077393,0.0,0.0,0.0,0.0,0.0,0.0,0.0,0.0,12.452507019042969,0.0,0.0,0.693410336971283,0.0,0.0,8.073198318481445,0.0,0.0,3.3954415321350098,0.0,0.0,0.0,0.0,0.0,0.0,0.0,0.0,0.0,28.009700775146484,0.0,0.0,3.9848387241363525,0.0,0.0,0.0,0.0,0.0,0.0,0.0,0.0,0.0,0.0,0.0,0.0,0.0,0.0,0.0,0.0,0.0,0.0,0.0,0.0,0.0,0.0,0.0,0.0,0.0,0.0,0.0,0.0,0.0,0.0,0.0,0.0,0.0,0.0,0.0,0.0,0.0,0.0,0.0,0.0,11.796213150024414,0.0,10.430112838745117,0.0,0.0,0.0,0.0,6.902441024780273,0.0,0.0,0.0,0.0,0.0,0.0,0.0,0.0,0.0,0.0,0.0,0.0,0.0,0.0,6.476380825042725,3.0176444053649902,0.0,0.0,0.0,0.0,3.1921303272247314,0.0,0.0,0.0,0.0,0.0,0.0,0.0,0.0,0.0,0.0,7.046571731567383,0.0,0.0,0.0,0.0,0.0,0.0,0.0,0.0,0.0,0.0,0.0,0.0,0.0,0.0,0.0,0.0,0.0,0.0,0.0,0.0,0.0,0.0,0.0,0.0,0.0,0.0,0.0,0.0,0.0,0.0,0.0,0.0,0.0,0.0,0.0,0.0,0.0,0.0,0.0,0.0,0.0,0.0,0.0,0.0,0.0,0.0,0.0,0.0,0.0,0.0,0.0,0.0,0.0,0.0,0.0,0.0,0.0,0.0,0.0,0.0,0.0,0.0,0.0,0.0,0.0,0.0,0.0,0.0,0.0,0.0,0.0,0.0,0.0,0.0,0.0,0.0,0.0,0.0,0.0,0.0,0.0,0.0,0.0,0.0,0.0,0.0,0.0,0.0,0.0,0.0,0.0,0.0,0.0,0.0,0.0,0.0,0.0,0.0,0.0,0.0,0.0,0.0,0.0,0.0,0.0,0.0,0.0,0.0,0.0,0.0,0.0,0.0,0.0,0.0,0.0,0.0,0.0,0.0,0.0,0.0,0.0,0.0,0.0,0.0,0.0,0.0,0.0,0.0,0.0,0.0,0.0,0.0,0.0,0.0,0.0,0.0,0.0,0.0,0.0,0.0,0.0,0.0,0.0,0.0,0.0,0.0,0.0,0.0,0.0,0.0,0.0,0.0,0.0,0.0,0.0,0.0,0.0,0.0,0.0,0.0,0.0,0.0,0.0,0.0,0.0,0.0,0.0,0.0,0.0,0.0,0.0,0.0,0.0,0.0,0.0,0.0,0.0,0.0,0.0,0.0,0.0,0.0,0.0,0.0,0.0,0.0,0.0,0.0,0.0,0.0,0.0,0.0,0.0,0.0,0.0,0.0,0.0,0.0,0.0,0.0,0.0,0.0,0.0,0.0,0.0,0.0,0.0,0.0,0.0,0.0,0.0,0.0,0.0,0.0,0.0,0.0,0.0,0.0,0.0,0.0,0.0,0.0,0.0,0.0,0.0,0.0,0.0,0.0,0.0,0.0,0.0,0.0,0.0,0.0,0.0,0.0,0.0,0.0,0.0,0.0,0.0,0.0,0.0,0.0,0.0,0.0,0.0,0.0,0.0,0.0,0.0,0.0,0.0,0.0,0.0,0.0,0.0,0.0,15.34579849243164,0.0,0.0,0.0,0.0,0.0,0.0,0.0,0.0,0.0,0.0,0.0,0.0,0.0,0.0,0.0,0.0,0.0,0.0,0.0,0.0,0.0,0.0,0.0,0.0,0.0,0.0,0.0,0.0,0.0,0.0,0.0,0.0,0.0,0.0,0.0,0.0,0.0,0.0,0.0,0.0,0.0,0.0,0.0,0.0,31.27125358581543,0.0,0.0,0.0,0.0,0.0,0.0,0.0,0.0,0.0,0.0,0.0,0.0,0.0,0.0,0.0,0.0,0.0,0.0,0.0,0.0,0.0,0.0,0.0,0.0,0.0,0.0,0.0,0.0,0.0,0.0,0.0,0.0,0.0,0.0,0.0,0.0,0.0,0.0,0.0,0.0,0.0,0.0,0.0,0.0,0.0,0.0,0.0,0.0,0.0,0.0,0.0,0.0,0.0,0.0,0.0,0.0,0.0,0.0,0.0,0.0,0.0,0.0,0.0,0.0,0.0,0.0,0.0,0.0,0.0,0.0,0.0,0.0,0.0,0.0,0.0,0.0,0.0,0.0,0.0,0.0,0.0,0.0,0.0,0.0,0.0,0.0,0.0,0.0,0.0,0.0,0.0,0.0,0.0,0.0,0.0,0.0,0.0,0.0,0.0,0.0,0.0,0.0,0.0,0.0,0.0,0.0,0.0,0.0,0.0,0.0,0.0,0.0,0.0,0.0,0.0,0.0,0.0,0.0,0.0,0.0,0.0,0.0,0.0,0.0,25.660125732421875,0.0,0.0,0.0,0.0,0.0,0.0,0.0,0.0,0.0,0.0,0.0,0.0,0.0,0.0,0.0,0.0,0.0,0.0,0.0,0.0,0.0,0.0,0.0,0.0,0.0,0.0,0.0,0.0,0.0,0.0,0.0,0.0,0.0,0.0,0.0,0.0,0.0,0.0,0.0,0.0,0.0,0.0,0.0,0.0,0.0,73.6512451171875,0.0,0.0,0.0,0.0,6.37974739074707,0.0,0.0,0.0,0.0,0.0,0.0,0.0,0.0,0.0,0.0,0.0,0.0,0.0,0.0,0.0,0.0,0.0,0.0,0.0,0.0,0.0,0.0,0.0,0.0,0.0,0.0,0.0,0.0,0.0,0.0,0.0,0.0,0.0,0.0,0.0,0.0,0.0,0.0,0.0,0.0,0.0,0.0,0.0,0.0,0.0,0.0,0.0,0.0,0.0,0.0,0.0,0.0,0.0,0.0,0.0,0.0,0.0,0.0,0.0,0.0,0.0,0.0,0.0,0.0,0.0,0.0,0.0,0.0,0.0,0.0,0.0,0.0,0.0,0.0,0.0,0.0,0.0,0.0,0.0,0.0,0.0,0.0,0.0,0.0,0.0,0.0,0.0,0.0,0.0,0.0,0.0,0.0,0.0,0.0,0.0,0.0,0.0,0.0,0.0,0.0,0.0,0.0,0.0,0.0,0.0,0.0,0.0,0.0,0.0,0.0,0.0,0.0,0.0,0.0,0.0,0.0,0.0,0.0,0.0,0.0,0.0,0.0,0.0,0.0,0.0,0.0,0.0,0.0,0.0,0.0,0.0,0.0,0.0,0.0,0.0,0.0,0.0,0.0,0.0,0.0,0.0,0.0,0.0,0.0,0.0,0.0,0.0,0.0,0.0,0.0,0.0,0.0,0.0,0.0,0.0,0.0,0.0,0.0,0.0,0.0,0.0,0.0,0.0,0.0,0.0,0.0,0.0,0.0,0.0,0.0,0.0,0.0,0.0,0.0,0.0,0.0,0.0,0.0,0.0,0.0,0.0,0.0,0.0,0.0,0.0,0.0,0.0,0.0,0.0,0.0,0.0,0.0,0.0,0.0,0.0,0.0,0.0,0.0,0.0,0.0,0.0,0.0,0.0,0.0,0.0,0.0,0.0,9.367859840393066,0.0,0.0,0.0,0.0,0.0,0.0,0.0,0.0,0.0,0.0,0.0,0.0,0.0,0.0,1.0282245874404907,0.0,0.0,0.0,4.479349613189697,0.0,0.0,0.0,0.0,0.0,0.0,0.0,0.0,0.0,0.0,0.0,0.0,0.0,0.0,1.0447545051574707,0.0,0.0,0.0,0.0,0.0,0.0,0.0,0.0,0.0,0.0,0.0,0.0,0.0,0.0,0.0,0.0,0.0,0.0,0.0,0.0,0.0,0.0,0.0,0.0,0.0,0.0,0.0,0.0,0.0,0.0,0.0,0.0,0.0,0.0,0.0,0.0,0.0,0.0,0.0,0.0,0.0,0.0,0.0,0.0,0.0,0.0,0.0,0.0,30.646099090576172,0.0,0.0,0.0,0.0,0.0,3.4409310817718506,0.0,0.0,0.0,0.0,0.0,0.0,0.0,0.0,0.0,0.0,0.0,0.0,0.0,0.0,0.0,0.0,0.0,9.054868698120117,0.0,0.0,0.0,0.0,0.0,0.0,0.0,0.0,0.0,0.0,0.0,0.0,0.0,0.0,2.5242626667022705,0.0,0.0,0.0,0.0,0.0,8.089802742004395,0.0,0.0,0.0,0.0,0.0,0.0,0.0,0.0,0.0,0.0,0.0,0.0,0.0,0.0,0.0,0.0,0.0,0.0,0.0,0.0,0.0,0.0,0.0,0.0,0.0,0.0,0.0,0.0,4.587821006774902,0.0,0.0,0.0,0.0,0.0,0.0,0.0,0.0,0.0,0.0,0.0,0.0,0.0,0.0,0.0,0.0,0.0,0.0,0.0,0.0,0.0,0.0,0.0,0.0,0.0,0.0,29.129566192626953,0.0,0.0,0.0,0.0,0.0,0.0,0.0,0.0,0.0,0.0,0.0,0.0,0.0,0.0,0.0,0.0,0.0,0.0,0.0,0.0,0.0,0.0,0.0,0.0,0.0,0.0,0.0,0.0,0.0,0.0,0.0,0.0,0.0,0.0,0.0,1.9724897146224976,0.0,0.0,0.0,0.0,0.0,0.0,0.0,0.0,0.0,0.0,0.0,0.0,0.0,0.0,0.0,0.0,0.0,0.0,0.0,0.0,0.0,0.0,43.6129264831543,0.0,0.0,0.0,0.0,0.0,0.0,0.0,0.0,0.0,0.0,0.0,0.0,0.0,0.0,0.0,0.0,0.0,0.0,0.0,0.0,0.0,0.0,0.0,0.0,0.0,0.0,0.0,0.0,0.0,0.0,0.0,0.0,9.3369779586792,0.0,0.0,0.0,0.0,0.0,0.0,10.392449378967285,0.0,0.0,0.0,0.0,0.0,0.0,0.0,0.0,0.0,0.0,0.0,0.0,0.0,0.0,0.0,63.07857894897461,0.0,0.0,0.0,0.0,21.409666061401367,0.0,0.0,0.0,0.0,0.0,0.0,0.0,0.0,0.0,0.0,0.0,0.0,0.0,0.0,0.0,0.0,0.0,0.0,0.0,0.0,0.0,0.0,0.0,0.0,0.0,0.0,0.0,0.0,0.0,0.0,0.0,0.0,0.0,0.0,0.0,0.0,0.0,0.0,0.0,0.0,0.0,0.0,0.0,0.0,1.7127463817596436,0.0,0.0,0.0,0.0,0.0,0.0,0.0,0.0,0.0,0.0,0.0,0.0,0.0,0.0,0.0,0.0,0.0,0.0,0.0,0.0,0.0,0.0,0.0,0.0,0.0,0.0,0.0,0.0,0.0,0.0,0.0,0.0,0.0,0.0,0.0,0.0,0.0,0.0,0.0,0.0,0.0,0.0,0.0,0.0,0.0,0.0,0.0,0.0,0.0,0.0,0.0,0.0,0.0,0.0,0.0,0.0,0.0,0.0,0.0,0.0,0.0,0.0,0.0,0.0,0.0,0.0,0.0,0.0,0.0,0.0,0.0,0.0,0.0,0.0,0.0,0.0,0.0,0.0,0.0,0.0,0.0,0.0,0.0,0.0,0.0,0.0,0.0,0.0,0.0,0.0,0.0,0.0,0.0,0.0,0.0,0.0,0.0,0.0,0.0,0.0,0.0,0.0,0.0,0.0,0.0,0.0,0.0,0.0,0.0,0.0,0.0,0.0,0.0,0.0,0.0,0.0,0.0,0.0,0.0,0.0,0.0,0.0,0.0,0.0,0.0,0.0,0.0,0.0,0.0,0.0,0.0,0.0,0.0,0.0,0.0,0.0,0.0,0.0,0.0,0.0,0.0,0.0,0.0,0.0,0.0,0.0,0.0,0.0,0.0,0.0,0.0,0.0,0.0,0.0,0.0,0.0,0.0,0.0,0.0,0.0,0.0,0.0,12.300009727478027,0.0,0.0,0.0,0.0,0.0,0.0,0.0,0.0,0.0,0.0,0.0,0.0,0.0,0.0,8.030488014221191,0.0,0.0,0.0,12.205249786376953,0.0,0.0,0.0,0.0,0.0,0.0,0.0,0.0,0.0,0.0,0.0,0.0,0.0,0.0,0.0,0.0,0.0,0.0,0.0,0.0,0.0,0.0,0.0,0.0,0.0,0.0,0.0,0.0,0.0,0.0,0.0,0.0,0.0,0.0,0.0,0.0,0.0,0.0,0.0,0.0,0.0,0.0,0.0,0.0,0.0,0.0,0.0,0.0,0.0,0.0,0.0,0.0,0.0,0.0,0.0,0.0,0.0,0.0,0.0,0.0,0.0,0.0,0.0,26.783029556274414,0.0,0.0,0.0,0.0,0.0,15.003484725952148,0.0,0.0,0.0,0.0,0.0,0.0,0.0,0.0,0.0,0.0,0.0,0.0,0.0,0.0,0.0,0.0,0.0,35.71882629394531,0.0,0.0,0.0,0.0,0.0,0.0,0.0,0.0,0.0,0.0,0.0,0.0,0.0,0.0,11.619504928588867,0.0,0.0,0.0,0.0,0.0,0.0,0.0,0.0,0.0,0.0,0.0,0.0,0.0,0.0,0.0,0.0,0.0,0.0,0.0,0.0,0.0,0.0,0.0,0.0,0.0,0.0,7.827274799346924,0.0,0.0,0.0,0.0,0.0,0.0,0.0,9.877663612365723,0.0,0.0,0.0,0.0,0.0,0.0,0.0,0.0,0.0,0.0,0.0,0.0,0.0,0.0,0.0,0.0,0.0,0.0,0.0,0.0,0.0,0.0,0.0,0.0,0.0,0.0,29.521820068359375,0.0,0.0,0.0,0.0,0.0,0.0,0.0,0.0,0.0,0.0,0.0,0.0,0.0,0.0,0.0,0.0,0.0,0.0,0.0,0.0,0.0,0.0,0.0,0.0,0.0,0.0,0.0,0.0,0.0,0.0,0.0,0.0,0.0,0.0,0.0,6.364588737487793,0.0,21.911508560180664,0.0,0.0,0.0,0.0,0.0,0.0,0.0,0.0,0.0,0.0,0.0,0.0,0.0,0.0,0.0,0.0,0.0,0.0,0.0,0.0,37.64828872680664,0.0,0.0,0.0,0.0,0.0,0.0,0.0,0.0,0.0,0.0,0.0,0.0,0.0,0.0,0.0,0.0,0.0,0.0,0.0,0.0,0.0,0.0,0.0,0.0,0.0,0.0,0.0,0.0,0.0,0.0,0.0,0.0,8.888758659362793,0.0,0.0,0.0,0.0,7.057859420776367,0.0,9.409554481506348,0.0,0.0,0.0,0.0,0.0,0.0,0.0,0.0,0.0,0.0,0.0,0.0,0.0,0.0,0.0,15.722465515136719,0.0,0.0,0.0,0.0,8.22987174987793,0.0,0.0,0.0,0.0,0.0,0.0,0.0,0.0,0.0,0.0,0.0,0.0,0.0,0.0,0.0,0.0,0.0,0.0,0.0,0.0,0.0,0.0,0.0,0.0,0.0,0.0,0.0,0.0,0.0,0.0,0.0,0.0,0.0,0.0,0.0,0.0,0.0,0.0,0.0,0.0,0.0,0.0,0.0,0.0,4.621448040008545,0.0,0.0,0.0,0.0,0.0,0.0,0.0,0.0,0.0,0.0,0.0,0.0,0.0,0.0,0.0,0.0,0.0,0.0,0.0,0.0,0.0,0.0,0.0,0.0,0.0,0.0,0.0,0.0,0.0,0.0,0.0,0.0,0.0,0.0,0.0,0.0,0.0,0.0,0.0,0.0,0.0,0.0,0.0,0.0,0.0,0.0,0.0,0.0,0.0,0.0,0.0,0.0,0.0,0.0,0.0,0.0,0.0,0.0,0.0,0.0,0.0,0.0,0.0,0.0,0.0,0.0,0.0,0.0,0.0,0.0,0.0,0.0,0.0,0.0,0.0,0.0,0.0,0.0,0.0,0.0,0.0,0.0,0.0,0.0,0.0,0.0,0.0,0.0,0.0,0.0,0.0,0.0,0.0,0.0,0.0,0.0,0.0,0.0,0.0,0.0,0.0,0.0,0.0,0.0,0.0,0.0,0.0,0.0,0.0,0.0,0.0,0.0,0.0,0.0,0.0,0.0,0.0,0.0,0.0,0.0,0.0,0.0,0.0,0.0,0.0,0.0,0.0,0.0,0.0,0.0,0.0,0.0,0.0,0.0,0.0,0.0,0.0,0.0,0.0,0.0,0.0,0.0,0.0,0.0,0.0,0.0,0.0,0.0,0.0,0.0,0.0,0.0,0.0,0.0,0.0,0.0,0.0,0.0,0.0,0.0,0.0,0.0,0.0,0.0,0.0,0.0,0.0,0.0,0.0,0.0,0.0,0.0,0.0,0.0,0.0,0.0,0.0,0.0,0.0,0.0,0.0,0.0,0.0,0.0,0.0,0.0,0.0,0.0,0.0,0.0,0.0,0.0,0.0,0.0,0.0,0.0,0.0,0.0,0.0,0.0,0.0,0.0,0.0,0.0,0.0,0.0,0.0,0.0,0.0,0.0,0.0,0.0,0.0,0.0,0.0,0.0,0.0,0.0,0.0,0.0,0.0,0.0,0.0,0.0,0.0,0.0,0.0,0.0,0.0,0.0,0.0,0.0,0.0,0.0,0.0,0.0,0.0,0.0,0.0,0.0,0.0,0.0,0.0,0.0,0.0,31.272680282592773,0.0,0.0,0.0,0.0,0.0,0.0,0.0,0.0,0.0,0.0,0.0,0.0,0.0,0.0,0.0,0.0,0.0,0.0,0.0,0.0,0.0,0.0,0.0,28.297883987426758,0.0,0.0,0.0,0.0,0.0,0.0,0.0,0.0,0.0,0.0,0.0,0.0,0.0,0.0,0.0,0.0,0.0,0.0,0.0,0.0,20.0231876373291,0.0,0.0,0.0,0.0,0.0,0.0,0.0,0.0,0.0,0.0,0.0,0.0,0.0,0.0,0.0,0.0,0.0,0.0,0.0,0.0,0.0,0.0,0.0,0.0,0.0,0.0,0.0,0.0,0.2704969644546509,0.0,0.0,0.0,0.0,0.0,0.0,0.0,0.0,0.0,0.0,0.0,0.0,0.0,0.0,0.0,0.0,0.0,0.0,0.0,0.0,0.0,0.0,0.0,0.0,0.0,0.0,19.839935302734375,0.0,0.0,0.0,0.0,0.0,0.0,0.0,0.0,0.0,0.0,0.0,0.0,0.0,0.0,0.0,0.0,0.0,0.0,0.0,0.0,0.0,0.0,0.0,0.0,0.0,0.0,0.0,0.0,0.0,0.0,0.0,0.0,0.0,0.0,0.0,0.0,0.0,0.0,0.0,0.0,0.0,0.0,0.0,0.0,0.0,0.0,0.0,0.0,0.0,0.0,0.0,0.0,0.0,0.0,0.0,0.0,0.0,0.0,39.73531723022461,0.0,0.0,0.0,0.0,0.0,0.0,0.0,0.0,0.0,0.0,0.0,0.0,0.0,0.0,0.0,0.0,0.0,0.0,0.0,0.0,0.0,0.0,0.0,0.0,0.0,0.0,0.0,0.0,0.0,0.0,0.0,0.0,0.0,0.0,0.0,0.0,0.0,0.0,0.0,0.0,0.0,0.0,0.0,0.0,0.0,0.0,0.0,0.0,0.0,0.0,0.0,0.0,19.57341766357422,0.0,0.0,15.88782024383545,0.0,0.0,0.0,0.0,2.0030438899993896,0.0,0.0,0.0,0.0,0.0,0.0,0.0,0.0,0.0,0.0,0.0,0.0,0.0,0.0,0.0,0.0,0.0,0.0,0.0,0.0,0.0,0.0,0.0,0.0,0.0,0.0,0.0,0.0,0.0,0.0,0.0,0.0,0.0,0.0,0.0,0.0,0.0,0.0,0.0,0.0,0.0,0.0,0.0,0.0,0.0,0.0,0.0,0.0,0.0,0.0,0.0,0.0,0.0,0.0,0.0,0.0,0.0,0.0,0.0,0.0,0.0,0.0,0.0,0.0,0.0,0.0,0.0,0.0,0.0,0.0,0.0,0.0,0.0,0.0,0.0,0.0,0.0,0.0,0.0,0.0,2.7472727298736572,0.0,0.0,0.0,0.0,0.0,0.0,0.0,0.0,0.0,0.0,0.0,0.0,0.0,0.0,0.0,0.0,0.0,0.0,0.0,0.0,0.0,0.0,0.0,0.0,0.0,0.0,0.0,0.0,0.0,0.0,0.0,0.0,0.0,0.0,0.0,0.0,0.0,0.0,0.0,0.0,0.0,0.0,0.0,0.0,0.0,0.0,0.0,0.0,0.0,0.0,0.0,0.0,0.0,0.0,0.0,0.0,0.0,0.0,0.0,0.0,0.0,0.0,0.0,0.0,0.0,0.0,0.0,0.0,0.0,0.0,0.0,0.0,0.0,0.0,0.0,0.0,0.0,0.0,0.0,0.0,0.0,0.0,0.0,0.0,0.0,0.0,1.776328682899475,0.0,0.0,0.0,0.0,0.0,0.0,0.0,0.0,0.0,0.0,0.0,0.0,0.0,0.0,0.0,0.0,0.0,0.0,0.0,0.0,0.0,0.0,0.0,0.0,0.0,0.0,0.0,0.0,0.0,0.0,0.0,0.0,0.0,0.0,0.0,0.0,0.0,0.0,0.0,0.0,0.0,0.0,0.0,0.0,0.0,0.0,0.0,0.0,0.0,0.0,0.0,0.0,0.0,0.0,0.0,0.0,0.0,0.0,0.0,0.0,0.0,0.0,0.0,0.0,0.0,0.0,0.0,0.0,0.0,0.0,0.0,0.0,0.0,0.0,0.0,0.0,0.0,0.0,0.0,0.0,0.0,0.0,0.0,0.0,0.0,0.0,0.0,0.0,0.0,0.0,0.0,0.0,0.0,0.0,0.0,0.0,0.0,0.0,0.0,0.0,0.0,0.0,0.0,0.0,0.0,0.0,0.0,0.0,0.0,0.0,0.0,0.0,0.0,0.0,0.0,0.0,0.0,0.0,0.0,0.0,0.0,0.0,23.042510986328125,0.0,0.0,0.0,0.0,0.0,0.0,0.0,0.0,0.0,0.0,0.0,0.0,0.0,0.0,0.0,0.0,0.0,0.0,0.0,0.0,0.0,0.0,0.0,0.0,0.0,0.0,0.0,0.0,1.1263936758041382,0.0,0.0,0.0,0.0,0.0,0.0,0.0,0.0,0.0,0.0,0.0,0.0,0.0,0.0,0.0,38.72337341308594,0.0,0.0,0.0,0.0,0.0,0.0,0.0,0.0,0.0,0.0,0.0,0.0,0.0,0.0,0.0,0.0,0.0,0.0,0.0,0.0,0.0,0.0,0.0,0.0,0.0,0.0,0.0,0.0,0.0,0.0,0.0,0.0,0.0,0.0,0.0,0.0,0.0,0.0,0.0,0.0,0.0,0.0,0.0,0.0,0.0,0.0,0.0,0.0,0.0,0.0,0.0,0.0,0.0,0.0,0.0,0.0,0.0,0.0,0.0,0.0,0.0,0.0,0.0,0.0,0.0,0.0,0.0,0.0,0.0,0.0,0.0,0.0,0.0,0.0,0.0,0.0,0.0,0.0,0.0,0.0,0.0,0.0,0.0,0.0,0.0,0.0,0.0,0.0,0.0,0.0,0.0,0.0,0.0,0.0,0.0,0.0,0.0,0.0,0.0,0.0,0.0,0.0,0.0,0.0,0.0,0.0,0.0,0.0,0.0,0.0,0.0,0.0,0.0,0.0,14.362771034240723,0.0,0.0,0.0,0.0,0.0,0.0,0.0,0.0,0.0,0.0,0.0,0.0,0.0,0.0,0.0,0.0,0.0,0.0,0.0,0.0,0.0,0.0,0.0,0.0,0.0,0.0,0.0,0.0,0.0,0.0,0.0,0.0,0.0,0.0,0.0,0.0,0.0,0.0,0.0,0.0,0.0,0.0,0.0,0.0,0.0,0.0,0.0,0.0,0.0,0.0,0.0,0.0,22.707401275634766,0.0,0.0,16.269804000854492,0.0,0.0,0.0,0.0,15.857202529907227,0.0,0.0,0.0,0.0,0.0,0.0,0.0,0.0,0.0,0.0,0.0,0.0,0.0,0.0,0.0,0.0,0.0,0.0,0.0,0.0,0.0,0.0,0.0,0.0,0.0,0.0,0.0,0.0,0.0,0.0,0.0,0.0,0.0,0.0,0.0,0.0,0.0,0.0,0.0,0.0,0.0,0.0,0.0,0.0,9.737942695617676,0.0,0.0,0.0,0.0,0.0,0.0,0.0,0.0,0.0,0.0,0.0,0.0,0.0,0.0,0.0,0.0,0.0,0.0,0.0,0.0,0.0,0.0,0.0,0.0,0.0,0.0,0.0,0.0,0.0,0.0,0.0,0.0,0.0,0.0,0.0,0.0,0.0,0.0,0.0,0.0,0.0,0.0,0.0,0.0,0.0,0.0,0.0,0.0,0.0,0.0,0.0,0.0,0.0,0.0,0.0,0.0,0.0,0.0,0.0,0.0,0.0,0.0,0.0,0.0,0.0,0.0,0.0,0.0,0.0,0.0,0.0,0.0,0.0,0.0,0.0,0.0,0.0,0.0,0.0,0.0,0.0,0.0,0.0,0.0,0.0,0.0,0.0,0.0,0.0,0.0,0.0,0.0,0.0,0.0,0.0,0.0,0.0,0.0,0.0,0.0,0.0,0.0,0.0,0.0,0.0,0.0,0.0,0.0,0.0,0.0,0.0,0.0,0.0,0.0,0.0,0.0,0.0,0.0,0.0,0.0,0.0,0.0,2.156458854675293,0.0,0.0,0.0,0.0,0.0,0.0,0.0,0.0,0.0,0.0,0.0,0.0,15.33000373840332,0.0,0.0,17.51606559753418,0.0,0.0,6.393345355987549,0.0,0.0,0.0,0.0,0.0,0.0,0.0,0.0,0.0,0.0,0.0,0.0,0.0,8.0585298538208,0.0,0.0,0.0,0.0,0.0,0.0,0.0,0.0,0.0,0.0,0.0,0.0,0.0,0.0,0.0,0.0,0.0,0.0,0.0,0.0,0.0,0.0,0.0,0.0,0.0,0.0,0.0,0.0,0.0,0.0,0.0,3.082066297531128,0.0,0.0,0.0,0.0,0.0,0.0,0.0,0.0,0.0,0.0,0.0,0.0,0.0,0.0,0.0,0.0,0.0,0.0,0.0,0.0,0.0,0.0,0.0,0.0,0.0,0.0,0.0,0.0,0.0,0.0,1.4857585430145264,0.0,0.0,0.0,0.0,0.0,0.0,0.0,0.0,0.0,0.0,0.0,0.0,0.0,0.0,0.0,0.0,0.0,0.0,0.0,0.0,0.0,0.0,0.0,0.0,0.0,0.0,20.206558227539062,0.0,0.0,0.0,0.0,0.0,0.0,0.0,0.2530779242515564,0.0,0.0,0.0,0.0,0.0,0.0,0.0,0.0,0.0,0.0,0.0,0.0,0.0,0.0,9.757522583007812,0.0,0.0,0.0,0.0,0.0,1.8809685707092285,0.0,0.0,0.0,0.0,0.0,0.0,0.0,0.0,0.0,0.0,0.0,0.0,0.0,0.0,0.0,18.822237014770508,0.0,0.0,0.0,0.0,0.0,0.0,0.0,0.0,0.0,0.0,0.0,0.0,6.003866672515869,0.0,0.0,0.0,0.0,0.0,0.0,0.0,0.0,0.0,0.0,0.0,0.0,0.0,0.0,0.0,0.0,0.0,0.0,0.0,0.0,0.0,0.0,0.0,0.0,0.0,0.0,0.0,0.0,0.0,0.0,0.0,0.0,0.0,0.0,0.0,0.0,0.0,0.0,0.0,0.0,0.0,0.0,29.630138397216797,0.0,0.0,0.0,0.0,0.0,0.0,0.0,0.0,0.0,0.0,0.0,0.0,0.0,0.0,0.0,0.0,0.0,0.0,0.0,0.0,0.0,0.0,0.0,0.0,0.0,0.0,0.0,0.0,0.0,0.0,0.0,0.0,0.0,0.0,0.0,0.0,0.0,0.0,0.0,0.0,8.98091983795166,0.0,0.0,0.0,0.0,0.0,0.0,0.0,0.0,0.0,0.0,0.0,6.590780258178711,0.0,0.0,0.0,0.0,0.0,13.262673377990723,0.0,0.0,0.0,0.0,0.0,0.0,0.0,0.0,0.0,0.0,0.0,0.0,0.0,0.0,0.0,0.0,0.0,0.0,0.0,0.0,0.0,0.0,0.0,15.40231990814209,0.0,0.0,0.0,0.0,0.0,0.0,0.0,0.0,0.0,0.0,0.0,0.0,0.0,0.0,0.0,0.0,0.0,0.0,0.0,0.0,0.0,0.0,0.0,0.0,0.0,1.7430474758148193,0.0,0.0,0.0,12.132035255432129,0.0,22.971908569335938,0.0,0.0,0.0,0.0,23.77501106262207,0.0,0.0,0.0,0.0,0.0,0.0,0.0,0.0,0.0,0.0,0.0,0.0,0.0,0.0,0.0,0.0,0.0,0.0,0.0,0.0,0.0,0.0,0.0,0.0,0.0,0.0,0.0,0.0,0.0,0.0,0.0,0.0,0.0,0.0,0.0,0.0,0.0,0.0,0.0,0.0,0.0,0.0,0.0,0.0,0.0,0.0,0.0,0.0,0.0,0.0,0.0,0.0,0.0,0.0,0.0,0.0,0.0,0.0,0.0,0.0,10.734145164489746,0.0,0.0,0.0,0.0,0.0,0.0,0.0,0.0,0.0,0.0,0.0,0.0,0.0,0.0,4.471076011657715,0.0,0.0,0.0,0.0,0.0,0.0,0.0,0.0,0.0,0.0,0.0,14.134754180908203,0.0,0.0,3.272238254547119,0.0,0.0,0.0,0.0,0.0,0.0,0.0,0.0,0.0,0.0,0.0,0.0,0.0,0.0,0.0,0.0,0.0,0.0,0.0,17.00689697265625,0.0,0.0,0.0,0.0,0.0,0.0,0.0,0.0,1.2243354320526123,0.0,0.0,0.0,0.0,0.0,0.0,5.235164165496826,4.942802906036377,0.0,0.0,0.0,0.0,0.0,0.0,0.0,0.0,0.0,0.0,0.0,0.0,0.0,0.0,0.0,0.0,0.0,0.0,0.0,0.0,0.0,0.0,0.0,0.0,0.0,0.0,0.0,16.055505752563477,0.0,0.0,0.0,2.9392945766448975,0.0,0.0,0.0,0.0,0.0,0.0,0.0,0.0,0.0,9.851424217224121,0.0,0.0,0.0,0.0,0.0,14.744925498962402,0.0,0.0,0.0,0.0,31.458377838134766,0.0,0.0,6.460483074188232,0.0,0.0,1.6158812046051025,0.0,0.0,0.0,0.0,0.0,0.0,4.329491138458252,0.0,0.0,0.0,39.55971145629883,0.0,0.0,0.0,29.753633499145508,0.0,0.0,0.0,0.0,0.0,0.0,0.0,0.0,0.0,0.0,4.086126804351807,0.0,0.0,0.0,0.0,0.0,0.0,0.0,0.0,0.0,0.0,0.0,0.0,19.732606887817383,0.0,0.0,0.0,0.0,0.0,0.0,0.0,0.0,0.0,0.0,0.0,0.0,0.0,0.0,0.0,0.0,0.0,0.0,0.0,0.0,0.0,0.0,0.0,0.0,0.0,0.0,0.0,0.0,0.0,15.959723472595215,0.0,15.469391822814941,0.0,0.0,0.0,0.0,0.0,0.0,0.0,0.0,0.0,0.0,0.0,0.0,0.0,0.0,0.0,0.0,0.0,1.4561387300491333,0.0,0.0,0.0,0.0,0.0,0.7360208630561829,0.0,0.0,0.0,6.626475811004639,0.0,0.0,0.0,0.0,0.15929658710956573,0.0,1.3778748512268066,0.0,0.0,0.0,0.0,0.0,0.0,0.0,0.0,0.0,0.0,0.0,0.0,0.0,0.0,0.0,0.0,0.0,0.0,0.0,0.0,0.0,0.0,0.0,0.0,0.0,0.0,19.7153263092041,0.0,0.0,0.0,0.0,0.0,0.0,0.0,0.0,0.0,0.0,0.0,0.0,0.0,0.0,0.0,0.0,0.0,0.0,0.0,26.19464683532715,0.0,0.0,0.0,0.0,0.0,0.0,0.0,0.0,0.0,0.0,0.0,0.0,0.0,0.0,0.0,0.0,0.0,0.0,0.0,4.124703884124756,0.0,5.13255500793457,0.0,14.577276229858398,0.0,0.0,0.0,0.0,0.0,14.519835472106934,0.0,0.0,0.0,0.0,0.0,0.0,0.0,0.0,0.0,0.0,0.0,0.0,0.0,0.0,0.0,0.0,0.0,0.0,0.0,0.0,9.53576374053955,43.12068176269531,0.0,0.0,0.0,0.0,0.0,0.16542452573776245,0.0,0.0,0.0,0.0,0.0,0.0,0.0,0.0,0.0,0.0,0.0,0.0,0.0,0.0,0.0,0.0,0.0,0.0,0.0,0.0,0.0,0.0,0.0,0.0,0.0,0.0,0.0,0.0,0.0,0.0,0.0,0.0,0.0,0.0,38.47478103637695,0.0,0.0,0.0,0.0,0.0,0.0,0.0,0.0,24.984712600708008,0.0,0.0,0.0,0.0,0.0,0.7940026521682739,0.0,0.0,0.0,0.0,0.0,0.0,0.0,0.0,0.0,0.0,0.0,0.0,35.15354537963867,0.0,0.0,0.0,0.0,0.0,0.0,0.0,0.0,0.0,0.0,0.0,0.0,0.0,0.0,0.0,0.0,0.0,21.114301681518555,0.0,0.0,0.0,0.0,0.0,4.240060329437256,0.0,0.0,0.0,0.0,0.0,0.0,0.0,0.0,0.0,0.0,26.361244201660156,0.0,0.0,0.0,0.0,0.0,0.0,0.0,0.0,0.0,0.0,6.042628288269043,0.0,0.0,0.0,0.0,0.0,0.0,0.0,0.0,0.0,0.0,0.0,0.0,0.0,0.0,0.0,0.0,0.0,0.0,0.0,11.388389587402344,33.96868896484375,0.0,0.0,0.0,0.0,17.329166412353516,0.0,0.0,0.0,8.495865821838379,0.0,0.0,0.0,0.0,0.0,0.0,0.0,0.0,0.0,0.0,0.0,0.0,0.0,0.0,0.0,3.361466407775879,0.0,0.0,23.767845153808594,0.0,0.0,0.0,0.0,0.0,10.950489044189453,0.0,34.738948822021484,0.0,0.0,0.0,0.0,0.0,0.0,0.0,0.0,0.0,14.848727226257324,0.0,0.0,0.0,0.0,0.0,0.0,0.0,0.0,0.0,0.0,0.0,0.0,0.0,0.0,0.0,0.0,0.0,0.0,0.0,0.0,0.0,0.0,0.0,0.0,0.0,0.0,0.0,0.0,0.0,0.0,0.0,0.0,0.0,0.0,0.0,0.0,0.0,0.0,0.0,0.0,5.121459007263184,0.0,0.0,0.0,0.0,0.0,0.0,0.0,0.0,0.0,0.0,0.0,0.0,0.0,0.0,0.0,0.0,0.0,0.0,0.0,0.0,0.0,0.0,0.0,0.0,0.0,0.0,0.0,0.0,0.0,0.0,0.0,0.0,0.0,0.0,0.0,0.0,0.0,0.0,0.0,0.0,0.0,0.0,0.0,0.0,0.0,0.0,0.0,0.0,0.0,0.0,0.0,0.0,0.0,0.0,0.0,0.0,0.0,0.0,0.0,0.0,0.0,0.0,0.0,0.0,0.0,0.0,0.0,0.0,0.0,0.0,0.0,0.0,0.0,0.0,0.0,0.0,0.0,0.0,0.0,0.0,0.0,0.0,0.0,0.0,0.0,0.0,0.0,0.0,0.0,0.0,0.0,0.0,0.0,0.0,0.0,0.0,0.0,0.0,0.0,0.0,0.0,0.0,0.0,0.0,0.0,0.0,0.0,0.0,0.0,0.0,0.0,0.0,0.0,0.0,0.0,0.0,0.0,0.0,0.0,0.0,0.0,0.0,0.0,0.0,0.0,0.0,0.0,0.0,0.0,0.0,0.0,0.0,0.0,0.0,0.0,0.0,0.0,0.0,0.0,0.0,0.0,0.0,0.0,0.0,0.0,0.0,0.0,0.0,0.0,0.0,0.0,0.0,0.0,0.0,0.0,0.0,0.0,0.0,0.0,0.0,0.0,0.0,0.0,0.0,0.0,0.0,0.0,0.0,0.0,0.0,0.0,0.0,0.0,0.0,0.0,0.0,0.0,0.0,0.0,0.0,0.0,0.0,0.0,0.0,0.0,0.0,0.0,40.342960357666016,0.0,0.0,0.0,0.0,0.0,0.0,0.0,11.591635704040527,0.0,0.0,0.0,0.0,0.0,0.0,0.0,0.0,0.0,0.0,0.0,0.0,0.0,0.0,0.0,0.0,0.0,0.0,0.0,0.0,21.855239868164062,0.0,0.0,0.0,0.0,0.0,0.0,0.0,0.0,0.0,0.0,0.0,0.0,0.0,0.0,0.0,71.77693939208984,0.0,0.0,0.0,0.0,0.0,0.0,0.0,0.0,0.0,0.0,0.0,0.0,0.0,0.0,0.0,0.0,0.0,0.0,0.0,0.0,0.0,0.0,0.0,0.0,0.0,0.0,0.0,0.0,0.0,0.0,0.0,0.0,0.0,0.0,0.0,0.0,0.0,0.0,0.0,0.0,0.0,0.0,0.0,0.0,0.0,0.0,0.0,0.0,0.0,0.0,0.0,0.0,0.0,0.0,0.0,0.0,0.0,0.0,0.0,0.0,0.0,0.0,0.0,0.0,0.0,0.0,0.0,0.0,0.0,0.0,0.0,0.0,0.0,0.0,0.0,0.0,0.0,0.0,0.0,0.0,0.0,0.0,0.0,0.0,0.0,0.0,0.0,0.0,0.0,0.0,0.0,0.0,0.0,0.0,0.0,0.0,27.581554412841797,0.0,0.0,0.0,0.0,0.0,0.0,0.0,0.0,0.0,0.0,0.0,0.0,0.0,0.0,0.0,0.0,0.0,0.0,0.0,0.0,0.0,0.0,0.0,0.0,0.0,0.0,0.0,28.800107955932617,0.0,0.0,0.0,0.0,0.0,0.0,0.0,0.0,0.0,0.0,0.0,0.0,0.0,0.0,0.0,0.0,0.0,0.0,0.0,0.0,0.0,0.0,0.0,0.0,0.0,0.0,0.0,0.0,0.0,0.0,0.0,0.0,0.0,0.0,0.0,0.0,0.0,0.0,0.0,0.0,0.0,0.0,14.496665000915527,0.0,0.0,94.09351348876953,0.0,0.0,0.0,0.0,0.0,0.0,0.0,0.0,0.0,0.0,0.0,0.0,0.0,0.0,0.0,0.0,0.0,0.0,0.0,0.0,0.0,0.0,0.0,0.0,0.0,0.0,0.0,0.0,0.0,0.0,0.0,0.0,0.0,0.0,0.0,0.0,0.0,0.0,0.0,0.0,0.0,0.0,0.0,0.0,0.0,0.0,0.0,0.0,0.0,0.0,0.0,0.0,0.0,0.0,3.825321912765503,0.0,0.0,0.0,0.0,0.0,0.0,0.0,0.0,0.0,0.0,0.0,0.0,0.0,0.0,0.0,0.0,0.0,0.0,0.0,0.0,0.0,0.0,0.0,0.0,0.0,0.0,0.0,0.0,0.0,0.0,0.0,0.0,0.0,0.0,0.0,0.0,0.0,0.0,0.0,0.0,0.0,0.0,0.0,0.0,0.0,0.0,0.0,0.0,0.0,0.0,0.0,0.0,0.0,0.0,0.0,0.0,0.0,0.0,0.0,0.0,0.0,0.0,0.0,0.0,0.0,0.0,0.0,0.0,0.0,0.0,0.0,0.0,0.0,0.0,0.0,0.0,0.0,0.0,0.0,0.0,0.0,0.0,0.0,0.0,0.0,0.0,0.0,0.0,0.0,0.0,0.0,0.0,0.0,0.0,0.0,0.0,0.0,0.0,0.0,0.0,0.0,0.0,0.0,0.0,0.0,0.0,0.0,0.0,0.0,0.0,0.0,0.0,0.0,0.0,0.0,0.0,0.0,0.0,0.0,0.0,0.0,0.0,0.0,0.0,0.0,0.0,0.0,0.0,0.0,0.0,0.0,0.0,0.0,0.0,0.0,0.0,0.0,0.0,0.0,0.0,0.0,0.0,0.0,0.0,0.0,0.0,0.0,0.0,0.0,0.0,0.0,0.0,0.0,0.0,0.0,0.0,0.0,0.0,0.0,0.0,0.0,0.0,0.0,0.0,0.0,0.0,0.0,0.0,0.0,0.0,0.0,0.0,0.0,0.0,0.0,0.0,0.0,0.0,0.0,0.0,0.0,0.0,0.0,0.0,0.0,0.0,0.0,0.0,0.0,0.0,0.0,0.0,0.0,0.0,0.0,0.0,0.0,0.0,0.0,0.0,0.0,0.0,0.0,0.0,0.0,0.0,0.0,0.0,0.0,0.0,0.0,0.0,0.0,0.0,0.0,0.0,0.0,0.0,0.0,0.0,0.0,0.0,0.0,0.0,0.0,0.0,0.0,0.0,0.0,0.0,0.0,0.0,0.0,0.0,0.0,0.0,0.0,0.0,0.0,0.0,62.22484588623047,0.0,0.0,0.0,0.0,0.0,0.0,0.0,0.0,0.0,0.0,0.0,0.0,0.0,0.0,0.0,0.0,0.0,0.0,0.0,0.0,0.0,0.0,0.0,17.774585723876953,0.0,0.0,0.0,0.0,0.0,0.0,0.0,0.0,0.0,0.0,0.0,0.0,0.0,0.0,0.0,0.0,0.0,0.0,0.0,0.0,53.49302673339844,0.0,0.0,0.0,0.0,0.0,0.0,0.0,0.0,0.0,0.0,7.2806715965271,0.0,0.0,0.0,0.0,0.0,0.0,0.0,0.0,0.0,0.0,0.0,0.0,0.0,0.0,0.0,0.0,0.0,0.0,0.0,0.0,0.0,0.0,0.0,0.0,0.0,0.0,0.0,0.0,0.0,0.0,0.0,0.0,0.0,0.0,0.0,0.0,0.0,0.0,0.0,0.0,0.0,0.0,0.0,0.0,11.355130195617676,0.0,0.0,0.0,0.0,0.0,0.0,0.0,0.0,0.0,0.0,0.0,0.0,0.0,0.0,0.0,0.0,0.0,0.0,0.0,0.0,0.0,0.0,0.0,0.0,0.0,0.0,0.0,0.0,0.0,0.0,0.0,0.0,0.0,0.0,0.0,0.0,0.0,0.0,0.0,0.0,0.0,0.0,0.0,0.0,0.0,0.0,0.0,0.0,0.0,0.0,0.0,0.0,0.0,0.0,0.0,0.0,0.0,0.0,0.0,0.0,0.0,0.0,0.0,0.0,0.0,0.0,0.0,0.0,0.0,0.0,0.0,0.0,0.0,0.0,0.0,0.0,0.0,0.0,0.0,0.0,0.0,0.0,0.0,0.0,0.0,0.0,0.0,0.0,0.0,0.0,0.0,1.437606692314148,0.0,0.0,0.0,0.0,0.0,0.0,0.0,0.0,0.0,0.0,0.0,0.0,0.0,0.0,0.0,0.0,0.0,0.0,0.0,0.0,0.0,0.0,96.7920913696289,0.0,0.0,0.0,0.0,0.0,0.0,0.0,0.0,0.0,0.0,0.0,0.0,0.0,0.0,0.0,0.0,0.0,0.0,0.0,0.0,0.0,0.0,0.0,0.0,0.0,0.0,0.0,0.0,0.0,0.0,0.0,0.0,0.0,0.0,0.0,0.0,0.0,0.0,0.0,0.0,0.0,0.0,0.0,0.0,0.0,0.0,0.0,0.0,0.0,0.0,0.0,0.0,0.0,0.0,0.0,0.0,0.0,0.0,0.0,0.0,0.0,0.0,0.0,0.0,0.0,0.0,0.0,0.0,0.0,0.0,0.0,0.0,0.0,0.0,0.0,0.0,0.0,0.0,0.0,0.0,0.0,0.0,0.0,0.0,0.0,0.0,0.0,0.0,0.0,0.0,0.0,0.0,0.0,0.0,0.0,0.0,0.0,0.0,0.0,0.0,0.0,0.0,0.0,0.0,0.0,0.0,0.0,0.0,0.0,0.0,0.0,0.0,0.0,0.0,0.0,0.0,0.0,0.0,0.0,0.0,0.0,0.0,0.0,0.0,0.0,0.0,0.0,0.0,0.0,0.0,0.0,0.0,0.0,0.0,0.0,0.0,0.0,0.0,0.0,0.0,0.0,0.0,0.0,0.0,0.0,0.0,0.0,0.0,0.0,0.0,0.0,0.0,0.0,0.0,0.0,0.0,0.0,0.0,0.0,0.0,0.0,0.0,0.0,0.0,0.0,0.0,0.0,0.0,0.0,0.0,0.0,0.0,0.0,0.0,0.0,0.0,0.0,0.0,0.0,0.0,0.0,0.0,0.0,0.0,0.0,0.0,0.0,0.0,0.0,0.0,0.0,0.0,0.0,0.0,0.0,0.0,0.0,0.0,0.0,0.0,0.0,0.0,0.0,0.0,0.0,0.0,0.0,0.0,0.0,0.0,0.0,0.0,0.0,0.0,0.0,0.0,0.0,0.0,0.0,0.0,0.0,0.0,0.0,0.0,0.0,0.0,0.0,8.302760124206543,0.0,0.0,0.0,1.5011662244796753,0.0,0.0,0.0,0.0,0.0,0.0,0.0,0.0,0.0,0.0,0.0,0.0,0.0,0.0,0.0,0.0,0.0,0.0,0.0,0.0,0.0,0.0,0.0,0.0,0.0,0.0,0.0,0.0,0.0,0.0,0.0,0.0,0.0,0.0,0.0,0.0,0.0,0.0,0.0,0.0,0.0,0.0,0.0,0.0,0.0,0.0,0.0,0.0,0.0,0.0,0.0,0.0,0.0,0.0,0.0,0.0,0.0,0.0,0.0,0.0,0.0,0.0,0.0,56.9912109375,0.0,0.0,0.0,0.0,0.0,0.0,0.0,0.0,0.0,0.0,0.0,0.0,0.0,0.0,0.0,0.0,0.0,0.0,0.0,0.0,0.0,0.0,0.0,13.412534713745117,0.0,0.0,0.0,0.0,0.0,0.0,0.0,0.0,0.0,0.0,0.0,0.0,0.0,0.0,0.0,0.0,0.0,0.0,0.0,0.0,38.268253326416016,0.0,0.0,0.0,0.0,0.0,0.0,0.0,0.0,0.0,0.0,0.9761940240859985,0.0,0.0,0.0,0.0,0.0,0.0,0.0,0.0,0.0,0.0,0.0,0.0,0.0,0.0,0.0,0.0,0.0,0.2836763858795166,0.0,0.0,0.0,0.0,0.0,0.0,0.0,0.0,0.0,0.0,0.0,0.0,0.0,0.0,0.0,0.0,0.0,0.0,0.0,0.0,0.0,0.0,0.0,0.0,0.0,0.0,17.321136474609375,0.0,0.0,0.0,0.0,0.0,0.0,0.0,0.0,0.0,0.0,0.0,0.0,0.0,0.0,0.0,0.0,0.0,0.0,0.0,0.0,0.0,0.0,0.0,0.0,0.0,0.0,0.0,0.0,0.0,0.0,0.0,0.0,0.0,0.0,0.0,0.0,0.0,9.678398132324219,0.0,0.0,0.0,0.0,0.0,0.0,0.0,0.0,0.0,0.0,0.0,0.0,0.0,0.0,0.0,0.0,0.0,0.0,0.0,0.0,0.0,0.0,0.0,0.0,0.0,0.0,0.0,0.0,0.0,0.0,0.0,0.0,0.0,0.0,0.0,0.0,0.0,0.0,0.0,0.0,0.0,0.0,0.0,0.0,0.0,0.0,0.0,0.0,0.0,0.0,0.0,0.0,9.174949645996094,2.9200615882873535,0.0,0.0,0.0,0.0,0.0,0.0,4.052183151245117,0.0,0.0,0.0,0.0,0.0,0.0,0.0,0.0,0.0,0.0,0.0,0.0,0.0,0.0,0.0,65.07684326171875,0.0,0.0,0.0,0.0,0.0,0.0,0.0,0.0,0.0,0.0,0.0,0.0,0.0,0.0,0.0,0.0,0.0,0.0,0.0,0.0,0.0,0.0,0.0,0.0,0.0,0.0,0.0,0.0,0.0,0.0,0.0,0.0,0.0,0.0,0.0,0.0,0.0,0.0,0.0,0.0,0.0,0.0,0.0,0.0,0.0,0.0,0.0,0.0,0.0,0.0,0.0,0.0,0.0,0.0,0.0,0.0,0.0,0.0,0.0,0.0,0.0,0.0,0.0,0.0,0.0,0.0,0.0,0.0,0.0,0.0,0.0,0.0,0.0,0.0,0.0,0.0,0.0,0.0,0.0,0.0,0.0,0.0,0.0,0.0,0.0,0.0,0.0,0.0,0.0,0.0,0.0,0.0,0.0,0.0,0.0,0.0,0.0,0.0,0.0,0.0,0.0,0.0,0.0,0.0,0.0,0.0,0.0,0.0,0.0,0.0,0.0,0.0,0.0,0.0,0.0,0.0,0.0,0.0,0.0,0.0,0.0,0.0,0.0,0.0,0.0,0.0,0.0,0.0,0.0,0.0,0.0,0.0,0.0,0.0,0.0,0.0,0.0,0.0,0.0,0.0,0.0,0.0,0.0,0.0,0.0,0.0,0.0,0.0,0.0,0.0,0.0,0.0,0.0,0.0,0.0,0.0,0.0,0.0,0.0,0.0,0.0,0.0,0.0,0.0,0.0,0.0,0.0,0.0,0.0,0.0,0.0,0.0,0.0,0.0,0.0,0.0,0.0,0.0,0.0,0.0,0.0,0.0,0.0,0.0,0.0,0.0,0.0,0.0,0.0,0.0,0.0,0.0,0.0,0.0,0.0,0.0,0.0,0.0,0.0,0.0,0.0,0.0,0.0,0.0,0.0,0.0,0.0,0.0,0.0,0.0,0.0,0.0,0.0,0.0,0.0,0.0,0.0,0.0,0.0,0.0,0.0,0.0,0.0,0.0,0.0,0.0,0.0,0.0,0.0,0.0,0.0,0.0,0.0,0.0,0.0,0.0,0.0,0.0,0.0,0.0,0.0,0.0,0.0,0.0,0.0,0.0,0.0,0.0,0.0,0.0,0.0,0.0,0.0,0.0,0.0,0.0,0.0,0.0,0.0,0.0,0.0,0.0,0.0,0.0,0.0,0.0,0.0,0.0,0.0,0.0,0.0,0.0,0.0,0.0,0.0,0.0,0.0,0.0,0.0,0.0,0.0,0.0,0.0,0.0,0.0,0.0,0.0,0.0,0.0,0.0,0.0,0.0,0.0,0.0,0.0,51.32844543457031,0.0,0.0,0.0,0.0,0.0,0.0,0.0,0.0,0.0,0.0,0.0,0.0,0.0,0.0,0.0,0.0,0.0,0.0,0.0,0.0,0.0,0.0,0.0,23.862009048461914,0.0,0.0,0.0,0.0,0.0,0.0,0.0,0.0,0.0,0.0,0.0,0.0,0.0,0.0,0.0,0.0,0.0,0.0,0.0,0.0,80.0993423461914,0.0,0.0,0.0,0.0,0.0,0.0,0.0,0.0,0.0,0.0,9.315322875976562,0.0,0.0,0.0,0.0,0.0,0.0,0.0,0.0,0.0,0.0,0.0,0.0,0.0,0.0,0.0,0.0,0.0,0.0,0.0,0.0,0.0,0.0,0.0,0.0,0.0,0.0,0.0,0.0,0.0,0.0,0.0,0.0,0.0,0.0,0.0,0.0,0.0,0.0,0.0,0.0,0.0,0.0,0.0,0.0,21.292152404785156,0.0,0.0,0.0,0.0,0.0,0.0,0.0,0.0,0.0,0.0,0.0,0.0,0.0,0.0,0.0,0.0,0.0,0.0,0.0,0.0,0.0,0.0,0.0,0.0,0.0,0.0,0.0,0.0,0.0,0.0,0.0,0.0,0.0,0.0,0.0,0.0,0.0,0.0,0.0,0.0,0.0,0.0,0.0,0.0,0.0,0.0,0.0,0.0,0.0,0.0,0.0,0.0,0.0,0.0,0.0,0.0,0.0,0.0,0.0,0.0,0.0,0.0,0.0,0.0,0.0,0.0,0.0,0.0,0.0,0.0,0.0,0.0,0.0,0.0,0.0,0.0,0.0,0.0,0.0,0.0,0.0,0.0,0.0,0.0,0.0,0.0,0.0,0.0,0.0,0.0,0.0,0.0,0.0,0.0,0.0,0.0,0.0,0.0,0.0,0.0,0.0,0.0,0.0,0.0,0.0,0.0,0.0,0.0,0.0,0.0,0.0,0.0,0.0,0.0,73.75106811523438,0.0,0.0,0.0,0.0,0.0,0.0,0.0,0.0,0.0,0.0,0.0,0.0,0.0,0.0,0.0,0.0,0.0,0.0,0.0,0.0,0.0,0.0,0.0,0.0,0.0,0.0,0.0,0.0,0.0,0.0,0.0,0.0,0.0,0.0,0.0,0.0,0.0,0.0,0.0,0.0,0.0,0.0,0.0,0.0,0.0,0.0,0.0,0.0,0.0,0.0,0.0,0.0,0.0,0.0,0.0,0.0,0.0,0.0,0.0,0.0,0.0,0.0,0.0,0.0,0.0,0.0,0.0,0.0,0.0,0.0,0.0,0.0,0.0,0.0,0.0,0.0,0.0,0.0,0.0,0.0,0.0,0.0,0.0,0.0,0.0,16.8223934173584,0.0,0.0,0.0,0.0,0.0,0.0,0.0,0.0,0.0,0.0,0.0,0.0,0.0,0.0,0.0,0.0,0.0,0.0,0.0,0.0,0.0,0.0,0.0,0.0,0.0,0.0,0.0,0.0,0.0,0.0,0.0,0.0,0.0,0.0,0.0,0.0,0.0,0.0,0.0,0.0,0.0,0.0,0.0,0.0,0.0,0.0,0.0,0.0,0.0,0.0,0.0,0.0,0.0,0.0,0.0,0.0,0.0,0.0,0.0,0.0,0.0,0.0,0.0,0.0,0.0,0.0,0.0,0.0,0.0,0.0,0.0,0.0,0.0,0.0,0.0,0.0,0.0,0.0,0.0,0.0,0.0,0.0,0.0,0.0,0.0,0.0,0.0,0.0,0.0,0.0,0.0,0.0,0.0,0.0,0.0,0.0,0.0,0.0,0.0,0.0,0.0,0.0,0.0,0.0,0.0,0.0,0.0,0.0,0.0,0.0,0.0,0.0,0.0,0.0,0.0,0.0,0.0,0.0,0.0,0.0,0.0,0.0,0.0,0.0,0.0,0.0,0.0,0.0,0.0,0.0,0.0,0.0,0.0,0.0,0.0,0.0,0.0,0.0,0.0,0.0,0.0,0.0,0.0,0.0,0.0,0.0,0.0,0.0,0.0,0.0,0.0,0.0,0.0,0.0,0.0,0.0,0.0,0.0,0.0,0.0,0.0,0.0,0.0,0.0,0.0,0.0,0.0,0.0,0.0,0.0,0.0,0.0,0.0,0.0,0.0,0.0,0.0,0.0,0.0,0.0,0.0,0.0,0.0,0.0,0.0,0.0,0.0,0.0,0.0,0.0,0.0,0.0,0.0,0.0,0.0,0.0,0.0,0.0,0.0,0.0,0.0,0.0,0.0,0.0,0.0,0.0,0.0,0.0,0.0,50.538917541503906,0.0,0.0,0.0,0.0,0.0,0.0,0.0,23.354860305786133,0.0,20.58128547668457,0.0,0.0,0.0,0.0,0.0,0.0,0.0,0.0,0.0,0.0,0.0,0.0,0.0,19.76850128173828,0.0,0.0,0.0,0.0,19.725589752197266,0.0,0.0,0.0,0.0,0.0,0.0,0.0,0.0,0.0,0.0,0.0,0.0,0.0,0.0,0.0,108.7813949584961,0.0,0.0,0.0,0.0,0.0,0.0,0.0,0.0,0.0,20.334362030029297,6.752411365509033,0.0,0.0,0.0,0.0,0.0,0.0,0.0,0.0,0.0,0.0,0.0,0.0,0.0,0.0,0.0,0.0,0.0,0.0,0.0,0.0,0.0,0.0,0.0,0.0,0.0,0.0,0.0,0.0,0.0,0.0,0.0,0.0,0.0,0.0,0.0,0.0,0.0,0.0,0.0,0.0,0.0,0.0,0.0,0.0,19.823930740356445,0.0,0.0,0.0,0.0,0.0,0.0,0.0,0.0,0.0,0.0,0.0,0.0,0.0,0.0,0.0,0.0,0.0,0.0,0.0,0.0,0.0,0.0,0.0,0.0,0.0,0.0,0.0,0.0,0.0,0.0,0.0,0.0,0.0,0.0,0.0,0.0,0.0,0.0,0.0,0.0,4.947138786315918,0.0,0.0,0.0,0.0,5.788501739501953,0.0,0.0,0.0,0.0,0.0,0.0,0.0,0.0,0.0,0.0,0.0,0.0,17.504770278930664,0.0,0.0,0.0,0.0,0.0,0.0,0.0,0.0,0.0,0.0,0.0,0.0,0.0,0.0,0.0,0.0,0.0,0.0,0.0,0.0,0.0,0.0,0.0,0.0,0.0,0.0,0.0,0.0,0.0,0.0,0.0,0.0,0.0,0.0,0.0,0.0,0.0,0.0,0.0,0.0,0.0,0.0,0.0,0.0,0.0,0.0,0.0,0.0,0.0,0.0,0.0,0.0,9.87350082397461,0.0,0.0,78.72654724121094,0.0,0.0,0.0,0.0,3.9350979328155518,0.0,0.0,0.0,0.0,0.0,0.0,0.0,0.0,0.0,0.0,0.0,0.0,0.0,0.0,0.0,0.0,0.0,0.0,0.0,0.0,0.0,0.0,0.0,0.0,0.0,0.0,0.0,0.0,0.0,0.0,0.0,0.0,0.0,0.0,0.0,0.0,0.0,0.0,0.0,0.0,0.0,0.0,0.0,0.0,0.0,0.0,0.0,0.0,0.0,0.0,0.0,0.0,0.0,0.0,0.0,0.0,0.0,0.0,0.0,0.0,0.0,0.0,0.0,0.0,0.0,0.0,0.0,0.0,0.0,0.0,0.0,1.192878007888794,0.0,0.0,0.0,6.742024898529053,0.0,0.0,23.207042694091797,0.0,0.0,15.662674903869629,7.115990161895752,0.0,0.0,0.0,0.0,0.0,0.0,0.0,0.0,0.0,0.0,0.0,0.0,0.0,0.0,0.0,0.0,0.0,7.891513824462891,0.0,0.0,0.0,0.0,0.0,0.0,0.0,0.0,0.0,7.714087963104248,0.0,0.22834426164627075,0.0,0.0,0.0,0.0,0.0,0.0,0.0,0.0,0.0,0.0,0.0,0.0,1.3058466911315918,0.0,0.0,0.0,0.0,0.0,0.0,0.0,0.0,0.0,0.0,0.0,0.0,0.0,17.17770004272461,0.0,0.0,0.0,0.0,0.0,5.091331481933594,0.0,0.0,0.0,0.0,0.0,0.0,0.0,0.0,0.0,0.0,0.0,0.0,19.264738082885742,0.0,0.0,4.0045881271362305,0.0,0.0,0.0,0.0,0.0,0.0,0.0,2.7284774780273438,8.635506629943848,0.0,0.0,0.0,0.0,37.36726760864258,0.0,0.0,0.0,0.0,16.598777770996094,0.0,0.0,0.0,0.0,0.0,2.1767189502716064,0.0,0.0,0.0,0.0,0.0,0.0,0.0,0.0,0.0,0.0,27.850984573364258,0.0,0.0,0.0,0.49999937415122986,0.0,0.0,0.0,0.0,0.0,0.0,0.0,0.0,0.0,0.0,0.0,0.0,0.0,0.0,0.0,0.0,0.0,0.0,0.0,6.476990699768066,0.0,6.141232013702393,0.0,2.63027286529541,0.0,0.0,0.0,0.0,22.852128982543945,0.0,0.0,3.8656654357910156,0.0,0.0,0.0,0.0,0.0,0.0,0.0,0.0,0.0,0.0,0.0,0.0,0.0,0.0,0.0,0.7228231430053711,0.0,0.0,0.0,0.0,0.0,0.0,0.0,0.0,0.0,0.0,0.0,0.0,0.0,0.0,0.0,0.0,0.0,0.0,20.779218673706055,0.0,0.0,6.340113639831543,0.0,0.0,0.0,0.0,0.0,0.0,0.0,0.0,0.0,0.0,0.0,0.0,0.0,0.0,0.0,0.0,0.0,0.0,9.900553703308105,0.0,0.0,0.0,9.9315185546875,0.0,0.0,0.0,12.510546684265137,0.0,0.0,0.0,0.0,0.0,0.0,0.0,0.0,0.0,0.0,0.0,0.0,0.0,0.0,0.0,0.0,0.0,0.0,0.0,0.0,15.245687484741211,5.707633972167969,0.0,0.0,0.0,0.0,0.0,0.0,0.0,0.0,0.0,0.0,0.0,0.0,0.0,0.0,45.762535095214844,0.0,0.514112651348114,0.0,7.522799491882324,0.0,21.47885513305664,0.0,0.0,0.0,0.0,0.0,0.0,3.7710750102996826,0.0,0.0,0.0,0.0,0.0,0.0,0.0,0.0,14.68619155883789,0.0,0.0,0.0,0.0,0.0,0.0,17.856708526611328,3.7909226417541504,0.0,0.0,0.0,61.667240142822266,0.0,0.0,1.1369235515594482,0.0,0.0,0.0,0.0,0.0,0.0,0.0,0.0,0.0,0.0,12.752490043640137,0.0,0.0,0.0,0.0,0.0,0.0,0.0,47.549095153808594,0.0,0.0,0.0,5.535812854766846,0.0,0.0,0.0,0.0,0.0,0.0,0.0,0.0,0.0,0.0,26.478519439697266,9.132731437683105,0.0,0.0,0.0,0.0,0.0,3.960432291030884,0.0,0.0,0.0,0.0,23.96660804748535,0.0,0.0,0.0,0.0,0.0,0.0,0.0,14.060822486877441,0.0,0.0,0.0,0.0,0.0,0.7676153779029846,0.0,16.219684600830078,0.0,0.0,4.328411102294922,0.0,0.0,0.0,50.16224670410156,0.0,0.0,8.196489334106445,0.0,0.0,3.2639760971069336,0.0,0.0,18.94559097290039,0.0,0.0,0.0,0.0,0.0,0.0,0.0,0.0,0.0,0.0,0.0,0.0,0.0,0.0,26.975605010986328,0.0,0.0,0.0,32.80692672729492,0.0,0.0,21.44764518737793,0.0,5.852694034576416,0.0,0.0,0.0,0.0,6.063116073608398,0.0,0.0,0.0,0.0,0.0,0.0,0.0,5.487600326538086,0.0,2.3159470558166504,0.0,0.0,0.0,0.0,0.0,0.9495017528533936,0.0,0.0,2.9840147495269775,0.0,0.0,0.0,0.0,0.0,8.81203842163086,0.0,32.69878005981445,0.0,0.0,0.0,0.0,0.0,0.0,0.0,0.0,0.0,0.0,0.0,0.0,0.0,0.0,0.0,0.0,0.0,0.0,0.0,0.0,22.696931838989258,0.0,0.0,0.0,0.0,0.0,0.0,0.0,0.0,0.0,0.0,0.0,0.0,0.0,0.0,0.0,6.650619983673096,0.0,0.0,0.0,0.0,5.671115875244141,0.0,0.0,0.0,0.0,0.0,0.0,20.483972549438477,0.0,0.0,0.0,0.0,0.0,0.0,0.0,0.0,0.0,0.0,0.0,0.0,0.0,0.0,0.0,0.0,0.0,0.0,0.0,0.0,0.0,0.0,1.061146855354309,0.0,0.0,0.0,0.0,0.0,3.073431968688965,0.0,0.0,0.0,0.0,0.0,8.543680191040039,0.0,0.0,0.0,0.0,0.0,0.0,0.0,0.0,12.182327270507812,0.0,0.0,10.02897834777832,0.0,0.0,0.0,0.0,0.0,0.0,0.0,0.0,0.0,0.0,0.0,0.0,0.0,0.0,0.0,0.0,0.0,0.0,0.0,7.5559258460998535,0.0,0.0,0.0,0.0,0.0,0.0,0.0,0.0,7.32297945022583,0.0,0.0,0.0,0.0,0.0,0.0,0.0,0.0,0.0,0.0,0.0,0.0,0.0,0.0,0.0,0.0,0.0,0.0,0.0,0.0,0.0,0.0,0.0,0.0,0.0,0.0,0.0,0.0,0.0,0.0,0.0,0.0,0.0,0.0,0.0,22.6942138671875,0.0,0.0,50.547611236572266,0.0,0.0,0.0,0.0,0.0,0.0,0.0,0.0,0.0,0.0,0.0,0.0,0.0,0.0,0.0,0.0,41.983314514160156,0.0,0.0,0.0,0.0,31.312196731567383,0.0,0.0,23.78937530517578,0.0,0.0,11.443126678466797,0.0,35.22235870361328,0.0,0.0,0.0,0.0,14.598067283630371,0.0,0.0,0.0,56.633583068847656,0.0,0.0,0.0,33.19034194946289,0.0,0.0,0.0,0.0,0.0,0.0,0.0,0.0,0.0,0.0,0.0,0.0,0.0,0.0,0.0,0.0,0.0,0.0,0.0,0.0,0.0,15.717508316040039,0.0,13.982660293579102,0.0,0.0,0.0,0.0,0.0,0.0,0.0,0.0,0.0,0.0,0.0,0.0,0.0,44.01259231567383,0.0,0.0,0.0,0.0,0.0,0.0,0.0,0.0,0.0,0.7235041856765747,19.941423416137695,0.0,0.0,0.0,0.0,22.708087921142578,0.0,0.0,0.0,0.0,0.0,0.0,0.0,5.255396366119385,0.0,0.0,0.0,0.0,0.0,15.415616989135742,0.0,0.0,0.0,0.0,0.0,26.398855209350586,0.0,0.0,0.0,0.0,0.0,19.720653533935547,0.0,0.0,0.0,3.840250015258789,0.0,0.0,0.0,0.0,0.0,0.0,0.0,0.0,0.0,0.0,0.0,0.0,0.0,0.0,0.0,0.0,0.0,0.0,0.0,0.0,0.0,0.0,0.0,0.0,0.0,0.0,0.0,0.0,0.0,0.0,0.0,0.0,0.0,17.394121170043945,0.0,0.0,0.0,0.0,0.0,0.0,0.0,0.0,0.0,0.0,0.0,0.0,0.0,0.0,0.0,0.0,0.0,0.0,0.0,47.45118713378906,0.0,0.0,0.0,0.0,0.0,0.0,0.0,0.0,0.0,0.0,0.0,1.2177457809448242,0.0,0.0,0.0,0.0,0.0,0.0,0.0,14.779411315917969,0.0,12.318528175354004,0.0,0.0,19.14730453491211,3.3624954223632812,0.0,0.0,3.055147647857666,12.003087043762207,0.0,0.0,0.0,0.0,0.0,0.0,0.0,0.0,7.519481182098389,20.819746017456055,0.0,0.0,0.0,0.0,0.0,47.50135040283203,0.0,0.0,0.0,0.0,0.0,71.2638168334961,0.0,0.0,0.0,0.0,0.0,0.0,0.0,0.0,0.0,0.0,0.0,0.0,0.0,0.0,0.0,0.0,0.0,0.0,0.0,0.0,0.0,0.0,0.0,0.0,0.0,0.0,0.0,0.0,0.0,0.0,0.0,0.0,0.0,0.0,0.0,0.0,0.0,0.0,0.0,0.0,11.198575973510742,0.0,14.285120010375977,0.0,0.0,0.0,0.0,0.0,0.0,38.75878143310547,0.0,0.0,0.0,16.2504940032959,0.0,0.0,0.0,0.0,0.0,0.0,15.140949249267578,0.0,0.0,0.0,0.0,0.0,0.0,0.0,8.7682466506958,0.0,0.0,0.0,0.0,0.0,0.0,0.0,0.0,0.0,0.0,0.0,25.49977684020996,0.0,0.0,0.0,0.0,0.0,8.972599029541016,0.0,0.0,0.0,0.0,0.0,0.0,0.0,0.0,0.0,0.0,0.0,0.0,0.0,0.0,0.0,0.0,0.0,0.0,0.0,0.0,0.0,0.0,0.0,0.0,0.0,0.0,0.0,6.194986820220947,0.0,0.0,0.2827204167842865,0.0,0.03823232650756836,0.0,0.0,0.0,0.0,0.0,0.0,0.0,0.0,0.0,0.0,0.0,0.0,0.0,1.4994529485702515,2.0918428897857666,32.364356994628906,0.0,0.0,0.0,0.0,0.0,0.5747475028038025,0.0,0.0,0.0,0.0,0.0,0.0,0.0,0.0,0.0,0.0,0.0,0.0,0.0,0.0,0.0,0.0,0.0,0.0,4.5090131759643555,9.544205665588379,0.0,40.143280029296875,0.0,0.0,0.0,0.0,0.0,0.0,0.0,68.90960693359375,0.0,0.0,0.0,0.0,0.0,0.0,0.0,0.0,0.0,7.7217841148376465,0.0,0.0,1.6673948764801025,0.0,0.0,0.0,5.5287699699401855,0.0,0.0,0.0,0.0,0.0,0.0,0.0,0.0,0.0,0.0,0.0,13.484070777893066,0.0,0.0,0.0,0.0,0.0,0.0,0.0,0.0,0.0,0.0,5.845892429351807,0.0,0.8172799348831177,0.0,0.0,0.0,0.0,0.0,0.0,0.0,0.0,0.0,0.0,0.0,0.0,0.0,0.0,0.0,0.0,0.2631677985191345,0.0,0.0,0.0,0.0,0.0,0.0,0.0,0.0,0.0,0.0,0.0,0.0,0.0,0.0,0.0,0.0,0.0,0.0,0.0,0.0,0.0,0.0,0.0,0.0,0.0,0.0,0.0,0.0,0.0,0.0,0.0,0.0,0.0,0.0,0.0,0.0,0.0,0.0,0.0,0.0,0.0,0.0,0.0,0.0,0.0,0.0,13.175419807434082,3.6780354976654053,0.0,0.0,0.0,0.0,0.0,0.0,0.0,0.0,0.0,0.0,0.0,0.0,0.0,0.0,0.0,0.0,9.000478744506836,8.927949905395508,0.0,0.0,0.0,4.2313618659973145,0.0,0.0,7.256729602813721,0.0,0.0,32.427188873291016,0.0,11.02015209197998,0.0,0.0,0.0,0.0,0.0,0.0,0.0,0.0,17.969093322753906,0.0,0.0,0.0,29.630613327026367,0.0,0.0,0.0,0.0,0.0,0.0,0.0,0.0,0.0,0.0,7.23331880569458,0.0,0.0,0.0,0.0,0.0,0.0,0.0,0.0,0.0,0.0,28.481998443603516,0.0,0.8655910491943359,0.0,40.23686599731445,0.0,0.0,0.0,0.0,0.0,0.0,0.0,0.0,0.0,0.0,0.0,9.19520092010498,0.0,0.0,0.0,0.0,0.0,0.0,0.0,0.0,0.0,0.0,3.2822399139404297,0.0,0.0,0.0,0.0,0.0,0.0,5.302205562591553,0.0,0.0,0.0,0.0,0.0,37.84794235229492,0.0,0.0,0.0,0.0,0.0,0.0,0.0,0.0,0.0,0.0,0.0,0.0,0.0,0.0,0.0,0.0,0.0,2.7066268920898438,0.0,0.0,0.0,0.0,0.0,0.0,0.0,0.0,39.58056640625,0.0,0.0,0.0,7.581179618835449,0.0,0.0,6.28945255279541,10.132087707519531,0.0,0.0,0.0,0.0,0.0,0.0,0.0,0.0,0.0,0.0,0.0,0.0,0.0,0.0,0.0,0.0,0.0,0.0,0.0,0.0,27.946062088012695,0.0,0.0,0.0,0.0,0.0,0.0,0.0,0.0,0.0,0.0,0.0,0.0,0.0,0.0,0.0,50.439239501953125,0.0,0.0,0.0,8.95685863494873,0.0,0.0,0.0,0.0,0.0,0.0,0.0,0.0,6.504794120788574,0.0,0.0,0.0,0.0,0.0,0.0,0.0,0.0,0.0,0.0,0.0,0.0,30.61436653137207,0.0,0.0,0.0,0.0,0.0,0.0,0.0,0.0,0.0,0.0,0.0,0.0,0.0,0.0,0.0,0.0,0.0,0.0,0.0,0.0,0.0,0.0,0.0,0.0,0.0,0.0,0.0,0.0,0.0,39.51859664916992,0.0,0.0,0.0,0.0,0.0,0.0,0.0,0.0,0.0,0.0,0.0,0.0,0.0,0.0,0.0,0.0,0.0,0.0,0.0,0.0,0.0,0.0,0.0,0.0,0.0,0.0,0.0,0.0,0.0,0.0,0.0,0.0,0.0,0.0,7.373946666717529,0.0,0.0,0.0,0.0,0.0,36.80514144897461,0.0,0.0,0.0,0.0,0.0,0.0,0.0,0.0,1.3013935089111328,0.0,0.0,30.366256713867188,0.0,0.0,0.0,0.0,0.0,0.0,0.0,0.0,0.0,0.0,0.0,0.0,0.0,0.0,0.0,0.0,0.0,0.0,0.0,0.0,0.0,0.0,7.708329677581787,0.0,0.0,0.0,0.0,1.479663372039795,0.0,0.0,0.0,0.0,0.0,4.6382269859313965,0.0,0.0,0.0,0.0,0.0,0.0,0.0,0.0,0.0,0.0,0.0,0.0,0.0,0.0,0.0,0.0,0.0,0.0,0.0,0.0,0.0,0.0,0.0,0.0,24.794675827026367,0.0,0.0,30.057781219482422,0.0,0.0,0.0,0.0,0.0,0.0,0.0,0.0,0.0,0.0,0.0,0.0,0.0,0.0,0.0,0.0,0.0,0.0,0.0,0.0,0.0,0.0,0.0,0.0,0.0,6.322965621948242,0.0,0.0,0.0,8.217670440673828,0.0,0.0,26.754980087280273,0.0,0.0,0.0,0.0,0.0,0.0,0.0,0.0,0.0,0.0,0.0,0.0,0.6205848455429077,0.0,0.0,0.0,0.0,0.0,0.0,0.0,0.0,0.0,0.0,30.394935607910156,0.0,0.0,0.0,0.0,0.0,0.0,0.0,0.0,0.0,0.0,0.0,0.0,0.0,0.0,0.0,0.0,0.0,0.0,0.0,0.0,0.0,0.0,0.0,0.0,0.0,0.0,0.0,0.0,25.939361572265625,0.0,0.0,0.0,0.0,0.0,0.0,0.0,0.0,0.0,0.0,5.533484935760498,0.0,0.0,0.0,0.0,0.0,0.0,0.0,0.0,0.0,0.0,0.0,0.0,0.0,0.0,0.0,0.0,0.0,0.0,0.0,0.0,0.0,0.0,0.0,0.0,0.0,0.0,0.0,0.0,0.0,0.0,0.0,0.0,0.0,0.0,0.0,0.0,0.0,0.0,0.0,0.0,0.0,0.0,0.0,0.0,0.0,0.0,0.0,0.0,0.0,0.0,0.0,0.0,0.0,0.0,0.0,0.0,0.0,0.0,0.0,0.0,0.0,0.0,0.0,0.0,0.0,5.742300510406494,0.0,0.0,0.0,0.0,0.0,0.0,0.0,0.0,0.0,20.744482040405273,0.0,0.0,0.0,0.0,0.0,0.0,0.0,0.0,0.0,0.0,0.0,0.0,0.0,0.0,0.0,0.0,0.0,0.0,22.650531768798828,0.0,0.0,0.0,0.0,0.0,0.0,0.0,0.0,0.0,0.0,0.0,0.0,0.0,0.0,0.0,0.0,0.0,0.0,0.0,0.0,0.0,0.0,0.0,0.0,0.0,0.0,0.0,0.0,0.0,0.0,0.0,0.0,0.0,0.0,0.0,0.0,0.0,0.0,0.0,0.0,39.09307098388672,0.0,0.0,0.0,0.0,0.0,0.0,0.0,0.0,0.0,0.0,0.0,0.0,0.0,0.0,0.0,0.0,0.0,0.0,0.0,0.0,0.0,0.0,0.0,0.0,0.0,0.0,0.0,0.0,0.0,0.0,0.0,0.0,0.0,0.0,0.0,0.0,0.0,0.0,0.0,0.0,0.0,0.0,0.0,0.0,0.0,0.0,0.0,0.0,0.0,0.0,0.0,0.0,0.0,0.0,0.0,0.0,0.0,0.0,0.0,0.0,0.0,0.0,51.16972732543945,0.0,0.0,0.0,0.0,0.0,0.0,3.884432554244995,0.0,0.0,0.0,0.0,0.0,0.0,0.0,0.0,0.0,0.0,0.0,0.0,0.0,0.0,0.0,0.0,0.0,0.0,0.0,0.0,0.0,0.0,0.0,0.0,0.0,0.0,0.0,0.0,0.0,0.0,0.0,0.0,0.0,0.0,0.0,0.0,0.0,40.80176544189453,0.0,0.0,0.0,0.0,0.0,0.0,0.0,0.0,0.0,0.0,0.0,0.0,0.0,0.0,0.0,0.0,0.0,0.0,0.0,0.0,0.0,0.0,0.0,0.0,0.0,0.0,0.0,0.0,0.0,0.0,0.0,0.0,0.0,0.0,0.0,0.0,0.0,0.0,0.0,0.0,0.0,0.0,0.0,0.0,0.0,0.0,0.0,0.0,0.0,6.5281877517700195,0.0,0.0,0.0,0.0,0.0,0.0,0.0,0.0,0.0,0.0,0.0,0.0,0.0,0.0,0.0,0.0,0.0,0.0,0.0,0.0,0.0,0.0,0.0,0.0,0.0,0.0,0.0,0.0,0.0,0.0,0.0,0.0,0.0,0.0,0.0,0.0,0.0,0.0,0.0,0.0,0.0,0.0,0.0,0.0,0.0,0.0,32.54050827026367,0.0,0.0,0.0,0.0,0.0,0.0,0.0,0.0,0.0,0.0,0.0,31.5540771484375,0.0,0.0,0.0,0.0,0.0,7.691787242889404,0.0,0.0,0.0,0.0,0.0,0.0,0.0,0.0,0.0,0.0,0.0,0.0,0.0,0.0,0.0,0.0,0.0,0.0,0.0,0.0,0.0,0.0,0.0,0.0,0.0,0.0,0.0,0.0,0.0,0.0,0.0,0.0,0.0,0.0,0.0,0.0,0.0,0.0,0.0,0.0,0.0,0.0,0.0,0.0,0.0,0.0,0.0,0.0,0.0,0.0,0.0,0.0,0.0,0.0,0.0,26.839235305786133,0.0,0.0,0.0,0.0,17.92133903503418,0.0,0.0,0.0,0.0,0.0,0.0,0.0,0.0,0.0,0.0,0.0,0.0,0.0,0.0,0.0,0.0,0.0,0.0,0.0,0.0,0.0,0.0,0.0,0.0,0.0,0.0,0.0,12.690967559814453,0.0,0.0,0.0,0.0,0.0,0.0,0.0,0.0,0.0,0.0,0.0,0.0,0.0,0.0,0.0,0.0,33.121337890625,0.0,0.0,0.0,0.0,0.0,0.0,0.0,0.0,0.0,0.0,0.0,0.0,0.0,0.0,0.0,0.0,0.0,0.0,0.0,0.0,0.0,0.0,0.0,0.0,0.0,0.0,0.0,0.0,0.0,0.0,0.0,0.0,0.0,0.0,0.0,17.59402084350586,0.0,0.0,0.844951868057251,0.0,0.0,0.0,0.0,0.0,0.0,0.0,0.0,0.0,0.0,0.0,0.0,0.0,0.0,0.0,0.0,0.0,0.0,0.0,0.0,0.0,0.0,0.0,0.0,0.0,0.0,0.0,0.0,0.0,0.0,0.0,0.0,0.0,0.0,0.0,0.0,0.0,0.0,0.0,0.0,0.0,0.0,0.0,0.0,0.0,0.0,0.0,0.0,0.0,0.0,0.0,0.0,0.0,0.0,0.0,0.0,0.0,0.0,0.0,0.0,0.0,0.0,0.0,0.0,0.0,0.0,0.0,0.0,0.0,0.0,0.0,0.0,0.0,16.448633193969727,0.0,0.0,0.0,0.0,0.0,0.0,0.0,0.0,0.0,40.57901382446289,0.0,0.0,0.0,0.0,0.0,0.0,0.0,0.0,0.0,0.0,0.0,0.0,0.0,0.0,0.0,0.0,0.0,0.0,30.53029441833496,0.0,0.0,0.0,0.0,0.0,0.0,0.0,0.0,0.0,0.0,0.0,0.0,0.0,0.0,0.0,0.0,0.0,0.0,0.0,0.0,0.0,0.0,0.0,0.0,0.0,0.0,0.0,0.0,0.0,0.0,0.0,0.0,0.0,0.0,0.0,0.0,0.0,0.0,0.0,0.0,23.927465438842773,0.0,0.0,0.0,0.0,0.0,0.0,0.0,0.0,0.0,0.0,0.0,0.0,0.0,0.0,0.0,0.0,0.0,0.0,0.0,0.0,0.0,0.0,0.0,0.0,0.0,0.0,0.0,0.0,0.0,0.0,0.0,0.0,0.0,0.0,0.0,0.0,0.0,0.0,0.0,0.0,0.0,0.0,0.0,0.0,0.0,0.0,0.0,0.0,0.0,0.0,0.0,0.0,0.0,0.0,0.0,0.0,0.0,0.0,0.0,0.0,0.0,0.0,47.978240966796875,0.0,0.0,0.0,0.0,0.0,0.0,1.4202712774276733,0.0,0.0,0.0,0.0,0.0,0.0,0.0,0.0,0.0,0.0,7.7234625816345215,0.0,0.0,0.0,0.0,7.961049556732178,0.0,0.0,0.0,0.0,0.0,0.0,0.0,0.0,0.0,0.0,0.0,0.0,0.0,0.0,0.0,0.0,0.0,0.0,0.0,0.0,0.0,47.50778579711914,0.0,0.0,0.0,0.0,0.0,0.0,0.0,0.0,0.0,0.0,0.0,0.0,0.0,0.0,0.0,0.0,0.0,0.0,0.0,0.0,0.0,0.0,0.0,0.0,0.0,0.0,0.0,0.0,0.0,0.0,0.0,0.0,0.0,0.0,0.0,0.0,0.0,0.0,0.0,0.0,0.0,10.357131958007812,0.0,0.0,0.0,0.0,0.0,0.0,0.0,0.8282439708709717,0.0,0.0,0.0,0.0,0.0,0.0,0.0,0.0,0.0,0.0,0.0,0.0,0.0,0.0,0.0,0.0,0.0,0.0,0.0,0.0,0.0,0.0,0.0,0.0,0.0,0.0,0.0,0.0,0.0,0.0,0.0,0.0,0.0,0.0,0.0,0.0,0.0,0.0,0.0,0.0,0.0,0.0,0.0,0.0,0.0,0.0,45.966182708740234,0.0,0.0,0.0,0.0,0.0,0.0,0.0,0.0,0.0,0.0,0.0,36.824222564697266,0.0,0.0,0.0,0.0,0.0,15.082283973693848,0.0,0.0,0.0,0.0,0.0,0.0,0.0,0.0,0.0,0.0,0.0,0.0,0.0,0.0,0.0,0.0,0.0,0.0,0.0,0.0,0.0,0.0,0.0,0.0,0.0,0.0,0.0,0.0,0.0,0.0,0.0,0.0,0.0,0.0,0.0,0.0,0.0,0.0,0.0,0.0,0.0,0.0,0.0,0.0,0.0,0.0,0.0,0.0,0.0,0.0,0.0,0.0,0.0,0.0,0.0,25.253419876098633,0.0,0.0,0.0,0.0,23.910655975341797,0.0,0.0,0.0,0.0,0.0,0.0,0.0,0.0,0.0,0.0,0.0,0.0,0.0,0.0,0.0,0.0,0.0,0.0,0.0,0.0,0.0,0.0,0.0,0.0,0.0,0.0,0.0,0.0,0.0,0.0,0.0,0.0,0.0,0.0,0.0,0.0,0.0,0.0,0.0,0.0,6.056529521942139,0.0,0.0,0.0,30.191116333007812,0.0,0.0,0.0,0.0,0.0,0.0,0.0,0.0,0.0,0.0,0.0,0.0,0.0,0.0,0.0,20.83233642578125,0.0,0.0,0.0,0.0,0.0,0.0,0.0,0.0,0.0,0.0,0.0,0.0,0.0,0.0,0.0,0.0,0.0,0.0,0.0,13.158981323242188,0.0,0.0,3.201063394546509,0.0,0.0,0.0,0.0,0.0,0.0,0.0,7.208508491516113,0.0,0.0,0.0,0.0,0.0,0.0,0.0,0.0,0.0,0.0,0.0,0.0,0.0,0.0,0.0,0.0,0.0,0.0,0.0,0.0,0.0,0.0,0.0,0.0,0.0,0.0,0.0,0.0,0.0,0.0,0.0,0.0,0.0,0.0,0.0,0.0,0.0,0.0,0.0,0.0,0.0,0.0,0.0,0.0,0.0,0.0,0.0,0.0,0.0,0.0,0.0,0.0,0.0,0.0,0.0,0.0,0.0,0.0,0.0,0.0,0.0,0.0,0.0,0.0,0.0,11.621834754943848,0.0,0.0,0.0,0.0,0.0,0.0,0.0,0.0,0.0,46.40836715698242,0.0,0.0,0.0,0.0,0.0,0.0,0.0,0.0,0.0,0.0,0.0,0.0,0.0,0.0,0.0,0.0,0.0,0.0,27.299774169921875,0.0,0.0,0.0,0.0,0.0,0.0,0.0,0.0,0.0,0.0,0.0,0.0,0.0,0.0,0.0,0.0,0.0,0.0,0.0,0.0,0.0,0.0,0.0,0.0,0.0,0.0,0.0,0.0,0.0,0.0,0.0,0.0,0.0,0.0,0.0,0.0,2.740246295928955,0.0,0.0,0.0,22.538036346435547,0.0,0.0,0.0,0.0,0.0,0.0,0.0,0.0,0.0,0.0,0.0,0.0,0.0,0.0,0.0,0.0,0.0,0.0,0.0,0.0,0.0,0.0,0.0,0.0,0.0,0.0,0.0,0.0,0.0,0.0,0.0,0.0,0.0,0.0,0.0,8.435680389404297,0.0,0.0,0.0,0.0,0.0,0.0,0.0,0.0,0.0,0.0,0.0,0.0,0.0,0.0,0.0,0.0,0.0,0.0,0.0,0.0,0.0,0.0,0.0,0.0,0.0,0.0,33.573333740234375,0.0,0.0,0.0,3.9180657863616943,0.0,0.0,0.0,20.1146183013916,0.0,0.0,0.0,0.0,0.0,0.0,0.0,0.0,0.0,0.0,0.0,0.0,0.0,0.0,10.240556716918945,0.0,0.0,0.0,0.0,0.0,0.0,0.0,0.0,0.0,0.0,0.0,0.0,0.0,0.0,0.0,0.0,0.0,0.0,0.0,0.0,0.0,78.7322769165039,0.0,0.0,0.0,0.0,0.0,0.0,0.0,0.0,0.0,0.0,0.0,0.0,0.0,0.0,0.0,0.0,0.0,0.0,0.0,0.0,0.0,0.0,0.0,0.0,0.0,0.0,0.0,0.0,0.0,0.0,0.0,0.0,3.8949079513549805,0.0,0.0,0.0,0.0,0.0,0.0,0.0,0.0,0.07454212009906769,0.0,0.0,0.0,0.0,0.0,0.0,0.0,0.0,0.0,0.0,0.0,0.0,0.0,3.6675772666931152,0.0,0.0,0.0,0.0,0.0,0.0,0.0,0.0,0.0,0.0,0.0,0.0,0.0,0.0,0.0,0.0,0.0,0.0,0.0,0.0,0.0,0.0,0.0,0.0,0.0,0.0,0.0,0.0,0.0,0.0,0.0,0.0,0.0,0.0,0.0,0.0,0.0,0.0,0.0,0.0,51.95384979248047,0.0,0.0,0.0,0.0,0.0,0.0,0.0,0.0,0.0,0.0,0.0,42.050445556640625,0.0,0.0,0.0,0.0,0.0,8.619364738464355,0.0,0.0,0.0,0.0,0.0,0.0,0.0,0.0,0.0,0.0,0.0,0.0,0.0,0.0,0.0,0.0,0.0,0.0,0.0,0.0,0.0,0.0,0.0,0.0,0.0,0.0,0.0,0.0,0.0,0.0,0.0,0.0,0.0,0.0,0.0,0.0,0.0,0.0,0.0,0.0,0.0,0.0,0.0,0.0,0.0,0.0,0.0,0.0,0.0,0.0,0.0,0.0,0.0,0.0,0.0,48.596519470214844,0.0,0.0,0.0,0.0,21.472414016723633,0.0,0.0,0.0,0.0,0.0,0.0,0.0,0.0,0.0,0.0,0.0,0.0,0.0,0.0,0.0,0.0,0.0,0.0,0.0,0.0,0.0,0.0,0.0,0.0,0.0,0.0,0.0,0.0,0.0,0.0,0.0,0.0,0.0,0.0,0.0,0.0,0.0,0.0,0.0,0.0,10.727970123291016,0.0,0.0,0.0,4.986578464508057,0.0,0.0,0.0,0.0,0.0,0.0,0.0,1.9918358325958252,0.0,0.0,0.0,0.0,0.0,0.0,0.0,19.253023147583008,0.0,0.0,0.0,0.0,0.0,0.0,0.0,0.0,0.0,0.0,0.0,0.0,21.703279495239258,0.0,0.0,0.0,0.0,0.0,0.0,31.536792755126953,0.0,18.392976760864258,0.0,0.0,0.0,0.0,0.0,0.0,0.0,0.0,7.640633583068848,0.0,0.0,0.0,0.0,0.0,0.0,0.0,0.0,0.0,0.0,2.656407356262207,0.0,0.0,0.0,0.0,0.0,0.0,0.0,0.0,0.0,0.0,0.0,0.0,0.0,0.0,0.0,0.0,0.0,0.0,0.0,0.0,0.0,0.0,0.0,0.0,0.0,0.0,0.0,0.0,0.0,0.0,0.0,0.0,0.0,0.0,0.0,0.0,0.0,0.0,0.0,0.0,0.0,0.0,0.0,0.0,0.0,0.0,0.0,0.0,0.0,0.0,0.0,0.0,0.0,0.0,7.365673065185547,0.0,0.0,0.0,0.0,0.0,0.0,0.0,0.0,0.0,17.560039520263672,0.0,0.0,0.0,0.0,0.0,0.0,0.0,0.0,11.223677635192871,0.0,0.0,0.0,0.0,0.0,0.0,9.252881050109863,0.0,0.0,26.697011947631836,0.0,0.0,0.0,0.0,0.0,0.0,0.0,0.0,0.0,0.0,0.0,0.0,0.0,0.0,0.0,0.0,0.0,0.0,0.0,0.0,0.0,0.0,0.0,0.0,0.0,0.0,0.0,0.0,0.0,0.0,0.0,0.0,0.0,0.0,0.0,0.0,12.82592487335205,0.0,0.0,0.0,14.609563827514648,0.0,0.0,0.0,0.0,0.0,0.0,0.0,0.0,0.0,0.0,0.0,0.0,0.0,0.0,0.0,0.0,0.0,0.0,0.0,0.0,0.0,0.0,0.0,0.0,0.0,0.0,0.0,0.0,0.0,0.0,0.0,0.0,0.0,0.0,0.0,18.314922332763672,0.0,0.0,0.0,0.0,0.0,0.0,0.0,0.0,0.0,0.0,0.0,0.0,0.0,0.0,0.0,0.0,0.0,0.0,0.0,0.0,0.0,0.0,0.0,18.22099494934082,0.0,0.0,25.01742172241211,0.0,0.0,0.0,6.829593181610107,0.0,0.0,12.69730281829834,40.93940734863281,0.0,12.423431396484375,0.0,0.0,0.0,0.0,0.0,0.0,0.0,0.0,0.0,0.0,0.0,0.0,0.0,0.0,0.0,0.0,0.0,0.0,2.388981580734253,0.0,0.0,0.0,0.0,0.0,0.0,0.0,0.0,0.0,0.0,0.0,0.0,0.0,0.0,0.0,107.55638885498047,0.0,3.707603931427002,0.0,0.0,0.0,27.04684066772461,0.0,0.0,0.0,26.32207489013672,0.0,0.0,0.0,0.0,0.0,0.0,0.0,0.0,0.0,0.0,0.0,0.0,0.0,0.0,0.0,0.0,0.0,0.0,0.0,0.0,0.0,0.0,25.410228729248047,0.0,0.0,0.0,0.0,0.0,0.0,0.0,0.0,0.0,0.0,0.0,0.0,0.0,0.0,0.0,0.0,0.0,0.0,0.0,0.0,0.0,0.0,50.18659973144531,0.0,0.0,0.0,0.0,0.0,0.0,0.0,0.0,0.0,0.0,0.0,0.0,0.0,0.0,9.897581100463867,0.0,0.0,0.0,0.0,0.0,0.0,0.0,0.0,0.0,0.0,0.0,0.0,0.0,0.0,0.0,0.0,0.0,0.0,0.0,14.442427635192871,0.0,0.0,0.0,0.0,0.0,44.515533447265625,0.0,0.0,0.0,0.0,0.0,0.0,0.0,0.0,0.0,0.0,0.0,15.870038032531738,0.0,0.0,0.0,0.0,0.0,32.543033599853516,0.0,0.0,0.0,0.0,0.0,0.0,0.0,0.0,0.0,0.0,0.0,0.0,0.0,0.0,0.0,0.0,0.0,0.0,0.0,0.0,0.0,9.088471412658691,0.0,0.0,0.0,0.0,0.0,0.0,0.0,0.0,37.210426330566406,0.0,0.0,0.0,0.0,0.0,0.0,0.0,0.0,0.0,0.0,0.0,0.0,0.0,0.0,0.0,0.0,0.0,19.532909393310547,0.0,0.0,0.0,0.0,0.0,0.0,79.68302917480469,0.0,0.0,0.0,0.0,20.556509017944336,0.0,0.0,0.0,0.0,0.0,0.0,0.0,0.0,0.0,0.0,13.787527084350586,0.0,0.0,0.0,0.0,0.0,0.0,0.0,0.0,0.0,0.0,0.0,0.0,0.0,0.0,0.0,0.0,0.0,0.0,0.0,0.0,0.0,0.0,0.0,0.0,0.0,0.0,0.0,0.0,0.0,0.0,0.0,0.0,0.0,22.09884262084961,0.8864328265190125,0.0,0.0,0.0,0.0,0.0,0.0,2.2342381477355957,0.0,0.0,0.0,0.0,0.0,0.0,0.0,14.945741653442383,0.0,0.0,0.0,0.0,0.0,0.0,0.0,0.0,0.0,0.0,0.0,0.0,6.0648088455200195,0.0,0.0,0.0,0.0,40.54924011230469,0.0,2.40891170501709,19.82152557373047,0.0,0.0,0.0,0.0,0.0,0.0,0.0,0.0,0.0,0.0,0.0,0.0,0.0,0.0,0.0,0.0,0.0,0.0,0.0,0.0,0.0,6.699487209320068,0.0,0.0,0.0,29.393537521362305,23.99319076538086,0.0,0.0,0.0,0.0,0.0,0.0,0.0,0.0,0.0,0.0,0.0,0.0,0.0,0.0,0.0,0.0,0.0,0.0,0.0,0.0,0.0,0.0,1.249988079071045,0.0,0.0,0.0,0.0,0.0,0.0,0.0,24.095508575439453,0.0,0.0,0.0,0.0,0.0,1.7666995525360107,0.0,0.0,0.0,0.0,0.0,0.0,0.0,0.0,0.0,0.0,0.0,0.0,34.45875930786133,0.0,0.0,8.538949012756348,0.0,10.977685928344727,0.0,0.0,0.0,0.0,0.0,0.0,11.866218566894531,0.0,0.0,0.0,10.455455780029297,46.62246322631836,0.0,0.0,0.0,0.0,0.0,0.0,0.0,10.001174926757812,0.0,1.8277559280395508,13.15379810333252,0.0,4.2423200607299805,0.0,0.0,0.0,0.0,0.0,0.0,0.6159694194793701,0.0,31.528732299804688,0.0,0.0,0.0,0.0,0.0,0.0,0.0,0.0,0.0,0.0,1.4609625339508057,0.0,0.0,0.0,0.0,0.0,0.0,0.0,0.0,0.0,0.0,0.0,0.0,29.0955753326416,0.0,0.0,0.0,10.231229782104492,0.0,0.0,0.0,0.0,0.0,0.0,0.0,0.0,0.039848752319812775,0.0,0.0,0.0,0.0,0.11071649193763733,0.0,0.0,0.0,0.0,0.0,0.0,0.0,0.0,0.0,8.233935356140137,20.362144470214844,4.425326347351074,0.0,0.0,0.0,0.0,0.0,0.0,0.0,0.3482653498649597,0.0,0.0,0.0,0.0,0.0,0.0,0.0,0.0,41.98035430908203,12.697381973266602,0.0,0.0,0.0,0.0,0.0,6.922130107879639,0.0,0.0,0.0,0.0,0.0,17.92642593383789,0.0,0.0,0.0,0.4484948515892029,0.0,0.0,0.0,0.0,0.0,0.0,0.0,0.0,0.0,0.0,0.0,0.0,18.14289665222168,0.0,0.0,0.0,0.0,0.0,0.0,0.0,0.0,0.0,0.0,0.0,0.0,0.0,0.0,0.0,0.0,0.0,0.0,0.0,0.0,11.36593246459961,0.0,0.0,0.0,0.0,0.0,0.0,3.9099855422973633,0.0,0.0,0.0,0.0,7.595185279846191,0.0,0.0,0.0,11.167553901672363,0.0,0.0,0.0,0.0,0.0,35.88506317138672,0.0,0.0,0.0,0.0,0.0,0.0,0.0,0.0,0.0,0.0,0.0,0.0,0.0,4.466021537780762,0.0,16.15703010559082,0.0,2.628115653991699,0.0,0.0,0.0,9.987875938415527,20.018722534179688,25.159381866455078,0.0,2.2512047290802,20.64006805419922,39.09611892700195,0.0,0.0,1.8351463079452515,0.0,0.0,0.0,0.0,0.0,0.0,0.0,0.0,0.0,0.0,19.823381423950195,0.0,11.229364395141602,0.0,0.0,0.0,0.0,0.0,54.66425323486328,0.0,6.596571445465088,0.0,0.0,0.0,0.0,0.0,4.943146705627441,0.0,0.0,0.0,0.0,0.0,0.0,58.424076080322266,0.6199040412902832,0.0,0.0,0.0,0.0,0.0,0.0,0.0,0.0,0.0,0.0,42.86589050292969,0.0,0.0,0.0,0.0,0.0,0.0,0.0,20.706466674804688,5.985422611236572,0.0,0.0,0.0,0.0,1.0881284475326538,0.0,10.298130989074707,9.186192512512207,0.0,2.0068531036376953,0.0,0.0,0.0,44.193626403808594,0.0,0.0,0.25104832649230957,0.0,0.0,1.3871455192565918,0.0,0.0,41.047218322753906,0.0,0.0,0.0,0.0,0.0,0.0,0.0,0.0,0.0,0.0,0.0,0.0,0.0,3.176131010055542,22.316429138183594,0.0,0.0,0.0,38.90879440307617,0.0,0.0,29.879302978515625,0.0,0.0,0.0,0.0,0.0,0.0,0.0,0.0,15.59648609161377,0.967353880405426,0.0,0.0,6.358877182006836,0.0,8.579720497131348,0.0,0.0,0.0,26.303974151611328,0.0,0.0,0.0,0.0,0.0,13.881452560424805,0.0,3.8334383964538574,0.0,0.0,0.0,0.0,0.0,0.0,41.27041244506836,0.0,0.0,0.0,0.0,7.686325550079346,0.0,0.0,0.0,0.0,0.0,0.0,6.204794883728027,0.0,1.5781563520431519,0.0,0.0,0.0,0.0,0.0,0.0,20.95760726928711,0.0,0.0,0.0,0.0,0.0,0.0,0.0,0.0,0.0,0.0,0.0,0.0,0.0,0.0,0.0,0.0,0.0,0.0,0.0,0.0,0.0,0.0,0.0,0.0,0.0,0.0,0.0,20.658090591430664,15.452417373657227,0.0,0.0,0.0,14.61631965637207,3.692319631576538,0.0,0.0,0.0,0.0,0.0,0.0,0.0,3.046499729156494,0.0,0.0,0.0,0.0,0.0,0.0,0.0,0.0,0.0,0.0,0.0,0.0
n000455_9.jpg,0.0,0.0,0.0,0.0,3.6947758197784424,0.0,0.0,0.0,33.530616760253906,0.0,0.0,0.0,0.0,0.0,0.0,0.0,0.0,31.465835571289062,0.0,0.0,0.0,0.0,0.0,0.0,0.0,0.0,0.0,11.375561714172363,0.0,0.0,0.0,0.0,0.0,5.240921974182129,0.0,0.0,0.0,0.0,0.0,0.0,0.0,0.0,0.0,0.0,5.744485378265381,0.0,0.0,0.0,0.0,24.516338348388672,0.0,0.0,0.0,6.186211109161377,0.0,25.40534019470215,0.0,0.0,0.0,0.0,0.0,0.0,0.0,0.0,0.0,5.049349308013916,0.0,0.0,0.0,0.0,0.0,0.0,0.0,0.0,0.0,0.0,0.0,2.5161654949188232,0.0,0.0,5.392124652862549,0.0,0.0,0.0,5.262628555297852,0.0,0.0,0.0,2.614912748336792,0.0,0.0,0.0,0.0,0.0,0.0,0.0,0.0,0.0,0.0,0.0,60.09503936767578,0.0,0.0,7.160842418670654,13.078808784484863,39.053401947021484,0.0,0.0,0.0,0.0,0.0,0.0,7.930768013000488,0.0,0.0,15.876355171203613,0.0,1.907556176185608,0.0,0.0,0.0,0.0,0.0,0.0,0.0,0.0,0.0,0.0,0.0,0.0,0.0,9.090438842773438,0.0,0.0,0.0,0.0,3.724560499191284,0.0,0.0,0.0,0.0,0.0,12.714673042297363,6.318849563598633,0.0,0.0,0.0,0.0,0.0,18.303646087646484,0.0,42.613216400146484,0.0,0.0,0.0,8.014820098876953,0.0,0.0,0.0,0.0,6.997998237609863,0.0,0.0,0.0,15.784157752990723,0.0,0.0,0.0,0.0,0.0,0.0,0.0,0.0,0.0,0.0,8.965618133544922,0.0,0.0,0.0,0.0,0.0,0.0,0.0,0.0,0.0,0.0,0.0,0.0,0.0,6.088459014892578,5.958621025085449,0.0,0.0,0.0,0.0,0.0,4.5122175216674805,0.0,0.0,12.504292488098145,21.948036193847656,0.0,18.641048431396484,14.303183555603027,0.0,5.483181476593018,0.0,0.0,0.0,0.0,0.0,0.0,0.0,0.0,5.431210994720459,0.0,2.897491693496704,0.0,2.519324779510498,0.0,0.0,0.0,0.0,0.0,0.0,11.583198547363281,0.0,0.0,0.0,0.0,0.0,0.0,0.0,12.23277473449707,0.0,0.0,0.0,0.0,8.368924140930176,0.0,0.0,0.0,4.497408390045166,0.0,0.0,0.0,0.0,0.0,0.0,0.0,0.0,0.0,8.591838836669922,0.0,0.0,0.0,0.0,0.0,0.0,0.0,21.539487838745117,0.0,0.0,0.0,0.0,0.0,0.0,0.0,0.0,0.0,0.0,0.0,0.0,0.0,0.0,0.0,0.0,0.0,0.0,0.0,5.472843170166016,22.078601837158203,0.0,0.0,0.0,0.0,0.0,0.0,0.0,0.0,0.0,0.0,0.0,0.0,0.0,29.751235961914062,0.0,3.329458475112915,0.0,0.0,0.0,0.0,0.0,0.0,0.0,0.0,13.807576179504395,0.0,0.0,0.0,0.0,0.0,0.0,13.76554012298584,0.0,14.402078628540039,0.0,0.0,0.0,0.0,0.0,22.59028434753418,0.0,15.480016708374023,0.0,0.0,0.0,0.0,0.0,0.0,0.0,0.0,0.0,0.0,0.0,0.0,0.0,0.0,3.146864891052246,0.0,0.0,0.0,0.0,0.0,0.0,6.802927494049072,20.378210067749023,4.20394229888916,0.0,0.0,0.0,0.0,0.0,0.0,0.0,0.0,15.859895706176758,0.0,0.0,0.0,0.0,0.0,0.0,0.0,55.928890228271484,14.993644714355469,1.2891759872436523,0.0,0.0,0.0,0.0,27.327106475830078,0.0,0.0,7.230960369110107,0.0,0.0,0.0,0.0,0.0,2.833540916442871,0.0,0.0,0.0,0.0,0.0,0.0,0.0,0.0,3.518118143081665,15.001559257507324,0.0,0.0,0.0,0.0,0.0,0.0,0.0,0.0,1.2826329469680786,9.76778507232666,4.8563103675842285,0.0,0.0,0.0,7.161401748657227,0.0,0.0,0.0,8.958647727966309,0.0,0.0,0.0,16.084510803222656,0.0,0.0,0.0,0.0,0.0,0.0,0.0,0.0,0.0,0.0,0.0,0.0,0.0,0.0,0.0,0.0,0.0,0.0,0.0,0.0,0.0,19.669973373413086,29.891216278076172,6.8212361335754395,0.0,0.0,0.0,0.14099931716918945,8.373157501220703,0.0,0.0,0.0,0.0,0.0,0.0,0.0,0.0,0.0,0.0,0.0,0.0,2.892605781555176,15.122767448425293,4.914913654327393,0.0,0.0,0.0,0.0,0.0,36.601539611816406,0.0,0.0,0.0,0.0,17.619033813476562,0.9503354430198669,0.0,0.0,3.5123724937438965,0.0,0.0,0.0,0.0,0.0,0.0,0.0,0.0,4.4020891189575195,0.0,0.0,0.0,11.545310974121094,0.0,0.0,0.0,0.0,0.0,0.0,0.0,0.0,0.0,0.0,0.0,0.0,0.0,0.0,0.0,0.0,0.0,0.0,0.7848707437515259,0.0,0.0,0.0,0.0,0.0,10.61539363861084,0.0,0.0,0.0,0.0,0.0,0.0,0.0,0.0,0.0,18.944974899291992,0.0,0.0,0.0,0.0,0.0,0.0,0.0,0.0,46.0803108215332,0.0,0.0,0.0,0.0,0.0,0.0,0.0,0.0,0.0,9.889892578125,0.0,0.0,0.0,0.0,0.0,12.26987075805664,0.0,20.18920135498047,0.0,0.0,0.0,0.0,0.0,0.0,0.0,0.0,0.0,0.0,0.0,2.4613490104675293,0.0,6.7183918952941895,0.0,0.0,0.0,12.368450164794922,0.0,15.353026390075684,0.0,0.0,0.0,1.0087045431137085,0.0,0.0,0.0,0.0,2.184211492538452,0.0,0.0,0.0,0.0,0.0,0.0,0.0,0.0,0.0,0.0,0.0,0.0,0.0,0.0,0.0,0.0,0.0,1.1942481994628906,0.0,0.0,0.0,0.0,0.0,0.0,0.0,0.0,0.0,0.0,0.0,0.0,0.0,0.0,0.0,0.0,0.0,27.56749725341797,0.0,0.0,10.149306297302246,0.0,11.93735122680664,0.0,0.0,0.0,0.0,0.0,1.9951568841934204,12.173432350158691,2.2822442054748535,0.0,0.0,0.0,6.659748077392578,0.0,0.0,0.0,0.0,0.0,0.0,0.0,0.0,0.0,0.0,0.0,0.0,0.0,10.455103874206543,0.0,0.0,0.0,0.0,6.752963542938232,0.0,0.0,0.0,0.0,19.96705436706543,8.427976608276367,0.0,0.0,15.050254821777344,0.0,0.0,0.0,0.0,2.034109592437744,21.605995178222656,0.0,0.0,0.0,10.267905235290527,0.0,0.0,0.0,0.0,0.47297465801239014,0.0,0.0,0.0,12.88741397857666,0.4867219030857086,0.0,0.0,0.0,0.0,0.0,0.0,0.0,0.0,0.0,0.0,0.0,0.0,0.0,0.0,0.0,0.0,0.0,0.0,0.0,0.0,0.0,0.0,0.0,9.548650741577148,4.584854602813721,0.0,0.0,0.0,0.0,0.0,1.7706010341644287,0.0,0.0,3.8657619953155518,14.257688522338867,0.0,12.46837043762207,21.10629653930664,0.0,0.0,0.0,0.0,0.0,4.479427337646484,0.0,8.463998794555664,0.0,0.0,0.0,0.0,0.0,0.0,0.0,0.0,0.0,0.0,0.0,0.0,0.0,0.0,0.0,0.0,0.0,0.0,0.0,0.0,0.0,20.36728858947754,0.0,0.0,0.0,0.0,0.0,0.0,0.0,0.0,0.0,0.0,0.0,0.0,0.0,0.0,0.0,2.217994451522827,0.0,0.0,7.395824432373047,0.0,19.785898208618164,0.0,0.0,0.0,0.0,0.0,0.0,0.0,6.248897552490234,0.0,0.0,0.0,0.0,0.0,0.0,0.0,0.0,0.0,0.0,6.524025917053223,0.0,0.0,0.0,0.0,0.0,0.0,0.0,13.5552396774292,0.0,0.0,0.0,0.0,0.0,0.0,0.0,0.0,0.0,0.0,0.0,0.0,0.0,21.60538101196289,0.0,15.843689918518066,0.0,0.0,0.0,0.0,0.0,0.0,0.0,0.0,14.256174087524414,0.0,0.0,0.0,0.0,0.0,0.0,14.758005142211914,0.0,0.0,0.0,0.0,0.0,0.0,0.0,0.0,0.0,33.3197135925293,0.0,0.0,0.0,0.0,0.0,0.14480748772621155,0.0,0.0,0.0,0.0,0.0,0.0,0.0,0.0,0.0,0.0,0.0,0.0,0.0,0.0,0.0,5.032328128814697,27.81361961364746,0.0,0.0,0.0,0.0,0.0,0.0,0.0,0.0,0.0,21.812044143676758,0.0,0.0,0.0,0.0,0.0,0.0,0.0,70.48967742919922,7.784175872802734,0.0,0.0,0.0,0.0,0.0,13.64941692352295,0.0,0.0,11.087647438049316,0.0,0.0,0.0,0.3039848804473877,0.0,1.179206132888794,0.0,0.0,0.0,0.0,0.0,0.0,0.0,0.0,0.0,3.7004058361053467,0.0,0.0,0.0,0.0,0.0,0.0,0.0,0.0,17.996797561645508,30.120912551879883,1.7952395677566528,0.0,0.0,0.0,6.780824184417725,0.0,0.0,0.0,15.815302848815918,0.0,0.0,0.0,13.115596771240234,0.0,0.0,0.0,0.0,0.0,0.0,3.1734907627105713,0.0,0.0,0.0,0.0,0.20506855845451355,0.0,0.0,0.0,0.0,0.0,0.0,0.0,0.0,0.0,0.0,39.619911193847656,23.190893173217773,0.0,0.0,0.0,0.0,0.0,0.0,0.0,0.0,0.0,0.0,0.0,0.0,0.0,0.0,0.0,0.0,0.0,0.0,13.820221900939941,0.0,0.0,0.0,0.0,0.0,0.0,15.720152854919434,0.0,0.0,0.0,0.0,20.907596588134766,3.1196868419647217,0.0,0.0,0.0,0.0,0.0,0.0,0.0,0.0,0.0,0.0,0.0,0.3802967369556427,0.0,0.0,0.0,0.0,0.0,0.0,0.0,0.0,0.0,0.0,0.0,0.0,0.0,0.0,0.0,0.0,0.0,0.0,0.0,0.0,0.0,0.0,0.0,0.0,0.0,0.0,0.0,0.0,0.0,0.0,0.0,0.0,0.0,0.0,0.0,0.0,0.0,0.0,0.0,24.9200439453125,0.0,0.0,0.0,0.0,0.0,0.0,0.0,38.11827850341797,0.0,0.0,0.0,0.0,0.0,0.0,0.0,0.0,0.0,0.0,0.0,0.0,0.0,0.0,6.222298622131348,0.0,0.0,22.96742820739746,0.0,0.0,0.0,0.0,0.0,0.0,0.0,0.0,0.0,0.0,0.0,4.001669406890869,0.0,11.96541690826416,0.0,0.0,0.0,2.3296587467193604,0.0,9.528922080993652,0.0,0.0,0.0,49.07905578613281,0.0,0.0,4.733739852905273,0.0,0.0,0.0,0.0,0.0,0.0,0.0,0.0,0.0,0.0,0.0,0.0,0.0,0.0,0.0,0.0,0.0,0.0,0.0,30.400070190429688,0.0,0.3599938750267029,0.0,0.0,3.892653226852417,0.0,7.253565788269043,0.0,0.0,0.0,0.0,0.0,0.0,0.0,0.0,0.0,0.0,0.0,0.0,0.0,0.0,0.0,0.0,0.0,0.0,0.0,0.0,0.0,0.0,33.70724868774414,0.0,0.0,0.0,0.0,0.0,0.0,0.0,0.0,0.0,0.0,0.0,0.0,0.0,0.0,0.0,0.0,0.0,0.0,0.4915217459201813,0.0,0.0,0.0,0.0,0.0,0.0,0.0,0.0,0.0,0.0,0.0,0.0,0.0,7.313342094421387,0.0,0.0,0.0,0.0,10.508356094360352,0.0,0.0,0.0,0.0,0.0,0.0,0.0,0.0,0.0,0.0,0.0,0.0,0.0,11.63427734375,0.0,0.0,0.0,0.0,0.0,0.0,0.0,0.0,0.0,7.114649295806885,0.0,0.0,0.0,0.0,0.0,0.0,0.0,0.0,0.0,0.0,0.0,0.0,0.0,0.0,0.0,0.0,0.0,0.0,0.0,0.0,0.0,0.0,0.0,0.0,1.03658127784729,0.0,0.0,0.0,0.0,0.8870861530303955,0.0,17.373329162597656,0.0,0.0,8.859170913696289,0.0,0.0,0.0,8.748178482055664,12.694724082946777,0.0,0.0,0.0,0.0,0.0,0.0,1.0167614221572876,0.0,0.0,0.0,0.0,0.0,0.0,0.0,0.0,0.0,0.0,0.0,42.82594680786133,0.0,0.0,0.0,0.0,0.0,0.0,0.0,0.0,0.0,0.0,0.0,0.0,0.0,0.0,0.0,7.975034236907959,0.0,0.0,0.0,0.0,25.96820831298828,0.0,0.0,0.0,0.0,0.0,0.0,0.0,14.594388961791992,0.0,0.0,0.0,0.0,0.0,0.0,0.0,0.0,0.0,0.0,39.998382568359375,0.0,0.0,0.0,0.0,0.0,0.0,0.0,2.190720319747925,0.0,0.0,0.0,0.0,0.0,0.0,0.0,0.0,0.0,2.8429970741271973,0.0,0.0,0.0,0.0,0.0,31.207988739013672,0.0,0.0,0.0,0.0,0.0,0.0,0.0,0.0,0.6095558404922485,0.0,0.0,0.0,0.0,0.0,0.0,0.0,0.0,0.0,0.0,0.0,0.0,0.0,0.0,0.0,0.0,23.067373275756836,0.0,0.0,0.0,0.0,0.0,15.243739128112793,0.0,0.0,0.0,19.4857234954834,0.0,0.0,0.0,0.0,0.0,0.0,2.7435197830200195,0.0,0.0,0.0,0.0,0.0,19.984582901000977,0.0,0.0,0.0,0.0,0.0,0.0,0.0,0.0,0.0,0.0,0.0,0.0,0.0,0.0,0.0,0.0,0.0,37.214839935302734,0.0,0.0,0.0,0.0,0.0,0.0,0.0,0.0,0.0,0.0,0.0,0.0,0.0,0.0,0.0,0.0,0.0,0.0,0.0,0.0,0.0,0.0,0.0,0.0,0.0,0.0,0.0,0.0,0.0,0.0,12.190481185913086,0.0,0.0,0.0,54.17549514770508,24.738807678222656,0.0,0.0,0.0,0.0,15.653617858886719,0.0,0.0,0.0,0.0,0.0,0.0,0.0,0.0,0.0,0.0,0.0,0.0,0.0,0.0,0.0,0.0,0.0,0.0,0.0,0.0,0.0,0.0,0.0,0.0,0.0,0.0,0.0,0.0,0.0,0.0,39.187767028808594,11.353650093078613,0.0,0.0,0.0,0.0,0.0,0.0,0.0,0.0,0.0,6.822867393493652,0.0,0.0,0.0,0.0,0.0,0.0,0.0,0.0,0.0,0.0,0.0,0.0,0.0,0.0,0.0,6.029891490936279,0.0,0.0,0.0,0.0,0.0,0.0,26.870887756347656,0.0,0.0,0.0,0.0,20.637527465820312,0.0,0.0,0.0,0.0,0.0,0.0,0.0,0.0,0.0,0.0,0.0,0.0,0.0,0.0,0.0,0.0,0.0,0.0,0.0,0.0,19.727983474731445,0.0,0.0,0.0,0.0,4.655445098876953,0.0,0.0,0.0,11.231451988220215,0.0,0.0,0.0,0.0,0.0,0.0,0.0,0.0,0.0,9.632189750671387,0.0,0.0,0.0,0.0,0.0,22.40765953063965,0.0,0.0,0.0,0.0,0.0,0.0,0.0,21.066944122314453,0.0,0.0,0.0,0.0,6.233639240264893,0.0,0.0,0.0,0.0,0.0,0.0,0.0,0.0,0.0,12.779112815856934,0.0,0.0,0.0,0.0,0.0,0.0,0.0,0.0,2.29787015914917,0.0,0.0,0.0,0.0,0.0,1.4865740537643433,0.0,20.06360626220703,0.0,0.0,0.0,2.9683444499969482,0.0,10.970572471618652,0.0,0.0,0.0,41.286800384521484,0.0,0.0,2.2552530765533447,0.0,0.0,0.0,0.0,0.0,0.0,0.0,0.0,0.0,0.0,0.0,0.0,0.0,0.0,2.5730690956115723,0.0,0.0,0.0,0.0,56.94054412841797,0.0,0.0,0.0,0.0,14.671457290649414,0.0,8.586442947387695,0.0,0.0,0.0,0.0,0.0,0.0,0.0,0.0,0.0,0.0,5.935247898101807,0.0,0.0,0.0,0.0,0.0,0.0,0.0,0.0,0.0,0.0,0.0,18.39349937438965,0.0,0.0,0.0,0.0,6.602597236633301,0.0,0.0,0.0,0.0,0.0,0.0,0.0,0.0,0.0,0.0,0.0,0.0,0.0,0.0,0.0,0.0,0.0,0.0,0.0,0.0,0.0,0.0,0.0,0.0,0.0,0.0,51.484188079833984,0.0,0.0,0.0,0.0,0.0,9.893957138061523,0.0,0.0,0.0,0.0,5.287059307098389,0.0,0.0,0.0,0.0,0.0,0.0,0.0,0.0,0.0,0.0,0.0,0.0,0.0,0.0,0.0,0.0,0.0,0.0,7.337741374969482,0.0,0.0,0.0,0.0,0.0,0.0,0.0,0.0,0.0,0.0,0.0,0.0,13.293889999389648,0.0,0.0,0.0,0.0,0.0,0.0,0.0,0.0,0.0,0.0,0.0,0.0,0.0,0.0,0.0,0.0,0.0,0.0,27.658935546875,0.0,40.597129821777344,0.0,0.0,0.0,0.0,4.629208087921143,11.400505065917969,0.0,0.0,0.0,0.0,2.2145817279815674,0.0,13.282400131225586,0.0,0.0,0.0,0.0,0.0,0.0,0.0,0.0,0.0,0.0,0.0,30.187679290771484,0.0,0.0,0.0,0.0,0.0,0.0,0.0,0.0,0.0,0.0,0.0,0.0,0.0,0.0,0.0,0.0,0.0,0.0,0.0,0.0,18.675662994384766,0.0,0.0,0.0,0.0,0.0,0.0,0.0,6.381563186645508,0.0,0.0,0.0,0.0,0.0,0.0,0.0,0.0,0.0,0.0,36.58469772338867,0.0,0.0,0.0,0.0,0.0,0.0,0.0,0.0,0.0,0.0,0.0,0.0,0.0,0.0,0.0,0.0,0.0,6.6122002601623535,0.0,0.0,0.0,0.0,0.0,23.340402603149414,0.0,0.0,0.0,0.0,0.0,0.0,0.0,0.0,0.0,0.0,0.0,0.0,0.0,0.0,0.0,0.0,0.0,0.0,0.0,0.0,0.0,0.0,0.0,5.262269973754883,0.0,0.0,0.0,0.0,0.0,0.0,0.0,7.502867698669434,0.0,0.0,0.0,20.456819534301758,0.0,0.0,0.0,0.0,0.0,0.0,4.086297512054443,0.0,0.0,0.0,0.0,0.0,0.0,0.0,0.0,0.0,0.0,0.0,0.0,0.0,0.0,0.0,0.0,0.0,0.0,0.0,0.0,0.0,0.0,0.0,0.0,0.0,0.0,1.221006155014038,0.0,0.0,0.0,0.0,0.0,0.0,0.0,0.0,0.0,0.0,0.0,0.0,0.0,0.0,0.0,0.0,0.0,0.0,0.0,0.0,0.0,15.322332382202148,0.0,0.0,0.0,0.0,0.0,23.089561462402344,0.0,0.0,0.0,51.092899322509766,0.0,0.0,0.0,0.0,0.0,6.554816246032715,0.0,0.0,0.0,0.0,0.0,0.0,0.0,0.0,0.0,0.0,0.0,0.0,0.0,0.0,0.0,0.0,0.0,0.0,0.0,0.0,0.0,0.0,0.0,0.0,0.0,0.0,0.0,0.0,0.0,0.0,69.25086212158203,0.0,0.0,0.0,0.0,0.0,0.0,0.0,0.0,0.0,0.0,2.750460147857666,0.0,0.0,0.0,0.0,0.0,0.0,0.0,0.0,0.0,0.0,0.0,0.0,0.0,0.0,0.0,0.0,0.0,0.0,0.0,0.0,0.0,0.0,43.034690856933594,0.0,0.0,0.0,0.0,25.062824249267578,0.0,0.0,0.0,0.0,0.0,0.0,0.0,0.0,0.0,0.0,0.0,0.0,0.0,0.0,0.0,0.0,0.0,0.0,0.0,0.0,16.43516731262207,0.0,0.0,0.0,0.0,2.4532299041748047,7.064665794372559,0.0,0.0,3.3230738639831543,0.0,0.0,0.0,0.0,0.0,0.0,0.0,0.0,0.0,0.0,0.0,0.0,0.0,0.0,0.0,0.0,0.0,0.0,0.0,0.0,0.0,0.0,0.0,0.0,0.0,0.0,0.0,0.0,0.0,0.0,0.0,0.0,0.0,0.0,0.0,0.0,0.0,0.0,0.10010834038257599,24.653764724731445,0.0,0.0,0.0,0.0,0.0,0.0,0.0,0.0,0.0,0.0,10.186456680297852,0.0,0.0,0.0,0.0,0.0,0.0,0.0,0.0,0.0,0.0,0.46032029390335083,0.0,0.0,0.0,0.0,0.0,0.0,0.0,0.0,0.0,0.0,0.0,0.0,0.0,0.0,0.0,0.0,0.0,0.0,0.0,0.0,0.0,5.163453578948975,0.0,0.0,0.0,0.0,29.40888214111328,0.0,0.0,0.0,0.0,0.0,0.0,0.0,0.0,0.0,0.0,0.0,0.0,0.0,0.0,6.433978080749512,0.0,0.0,7.525782108306885,0.0,0.0,0.0,0.0,0.0,0.0,0.0,0.0,0.0,0.0,0.0,0.0,0.0,0.0,0.0,0.0,0.0,0.0,0.0,0.0,0.0,0.0,0.0,0.0,0.0,0.0,0.0,0.0,0.0,0.0,0.0,0.0,0.0,0.0,0.0,0.0,0.0,0.0,0.0,0.0,0.0,0.0,0.0,36.148399353027344,0.0,0.0,0.0,0.0,0.0,0.0,0.0,0.0,0.0,0.0,5.379034996032715,0.0,0.0,0.0,0.0,0.0,0.0,0.0,0.0,0.0,0.0,0.0,0.0,0.0,0.0,0.0,0.0,0.0,0.0,0.0,0.0,0.0,0.0,0.0,0.0,0.0,0.0,0.0,0.0,0.0,0.0,0.0,0.0,5.63580322265625,0.0,0.0,0.0,0.0,0.0,0.0,0.0,0.0,0.0,0.0,0.0,0.0,0.0,0.0,0.0,0.0,0.0,0.0,0.0,26.53102684020996,0.0,0.0,0.0,0.0,0.0,0.0,0.0,0.0,0.0,0.0,0.0,21.877519607543945,0.0,0.0,0.0,0.0,0.0,0.0,0.0,0.0,0.0,0.0,0.0,0.0,0.0,0.0,0.0,0.0,0.0,0.0,0.0,0.0,0.0,0.0,0.0,0.0,0.0,0.0,0.0,0.0,0.0,0.0,0.0,0.0,0.0,7.330101490020752,0.0,0.0,0.0,0.0,0.0,0.0,0.0,0.0,0.0,0.0,0.0,0.0,0.0,0.0,0.0,0.0,0.0,0.0,0.0,0.0,0.0,0.0,0.0,0.0,0.0,0.0,0.0,0.0,0.0,0.0,0.0,0.0,0.0,0.0,0.0,0.0,0.0,0.0,0.0,0.0,0.0,0.0,0.0,0.0,0.0,0.0,0.0,0.0,0.0,0.0,0.0,0.0,0.0,0.0,0.0,0.0,0.0,0.0,0.0,0.0,0.0,0.0,0.0,0.0,0.0,0.0,0.0,0.0,0.0,0.0,0.0,0.0,0.0,0.0,0.0,0.0,0.0,0.0,0.0,0.0,0.0,0.0,0.0,0.0,0.0,0.0,0.0,0.0,0.0,0.0,0.0,0.0,0.0,0.0,0.0,0.0,0.0,0.0,0.0,0.0,0.0,0.0,0.0,0.0,0.0,0.0,0.0,0.0,0.0,0.0,0.0,0.0,0.0,0.0,0.0,0.0,0.0,0.0,0.0,0.0,0.0,0.0,0.0,0.0,0.0,0.0,0.0,0.0,0.0,0.0,0.0,0.0,0.0,0.0,7.400075435638428,0.0,0.0,0.0,0.0,0.0,0.0,0.0,0.0,0.0,0.0,0.0,0.0,0.0,0.0,0.0,0.0,0.0,0.0,8.700079917907715,0.0,0.0,0.0,0.0,0.0,0.0,0.0,0.0,0.0,0.0,0.0,0.0,0.0,0.0,0.0,0.0,0.0,0.0,0.0,0.0,0.0,0.0,0.0,0.0,0.0,0.0,0.0,78.32422637939453,0.0,0.0,0.0,0.0,0.0,0.0,0.0,0.0,0.0,0.0,0.0,0.0,0.0,0.0,0.0,0.0,0.0,0.0,0.0,0.0,0.0,0.0,0.0,0.0,0.0,0.0,0.0,0.0,0.0,0.0,0.0,0.0,0.0,0.0,0.0,0.0,0.0,0.0,0.0,0.0,0.0,0.0,0.0,0.0,0.0,0.0,0.0,0.0,0.0,0.0,0.0,0.0,0.0,0.0,0.0,0.0,0.0,0.0,0.0,0.0,0.0,0.0,0.0,0.0,0.0,0.0,0.0,0.0,0.0,0.0,0.0,0.0,3.7908456325531006,0.0,0.0,0.0,0.0,0.0,0.0,0.0,0.0,0.0,0.0,0.0,0.0,0.0,0.0,0.0,0.0,0.0,0.0,0.0,0.0,0.0,0.0,0.0,0.0,0.0,0.0,0.0,0.0,0.0,0.0,0.0,0.0,0.0,0.0,0.0,31.7427921295166,0.0,0.0,0.0,0.0,0.0,0.0,0.0,0.0,0.0,0.0,8.214548110961914,0.0,0.0,0.0,0.0,0.0,0.0,0.0,0.0,0.0,0.0,0.0,0.0,0.0,0.0,0.0,0.0,0.0,0.0,0.0,0.0,0.0,4.79210901260376,0.0,0.0,0.0,0.0,0.0,0.0,0.0,0.0,0.0,0.0,0.0,0.0,0.0,0.0,0.0,6.28557014465332,0.0,0.0,0.0,0.0,0.0,0.0,0.0,0.0,0.0,0.0,0.0,0.0,0.0,0.0,0.0,0.0,0.0,0.0,0.0,0.0,0.0,0.0,0.0,0.0,0.0,0.0,0.0,21.76579475402832,0.0,0.0,1.1279855966567993,0.0,0.0,0.0,0.0,0.0,0.0,0.0,0.0,0.0,0.0,0.0,0.0,0.0,0.0,0.0,0.0,0.0,0.0,0.0,0.0,0.0,0.0,0.0,0.0,0.0,0.0,0.0,0.0,0.0,0.0,0.0,0.0,0.0,0.0,0.0,0.0,0.0,0.0,0.0,0.0,0.0,0.0,0.0,0.0,0.0,0.0,0.0,0.0,0.0,0.0,0.0,0.0,0.0,0.0,0.0,0.0,0.0,0.0,0.0,0.0,0.0,0.0,0.0,0.0,0.0,0.0,0.0,0.0,0.0,0.0,0.0,0.0,0.0,0.0,16.99357795715332,0.0,0.0,0.0,0.0,0.0,0.0,0.0,0.0,0.0,0.0,0.0,0.0,0.0,0.0,0.0,0.0,0.0,0.0,0.0,0.7801840305328369,0.0,0.0,0.0,0.0,0.0,0.0,0.0,0.0,0.0,0.0,0.0,32.05778884887695,0.0,0.0,0.0,0.0,0.0,0.0,0.0,15.437999725341797,0.0,0.0,0.0,0.0,0.0,0.0,0.0,0.0,0.0,0.0,0.0,0.0,0.0,0.0,0.0,0.0,0.0,0.0,0.0,0.0,0.0,0.0,0.0,0.3368019163608551,0.0,0.0,0.0,0.0,0.0,0.0,0.0,0.0,0.0,0.0,0.0,0.0,0.0,0.0,0.0,0.0,0.0,0.0,0.0,0.0,0.0,0.0,0.0,0.0,0.0,0.0,0.0,0.0,0.0,0.0,0.0,0.0,0.0,0.0,0.0,0.0,0.0,0.0,0.0,0.0,0.0,0.0,0.0,0.0,0.0,0.0,0.0,0.0,0.0,0.0,0.0,0.0,0.0,0.0,0.0,0.0,0.0,0.0,0.0,0.0,0.0,0.0,0.0,0.0,0.0,0.0,0.0,0.0,0.0,0.0,0.0,0.0,0.0,0.0,0.0,0.0,0.0,0.0,0.0,0.0,0.0,0.0,0.0,0.0,0.0,0.0,0.0,0.0,0.0,0.0,0.0,0.0,0.0,0.0,0.0,0.0,0.0,0.0,0.0,0.0,0.0,0.0,0.0,0.0,0.0,0.0,0.0,0.0,0.0,0.0,0.0,0.0,0.0,0.0,9.17280101776123,0.0,0.0,0.0,3.4823503494262695,0.0,0.0,0.0,0.0,0.0,0.0,0.0,0.0,4.321583271026611,0.0,0.0,0.0,0.0,0.0,0.0,0.0,0.0,0.0,0.0,0.0,0.0,0.0,0.0,0.0,0.0,0.0,0.0,0.0,0.0,0.0,0.0,0.0,0.0,0.0,0.0,0.0,0.0,0.0,0.0,0.0,0.0,0.0,0.0,0.0,0.0,0.0,0.0,0.0,0.0,0.0,0.0,0.0,0.0,0.0,0.0,0.0,0.0,0.0,0.0,0.0,0.0,0.0,0.0,0.0,65.47227478027344,0.0,0.0,0.0,0.0,0.0,0.0,0.0,0.0,0.0,0.0,0.0,0.0,0.0,0.0,0.0,0.0,0.0,0.0,0.0,0.0,0.0,0.0,0.0,0.0,0.0,0.0,0.0,0.0,0.0,0.0,0.0,0.0,0.0,0.0,0.0,0.0,0.0,0.0,0.0,0.0,0.0,0.0,0.0,0.0,0.0,0.0,0.0,0.0,0.0,0.0,0.0,0.0,0.0,0.0,0.0,0.0,0.0,0.0,0.0,0.0,0.0,0.0,0.0,0.0,0.0,0.0,0.0,0.0,0.0,0.0,0.0,0.0,0.0,0.0,0.0,0.0,0.0,0.0,0.6974583864212036,0.0,0.0,0.0,6.48795223236084,2.147116184234619,0.0,0.0,0.0,0.0,0.0,0.0,0.0,0.0,0.0,0.0,0.0,13.226278305053711,0.0,17.70270347595215,0.0,0.0,0.0,0.0,0.0,0.0,0.0,0.0,0.0,0.0,30.571218490600586,0.0,0.0,0.0,0.0,0.0,0.0,0.0,0.0,0.0,0.0,1.4386745691299438,0.0,0.0,0.0,0.0,5.141576290130615,0.0,0.0,0.0,0.0,0.0,18.976978302001953,6.094729423522949,0.0,0.0,0.0,0.0,0.0,0.0,0.0,0.0,0.0,2.95096755027771,0.0,0.0,0.0,0.0,0.0,0.0,0.0,0.0,0.0,0.0,0.0,0.0,0.0,0.0,10.668110847473145,9.848237037658691,0.0,0.0,0.0,0.0,0.0,8.024779319763184,0.0,0.0,0.0,0.0,0.0,0.0,0.0,0.0,0.0,0.0,0.0,13.812200546264648,0.0,0.0,0.7875292301177979,0.0,13.030807495117188,0.0,0.0,0.0,0.0,10.10823917388916,0.0,0.0,0.0,0.0,0.0,0.0,4.491184234619141,0.0,0.0,0.0,0.0,0.0,0.0,0.0,0.0,0.0,0.29978740215301514,0.0,0.0,0.0,2.8989644050598145,0.0,0.0,0.0,0.0,0.0,0.0,10.17999267578125,0.0,0.0,0.0,0.0,0.0,0.0,0.0,0.0,3.679579734802246,0.0,0.0,0.0,37.95433807373047,0.0,0.0,0.0,8.251252174377441,0.0,0.0,0.0,0.0,0.0,0.0,0.0,0.0,0.0,0.0,0.0,0.0,0.0,0.0,0.0,0.0,0.0,0.0,0.0,0.0,0.0,0.0,0.0,0.0,0.0,0.0,0.0,0.0,4.057348251342773,0.0,0.0,0.0,0.7237918376922607,0.0,0.0,0.0,0.0,0.0,5.396397590637207,0.0,0.0,0.0,0.0,21.891193389892578,0.0,0.0,0.0,2.61238431930542,0.0,9.82555103302002,1.2055050134658813,0.0,0.0,0.0,0.0,0.0,0.0,0.0,0.0,6.100758075714111,0.0,0.0,0.0,0.0,18.604717254638672,0.0,0.0,0.0,0.0,0.0,0.0,0.0,11.702049255371094,0.0,0.0,0.0,0.0,0.0,0.0,0.0,0.0,0.0,0.0,0.0,0.0,0.0,0.0,0.0,0.0,0.0,0.0,0.0,0.0,0.0,0.0,0.0,5.98264217376709,0.0,0.0,0.0,0.0,0.0,0.0,0.0,14.474825859069824,0.0,4.2223591804504395,0.0,0.0,0.0,0.0,0.0,0.0,0.0,0.0,0.0,0.0,1.7592747211456299,0.0,0.0,0.0,0.0,0.0,0.0,0.0,0.0,0.0,0.0,0.0,11.017032623291016,0.0,0.0,0.0,0.0,0.0,0.0,0.0,0.0,0.0,28.233304977416992,0.0,0.0,20.639665603637695,12.866355895996094,0.0,0.0,0.0,0.0,0.0,0.0,0.0,0.0,0.0,0.0,0.0,0.0,0.0,7.045443534851074,0.0,14.130256652832031,0.0,0.0,0.0,0.0,0.0,31.926830291748047,0.0,0.0,0.0,0.0,0.0,0.0,0.0,0.0,0.0,0.0,0.0,0.0,7.526248455047607,0.0,14.444724082946777,0.0,1.5076667070388794,0.0,0.0,0.0,0.0,0.0,0.0,0.0,0.0,0.0,0.0,0.0,0.0,0.0,0.0,0.0,0.0,0.0,10.051836013793945,0.0,0.0,0.0,0.0,0.0,2.049380302429199,15.114188194274902,0.0,3.532003879547119,0.0,25.79168128967285,0.0,0.0,0.0,68.13993072509766,0.0,0.0,1.3774875402450562,0.0,0.0,2.0882012844085693,0.0,0.0,19.896015167236328,0.0,0.0,0.0,0.0,0.0,0.0,0.0,0.0,15.055590629577637,8.159528732299805,0.0,0.0,0.0,0.0,6.498626232147217,0.0,0.0,0.0,6.36271333694458,9.911972999572754,2.4178683757781982,0.0,0.0,0.0,0.0,0.0,0.0,0.0,0.0,0.0,0.0,0.0,0.0,0.0,0.0,0.0,0.0,0.0,0.0,0.0,0.0,0.0,0.0,0.0,0.0,0.0,0.0,0.0,0.0,0.0,0.0,0.0,0.0,0.0,9.774392127990723,25.200971603393555,0.0,0.0,0.0,0.0,5.789148807525635,0.0,0.0,0.0,0.0,0.0,0.0,9.748303413391113,0.0,0.0,0.0,0.0,0.0,0.0,0.0,0.0,8.423956871032715,0.0,0.0,0.0,2.886366367340088,0.0,7.307949066162109,13.556327819824219,0.0,0.0,0.0,0.0,0.0,0.0,0.0,0.0,0.0,0.0,0.0,0.0,0.0,0.0,0.0,0.0,0.0,0.0,0.0,0.0,4.6166510581970215,10.31968879699707,0.0,0.0,0.0,0.0,0.0,0.0,0.0,0.0,0.0,0.0,0.0,0.0,0.0,0.0,0.0,3.1766674518585205,0.0,0.0,0.0,0.0,0.0,7.554733753204346,0.0,27.80082130432129,0.0,0.0,0.0,0.0,0.0,0.0,0.0,0.0,0.0,32.954742431640625,0.7127331495285034,0.0,0.0,0.0,0.0,0.0,0.0,0.0,0.0,0.0,0.0,0.0,7.500376224517822,0.0,0.0,0.0,0.0,0.0,0.0,0.0,0.0,0.0,0.0,0.0,0.0,0.0,0.0,0.0,0.0,0.0,0.0,0.0,0.0,0.0,0.0,0.0,0.0,0.0,19.804386138916016,0.0,0.0,0.0,0.0,0.0,0.0,0.0,21.798200607299805,0.0,0.0,0.0,0.0,0.0,0.0,0.0,0.0,0.0,0.0,1.0070903301239014,0.0,0.0,0.0,0.0,0.0,0.0,0.0,0.0,0.0,0.0,20.00529670715332,0.0,0.0,0.0,0.0,9.149534225463867,0.0,0.0,0.0,0.0,0.0,0.0,0.0,0.0,0.0,0.0,0.8690909743309021,0.0,0.0,33.88495635986328,0.0,0.0,0.0,66.8794937133789,0.0,0.0,0.0,0.0,0.0,0.0,0.0,0.0,0.0,0.0,0.0,0.0,15.640656471252441,0.0,0.0,0.0,0.0,0.0,0.0,0.0,0.0,0.0,0.0,0.0,0.0,0.0,0.0,0.0,0.0,0.0,6.864652633666992,0.0,0.0,0.0,0.0,0.0,0.0,0.0,0.0,0.0,0.0,0.0,0.0,0.0,0.0,0.0,0.0,0.0,0.0,0.0,23.02798080444336,0.0,0.0,0.0,6.450846195220947,0.0,0.0,0.0,0.0,0.0,0.0,0.0,0.0,0.0,0.0,0.0,0.0,0.0,0.0,0.0,0.0,0.0,0.0,0.0,0.0,0.0,0.0,0.0,0.0,0.0,0.0,0.0,0.0,0.0,0.0,0.0,0.0,0.0,0.0,0.0,0.0,0.0,0.0,0.0,0.0,0.0,0.0,0.0,0.0,0.0,0.0,18.0535831451416,0.0,0.0,0.0,3.32621169090271,0.0,31.025390625,0.0,0.0,0.4404849410057068,0.0,0.0,0.0,0.0,6.249058723449707,0.0,0.0,0.0,26.085933685302734,0.0,0.0,0.0,0.0,0.0,0.0,0.0,0.0,0.0,0.0,0.0,0.0,31.37343406677246,0.0,0.0,0.0,0.0,2.063113212585449,0.0,0.0,0.0,38.86833953857422,0.0,0.0,0.0,0.0,0.0,0.0,0.0,0.0,0.0,0.0,0.0,0.0,0.0,0.0,0.0,0.0,0.0,14.445270538330078,0.0,0.0,0.0,0.0,0.0,0.0,0.0,0.0,0.0,0.0,0.0,0.0,0.0,0.0,0.0,0.0,0.0,0.0,0.0,0.0,4.300909042358398,0.0,0.0,0.0,0.0,0.25112882256507874,0.0,0.0,0.0,0.0,0.0,0.0,0.0,0.0,0.0,0.0,0.0,0.0,0.0,0.0,0.0,0.0,0.0,0.0,0.0,0.0,0.0,0.0,0.0,0.0,0.0,0.0,0.0,0.0,0.0,0.0,0.0,0.0,0.0,0.0,45.29658508300781,0.0,0.0,0.0,0.0,0.0,0.0,0.0,0.0,0.0,0.0,0.0,0.0,0.0,0.0,0.0,0.0,0.0,0.0,0.0,0.0,0.0,0.0,0.0,0.0,0.0,0.0,0.0,0.0,0.0,0.0,0.0,0.0,0.0,0.0,0.0,0.0,0.0,3.8572192192077637,0.0,0.0,0.0,3.5883445739746094,11.583264350891113,0.0,0.0,0.0,0.0,0.0,0.0,5.69297981262207,0.0,0.0,0.0,0.9066321849822998,0.0,0.0,0.0,0.0,13.047450065612793,0.0,0.0,0.0,0.0,0.0,0.0,0.0,0.0,75.53478240966797,0.0,0.0,0.0,0.0,0.0,0.0,0.0,0.0,0.0,0.0,0.0,0.0,0.0,0.0,0.0,0.0,0.0,0.0,0.0,0.0,0.0,0.0,0.0,11.908327102661133,0.0,0.0,0.0,0.0,0.0,0.0,0.0,0.0,0.0,0.0,0.0,0.0,0.0,0.0,0.0,0.0,0.0,0.0,0.0,0.0,0.0,0.0,61.73444366455078,0.0,0.0,0.0,0.0,0.0,7.779851913452148,0.0,0.0,0.0,0.0,0.0,0.0,0.0,0.0,0.0,0.0,0.0,0.0,5.70396089553833,0.0,0.0,0.0,0.0,0.0,0.0,0.0,0.0,0.0,0.0,0.0,0.0,0.0,0.0,0.0,0.0,0.0,0.0,0.0,0.0,0.0,0.0,0.0,0.0,0.0,0.0,0.0,0.0,0.0,11.322067260742188,0.0,0.0,0.0,0.0,0.0,0.0,0.0,0.0,0.0,0.0,0.0,0.0,0.6515539884567261,0.0,0.0,0.0,0.0,0.0,2.2810518741607666,0.0,0.0,0.0,0.0,0.0,0.0,0.0,0.0,0.0,0.0,0.0,0.0,0.0,0.0,0.0,0.0,0.0,0.0,0.0,0.0,0.0,0.0,0.0,0.0,0.0,0.0,2.3235678672790527,0.0,22.826404571533203,0.0,0.0,0.0,0.0,0.0,0.0,0.0,0.0,0.0,0.0,0.0,0.0,0.0,0.0,0.0,0.0,0.0,0.0,0.0,0.0,0.0,0.0,0.0,0.0,0.0,19.640235900878906,0.0,0.0,0.0,0.0,0.0,0.0,0.0,0.0,0.0,0.0,0.0,0.0,0.0,0.0,0.0,0.0,0.0,0.0,15.693894386291504,0.0,0.0,0.0,0.0,0.0,0.0,0.0,0.0,0.0,0.0,0.0,0.0,0.0,0.0,0.0,27.39408302307129,0.0,0.0,0.0,0.0,0.0,0.0,0.0,0.0,0.0,0.0,0.0,0.0,0.0,38.944007873535156,0.0,0.0,0.0,45.37252426147461,0.0,0.0,7.484849452972412,0.0,0.0,0.0,0.0,0.0,0.0,0.0,0.0,0.0,0.0,0.0,0.0,0.0,0.0,0.0,0.0,0.0,0.0,0.0,0.0,0.0,0.0,0.0,0.0,0.0,0.0,0.0,0.0,0.0,0.0,0.0,0.0,0.0,0.0,0.0,0.0,0.0,0.0,0.0,0.0,0.0,0.0,0.0,0.0,0.0,0.0,0.0,0.0,0.0,0.0,0.0,4.691822052001953,0.0,0.0,0.0,0.0,0.0,0.0,0.0,0.0,0.0,0.0,0.0,0.0,0.0,0.0,0.0,0.0,0.0,0.0,0.0,0.0,0.0,0.0,0.0,0.0,0.0,0.0,0.0,0.0,0.0,0.0,0.0,0.0,0.0,0.0,0.0,0.0,0.0,0.0,0.0,0.0,0.0,0.0,0.0,7.3903093338012695,0.0,0.0,0.0,0.0,0.0,0.0,9.898519515991211,0.0,59.708641052246094,0.0,0.0,8.308998107910156,0.0,0.0,0.0,0.0,0.0,0.0,0.0,0.0,26.98819351196289,0.0,0.0,0.0,0.0,0.0,0.0,0.0,2.8551249504089355,0.0,0.0,0.0,0.0,28.578859329223633,0.0,0.0,0.0,0.0,0.0,0.0,0.0,0.0,56.90319061279297,0.0,0.0,0.0,0.0,0.0,0.0,0.0,0.0,0.0,0.0,0.0,4.993399620056152,0.0,0.0,0.0,0.0,0.0,0.0,0.0,0.0,0.0,0.0,0.0,0.0,0.0,0.0,0.0,0.0,0.0,0.0,10.83899974822998,0.0,0.0,0.0,0.0,0.0,0.0,0.0,0.0,0.0,0.0,0.0,0.0,12.579363822937012,0.0,0.0,0.0,0.0,0.0,0.0,0.0,0.0,0.0,0.0,0.0,0.0,0.0,0.0,0.0,0.0,0.0,0.0,0.0,0.0,0.0,0.0,0.0,0.0,0.0,0.0,0.0,0.0,0.0,0.0,0.0,0.0,0.0,0.0,31.410537719726562,0.0,0.0,0.0,0.0,0.0,0.0,0.0,0.0,0.0,0.0,0.0,0.0,0.0,0.0,0.0,0.0,0.0,0.0,0.0,0.0,0.0,0.0,0.0,0.0,0.0,0.0,0.0,0.0,0.0,0.0,0.0,0.0,0.0,0.0,0.0,0.0,0.0,0.0,0.0,0.0,0.0,0.0,0.0,0.0,0.0,0.0,0.0,0.0,0.0,0.0,0.0,0.0,0.0,0.0,0.0,0.0,0.0,0.0,12.066731452941895,0.0,0.0,0.0,0.0,0.0,0.0,0.0,0.0,58.95954895019531,0.0,0.0,0.0,0.0,0.0,0.0,0.0,0.0,0.0,0.0,0.0,0.0,0.0,0.0,0.0,0.0,0.0,0.15064136683940887,0.0,0.0,0.0,0.0,0.0,13.834453582763672,0.0,0.0,0.0,0.0,0.0,0.0,0.0,0.0,0.0,0.0,0.0,0.0,0.0,0.0,0.0,0.0,0.0,0.0,0.0,0.0,0.0,0.0,83.41376495361328,0.0,0.0,0.0,0.0,0.0,0.0,0.0,0.0,0.0,0.0,0.0,0.0,0.0,0.0,0.0,0.0,0.0,0.0,1.29132080078125,0.0,0.0,0.0,0.0,0.0,0.0,0.0,0.0,0.0,0.0,0.0,0.0,0.0,0.0,0.0,0.0,0.0,0.0,0.0,0.0,0.0,0.0,4.8564534187316895,0.0,0.0,0.0,0.0,0.0,0.0,0.0,0.0,0.0,0.0,0.0,0.0,0.0,0.0,0.0,0.0,0.0,0.0,0.0,0.0,0.0,0.0,0.0,0.0,0.0,6.81084680557251,0.0,0.0,0.0,0.0,0.0,0.0,0.0,0.0,0.0,0.0,0.0,0.0,0.0,0.0,0.0,0.0,0.0,0.0,0.0,0.0,0.0,0.0,0.0,0.0,0.0,0.0,4.9458723068237305,0.0,0.0,0.0,0.0,0.0,0.0,0.0,0.0,0.0,0.0,0.0,0.0,0.0,0.0,0.0,0.0,0.0,0.0,0.0,0.0,0.0,0.0,0.0,0.0,0.0,0.0,0.0,0.0,0.0,0.0,0.0,4.5343217849731445,0.0,0.0,0.0,0.0,0.0,0.0,0.0,0.0,0.0,0.0,0.0,0.0,0.0,0.0,13.663817405700684,0.0,0.0,0.0,0.0,0.0,0.0,0.0,0.0,0.0,0.0,27.464441299438477,0.0,0.0,0.0,0.0,65.0726089477539,0.0,0.0,0.0,0.0,0.0,0.0,0.0,0.0,0.0,0.0,0.0,11.80728816986084,0.0,17.499147415161133,0.0,0.0,0.0,20.92754364013672,0.0,0.0,0.0,0.0,0.0,0.0,0.0,0.0,0.0,0.0,0.0,7.1045379638671875,0.0,0.0,0.0,0.0,0.0,0.0,0.0,0.0,0.0,0.0,0.0,0.0,3.011593818664551,0.0,0.0,0.0,0.0,0.0,0.0,0.0,0.0,0.0,0.0,0.0,0.0,0.0,0.0,0.0,0.0,0.0,0.0,25.92557144165039,0.0,0.0,0.0,0.0,0.0,0.0,0.0,6.878870487213135,0.0,0.0,9.164575576782227,0.0,0.0,0.0,0.0,0.0,0.0,20.550806045532227,0.0,0.0,0.0,0.0,0.0,0.0,0.0,0.0,0.0,0.0,0.0,0.0,0.0,0.0,0.0,0.0,0.0,0.0,0.0,0.0,0.0,0.0,0.0,0.0,0.0,0.0,0.0,0.0,0.0,0.0,0.0,0.0,0.0,0.0,0.0,0.0,0.0,0.0,0.0,0.0,0.0,0.0,0.0,56.402652740478516,0.0,74.32372283935547,0.0,0.0,0.0,0.0,0.0,0.0,0.0,5.9095354080200195,0.0,0.0,0.0,2.2836124897003174,0.0,0.0,0.0,0.0,0.0,2.082134485244751,0.0,28.826366424560547,0.0,11.862014770507812,0.0,0.0,12.311017990112305,0.0,54.140037536621094,0.0,0.0,0.0,0.0,0.0,0.0,32.888160705566406,0.0,0.0,0.0,0.0,0.0,0.0,0.0,0.0,0.0,0.0,0.0,14.057211875915527,0.0,0.0,0.0,0.0,0.0,0.0,0.0,0.0,0.0,0.0,0.0,0.0,0.0,0.0,0.0,0.0,0.0,0.0,18.889400482177734,0.0,0.0,0.0,0.0,0.0,0.0,0.0,0.0,0.0,0.0,0.0,0.0,0.0,0.0,0.0,0.0,0.0,0.0,0.0,0.0,0.0,0.0,0.0,0.0,0.0,0.0,0.0,0.0,0.0,0.0,0.0,0.0,0.0,0.0,0.0,0.0,0.0,0.0,0.0,0.0,0.0,0.0,0.0,0.0,0.0,0.0,0.0,19.539140701293945,0.0,0.0,1.9224075078964233,0.0,0.0,0.0,0.0,0.0,0.0,0.0,0.0,0.0,0.0,0.0,0.0,0.0,0.0,0.0,0.0,0.0,0.0,0.0,0.0,0.0,0.0,0.0,0.0,0.0,0.0,0.0,6.569329738616943,0.0,0.0,0.0,0.0,0.0,0.0,0.0,0.0,0.0,0.0,0.0,0.0,0.0,0.0,0.0,0.0,0.0,0.0,0.0,0.0,0.0,0.0,0.0,0.0,0.0,0.0,0.0,1.5391335487365723,0.0,0.0,0.0,0.0,0.0,0.0,0.0,0.0,23.473356246948242,0.0,0.0,0.0,0.0,0.0,0.0,0.0,0.0,0.0,0.0,0.0,0.0,0.0,0.0,0.0,0.0,0.0,4.287192344665527,0.0,0.0,0.0,0.0,0.0,14.264975547790527,0.0,0.0,0.0,0.0,0.0,0.0,0.0,0.0,0.0,0.0,0.0,0.0,0.0,0.0,0.0,0.0,8.015849113464355,0.0,0.0,0.0,0.0,0.0,93.14965057373047,0.0,0.0,0.0,0.0,0.0,0.0,0.0,0.0,0.0,0.0,0.0,0.0,0.0,0.0,0.0,0.0,0.0,0.0,0.0,0.0,0.0,0.0,0.0,0.0,0.0,0.0,0.0,0.0,0.0,0.0,0.0,0.0,0.0,0.0,0.0,0.0,0.0,0.0,0.0,0.0,0.0,6.338818073272705,0.0,0.0,0.0,0.0,0.0,0.0,0.0,0.0,0.0,0.0,0.0,0.0,0.0,0.0,0.0,0.0,0.0,0.0,0.0,0.0,0.0,0.0,0.0,0.0,0.0,0.0,0.0,0.0,0.0,0.0,17.681283950805664,0.0,0.0,0.0,0.0,0.0,0.0,0.0,0.0,0.0,0.0,0.0,0.0,0.0,0.0,0.0,0.0,0.0,0.0,0.0,0.0,0.0,0.0,0.0,0.0,0.0,0.0,0.0,0.0,0.0,0.0,0.0,0.0,0.0,0.0,0.0,0.0,0.0,0.0,0.0,0.0,0.0,0.0,0.0,0.0,0.0,0.0,0.0,0.0,0.0,0.0,0.0,0.0,0.0,0.0,0.0,0.0,0.0,0.0,1.0044527053833008,0.0,0.0,0.0,0.0,0.0,0.0,0.0,0.0,0.0,0.0,0.0,0.0,0.0,0.0,0.0,0.0,0.0,0.0,0.0,0.0,28.010141372680664,0.0,0.0,0.0,0.0,76.13484191894531,0.0,0.0,0.0,0.0,0.0,0.0,0.0,0.0,0.0,0.0,0.0,2.0530591011047363,0.0,0.0,0.0,0.0,0.0,1.8030948638916016,0.0,0.0,0.0,0.0,0.0,0.0,0.0,0.0,0.0,0.0,0.0,0.0,0.0,0.0,0.0,0.0,0.0,0.0,0.0,0.0,0.0,0.0,0.0,0.0,4.862911701202393,0.0,0.0,0.0,0.0,0.0,0.0,0.0,0.0,0.0,0.0,0.0,0.0,0.0,0.0,0.0,0.0,0.0,0.0,25.399471282958984,0.0,0.0,0.0,0.0,0.0,0.0,0.0,9.556721687316895,0.0,0.0,0.0,0.0,0.0,0.0,0.0,0.0,0.0,8.122722625732422,0.0,0.0,0.0,0.0,0.0,0.0,0.0,0.0,0.0,0.0,0.0,0.0,0.0,0.0,0.0,0.0,0.0,0.0,0.0,0.0,0.0,0.0,0.0,0.0,0.0,0.0,0.0,0.0,0.0,0.0,0.0,0.0,0.0,0.0,0.0,0.0,0.0,0.0,0.0,0.0,0.0,0.0,0.0,52.820640563964844,0.0,73.68901062011719,0.0,0.0,0.0,0.0,0.0,0.0,0.0,4.70294189453125,0.0,0.0,0.0,3.258070468902588,0.0,0.0,0.0,0.0,0.0,0.0,0.0,40.47258377075195,0.0,2.2503929138183594,0.0,0.0,0.0,0.0,50.076210021972656,0.0,0.0,0.0,0.0,0.0,0.0,19.933069229125977,0.0,0.0,0.0,0.0,0.0,0.0,0.0,0.0,0.0,0.0,0.0,0.0,0.0,0.0,0.0,0.0,0.0,0.0,0.0,0.0,0.0,0.0,0.0,0.0,11.64212417602539,0.0,0.0,0.0,0.0,9.438835144042969,0.0,0.0,0.0,0.0,0.0,0.0,0.0,0.0,0.0,0.0,0.0,0.0,0.0,0.0,0.0,0.0,0.0,0.0,0.0,0.0,0.0,0.0,0.0,0.0,0.0,0.0,0.0,0.0,0.0,0.0,0.0,0.0,0.0,0.0,0.0,0.0,0.0,0.0,0.0,0.0,0.0,0.0,0.0,0.0,0.0,0.0,0.0,0.0,0.0,0.0,0.0,5.032793045043945,0.0,0.0,0.0,0.0,0.0,0.0,0.0,0.0,0.0,0.0,0.0,0.0,0.0,0.0,0.0,0.0,0.0,0.0,0.0,0.0,0.0,0.0,0.0,0.0,0.0,0.0,0.0,4.178348064422607,0.0,0.0,0.0,0.0,0.0,0.0,0.0,0.0,0.0,0.0,0.0,0.0,0.0,0.0,0.0,0.0,0.0,0.0,0.0,0.0,0.0,0.0,0.0,0.0,0.0,0.0,0.0,3.402738571166992,0.0,0.0,0.0,0.0,0.0,0.0,0.0,0.0,0.5154162645339966,0.0,0.0,0.0,0.0,0.0,0.0,0.0,0.0,0.0,0.0,0.0,0.0,0.0,0.0,0.0,0.0,0.0,0.0,0.0,0.0,0.0,0.0,0.0,4.620222091674805,0.0,0.0,0.0,0.0,0.0,0.0,0.0,0.0,0.0,0.0,0.0,0.0,0.0,0.0,0.0,0.0,0.0,0.0,0.0,0.0,0.0,0.0,87.7049331665039,0.0,0.0,0.0,0.0,0.0,0.0,0.0,0.0,0.0,0.0,0.0,0.0,0.0,0.0,0.0,0.0,0.0,0.0,0.0,0.0,0.0,0.0,0.0,0.0,0.0,0.0,0.0,0.0,0.0,0.0,0.0,0.0,0.0,0.0,0.0,0.0,0.0,0.0,0.0,0.0,0.0,0.0,0.0,0.0,0.0,0.0,0.0,0.0,0.0,0.0,0.0,0.0,0.0,0.0,0.0,0.0,0.0,0.0,0.0,0.0,0.0,0.0,0.0,0.0,0.0,0.0,0.0,0.0,0.0,0.0,0.0,0.0,18.095565795898438,0.0,0.0,0.0,0.0,0.0,0.0,0.0,0.0,0.0,0.0,0.0,0.0,0.0,0.0,0.0,0.0,0.0,0.0,0.0,0.0,0.0,0.0,0.0,0.0,0.0,0.0,0.0,0.0,0.0,0.0,0.0,0.0,0.0,0.0,0.0,0.0,0.0,0.0,0.0,0.0,0.0,0.0,0.0,0.0,0.0,0.0,0.0,0.0,0.0,0.0,0.0,0.0,0.0,0.0,0.0,0.0,0.0,0.0,15.973005294799805,0.0,0.0,0.0,0.0,0.0,0.0,0.0,0.0,0.0,0.0,0.0,0.0,0.0,0.0,0.0,0.0,0.0,0.0,0.0,0.0,0.0,0.0,0.0,0.0,0.0,19.949636459350586,0.0,0.0,0.0,0.0,0.0,0.0,0.0,0.0,0.0,0.0,0.0,0.0,0.0,0.0,0.0,0.0,0.0,0.0,0.0,0.0,0.0,0.0,0.0,0.0,0.0,0.0,0.0,0.0,0.0,0.0,0.0,0.0,0.0,0.0,0.0,0.0,0.0,0.0,0.0,0.0,0.0,0.0,0.0,0.0,0.0,0.0,0.0,0.0,0.0,0.0,0.0,0.0,0.0,0.0,0.0,0.0,0.0,0.0,0.0,0.0,0.0,0.0,0.0,0.0,0.0,0.0,0.0,0.0,0.0,0.0,0.0,0.0,0.0,0.0,0.0,0.0,0.0,0.0,0.0,0.0,0.0,0.0,0.0,0.0,0.0,0.0,0.0,0.0,0.0,0.0,0.0,0.0,0.0,0.0,0.0,0.0,0.0,0.0,0.0,0.0,0.0,0.0,0.0,0.0,0.0,0.0,0.0,0.0,0.0,0.0,0.0,0.0,0.0,0.0,0.0,0.0,0.0,0.0,0.0,0.0,0.0,0.0,0.0,0.0,0.0,10.699325561523438,0.0,0.0,0.0,0.0,0.0,0.0,0.0,0.0,0.0,0.0,0.0,12.434123992919922,0.0,0.0,0.0,0.0,0.0,0.0,0.0,19.83860969543457,0.0,0.0,0.0,0.0,0.0,0.0,0.0,0.0,0.0,0.0,0.0,0.0,0.0,0.0,0.0,0.0,0.0,0.0,0.0,0.0,0.0,0.0,0.0,0.0,0.0,0.0,0.0,0.0,0.0,0.0,0.0,0.0,0.0,0.0,0.0,0.0,0.0,0.0,0.0,0.0,0.0,0.0,0.0,0.0,0.0,0.0,0.0,0.0,0.0,0.0,0.0,0.0,0.0,0.0,0.0,0.0,0.0,0.0,0.0,0.0,0.0,0.0,0.0,0.0,0.0,0.0,0.0,0.0,0.0,0.0,0.0,0.0,0.0,0.0,0.0,0.0,0.0,0.0,0.0,0.0,0.0,0.0,0.0,0.0,0.0,0.0,0.0,0.0,0.0,0.0,0.0,0.0,18.699390411376953,0.0,0.0,0.0,0.0,0.0,0.0,0.0,0.0,0.0,0.0,0.0,0.0,0.0,0.0,0.0,0.0,0.0,0.0,0.0,0.0,0.0,0.0,0.0,0.0,0.0,0.0,0.0,0.0,0.0,0.0,5.294632911682129,0.0,0.0,0.0,0.0,0.0,0.0,0.0,0.0,0.0,0.0,0.0,0.0,0.0,0.0,0.0,0.0,0.0,0.0,0.0,0.0,0.0,0.0,0.0,0.0,0.0,0.0,0.0,0.0,0.0,0.0,0.0,0.0,0.0,0.0,0.0,0.0,0.0,0.0,0.0,0.0,0.0,0.0,0.0,0.0,0.0,0.0,0.0,0.0,0.0,0.0,0.0,0.0,0.0,0.0,0.0,0.0,0.0,0.0,0.0,0.0,0.0,0.0,0.0,0.0,0.0,0.0,0.0,0.0,0.0,0.0,0.0,0.0,0.0,0.0,0.0,0.0,0.0,0.0,0.0,0.0,0.0,0.0,0.0,79.01183319091797,0.0,0.0,0.0,0.0,0.0,0.0,0.0,0.0,0.0,0.0,0.0,0.0,0.0,0.0,0.0,0.0,0.0,0.0,0.0,0.0,0.0,0.0,0.0,0.0,0.0,0.0,0.0,0.0,0.0,0.0,0.0,0.0,0.0,0.0,0.0,0.0,0.0,0.0,0.0,0.0,0.0,0.0,0.0,0.0,0.0,0.0,0.0,0.0,0.0,0.0,0.0,0.0,0.0,0.0,0.0,0.0,0.0,0.0,0.0,0.0,0.0,0.0,0.0,0.0,0.0,0.0,0.0,0.0,0.0,0.0,0.0,0.0,0.0,0.0,0.0,0.0,0.0,0.0,0.0,0.0,0.0,0.0,0.0,0.0,0.0,0.0,0.0,0.0,0.0,0.0,0.0,0.0,0.0,0.0,0.0,0.0,0.0,0.0,0.0,0.0,0.0,0.0,0.0,0.0,0.0,0.0,0.0,0.0,0.0,0.0,0.0,0.0,0.0,0.0,0.0,0.0,0.0,0.0,0.0,0.0,0.0,0.0,0.0,0.0,0.0,0.0,0.0,0.0,0.0,0.0,0.0,0.08012798428535461,0.0,0.0,0.0,0.0,0.0,0.0,0.0,0.0,0.0,0.0,0.0,0.0,0.0,0.0,0.0,0.0,0.0,0.0,0.0,0.0,0.0,0.0,0.0,0.0,0.0,0.0,0.0,0.0,0.0,0.0,0.0,0.0,0.0,0.0,0.0,0.0,0.0,0.0,0.0,0.0,0.0,0.0,0.0,0.0,0.0,0.0,0.0,0.0,0.0,0.0,0.0,0.0,0.0,0.0,0.0,0.0,0.0,0.0,0.0,0.0,0.0,0.0,0.0,0.0,0.0,0.0,0.0,0.0,0.0,0.0,0.0,0.0,0.0,0.0,0.0,0.0,0.0,0.0,0.0,0.0,0.0,0.0,0.0,0.0,0.0,0.0,0.0,0.0,0.0,0.0,0.0,0.0,0.0,0.0,0.0,10.097912788391113,0.0,0.0,0.0,0.0,0.0,0.0,0.0,0.0,0.0,0.0,0.0,0.0,0.0,0.0,0.0,0.0,0.0,0.0,0.0,0.0,0.0,0.0,0.0,0.0,0.0,0.0,0.0,0.0,0.0,0.0,0.0,0.0,0.0,0.0,0.0,0.0,0.0,0.0,0.0,0.0,0.0,0.0,0.0,0.0,0.0,0.0,0.0,0.0,0.0,0.0,0.0,0.0,0.0,0.0,0.0,0.0,0.0,0.0,0.0,0.0,0.0,0.0,0.0,0.0,0.0,0.0,0.0,2.0156054496765137,0.0,0.0,0.0,0.0,0.0,0.0,0.0,2.025275945663452,0.0,0.0,0.0,0.0,0.0,0.0,0.0,0.0,0.0,0.0,0.0,0.0,0.0,0.0,0.0,0.0,0.0,0.0,0.0,0.0,0.0,0.0,0.0,0.0,0.0,0.0,0.0,0.0,0.0,0.0,0.0,0.0,0.0,0.0,0.0,0.0,0.0,0.0,0.0,0.0,0.0,0.0,0.0,0.0,0.0,0.0,0.0,0.0,0.0,0.0,0.0,0.0,0.0,0.0,0.0,0.0,0.0,0.0,0.0,0.0,0.0,0.0,0.0,0.0,0.0,0.0,0.0,0.0,0.0,0.0,0.0,0.0,0.0,0.0,0.0,0.0,0.0,0.0,0.0,0.0,0.0,0.0,0.0,0.0,0.0,0.0,0.0,0.0,0.0,0.0,0.0,0.0,20.949726104736328,0.0,0.0,0.0,0.0,0.0,0.0,0.0,0.0,0.0,0.0,0.0,0.0,0.0,0.0,0.0,0.0,0.0,0.0,0.0,0.0,0.0,0.0,0.0,0.0,0.0,0.0,0.0,0.0,0.0,0.0,6.928442478179932,0.0,0.0,0.0,0.0,0.0,0.0,0.0,0.0,0.0,0.0,0.0,0.0,0.0,0.0,0.0,0.0,0.0,0.0,0.0,0.0,0.0,0.0,0.0,0.0,0.0,0.0,0.0,9.795205116271973,0.0,0.0,0.0,0.0,0.0,0.0,0.0,0.0,0.0,0.0,0.0,0.0,0.0,0.0,0.0,0.0,0.0,0.0,0.0,0.0,0.0,0.0,0.0,0.0,0.0,0.0,0.0,0.0,0.0,0.0,0.0,0.0,0.0,0.0,0.0,0.0,0.0,0.0,0.0,0.0,0.0,0.0,0.0,0.0,0.0,0.0,0.0,0.0,0.0,0.8425660133361816,0.0,0.0,2.165032386779785,0.0,0.0,60.50028610229492,0.0,0.0,0.0,0.0,0.0,0.0,0.0,0.0,0.0,0.0,0.0,0.0,0.0,0.0,0.0,0.0,0.0,0.0,0.0,0.0,0.0,0.0,0.0,0.0,0.0,0.0,0.0,0.0,0.0,0.0,0.0,0.0,0.0,0.0,0.0,0.0,0.0,0.0,0.0,0.0,0.0,0.0,0.0,0.0,0.0,0.0,0.0,0.0,0.0,3.766028881072998,0.0,0.0,0.0,0.0,0.0,0.0,0.0,0.0,0.0,0.0,0.0,0.0,0.0,0.0,0.0,0.0,0.0,0.0,0.0,0.0,0.0,0.0,0.0,0.0,0.0,0.0,0.0,0.0,0.0,0.0,0.0,0.0,0.0,6.78860330581665,0.0,0.0,0.0,0.0,0.0,0.0,0.0,0.0,0.0,0.0,0.0,0.0,0.0,0.0,0.0,0.0,0.0,0.0,0.0,0.0,0.0,0.0,0.0,0.0,13.161283493041992,0.0,0.0,0.0,0.0,0.0,0.0,0.0,0.0,0.0,0.0,0.0,0.0,0.0,0.0,0.0,0.0,0.0,0.0,0.0,0.0,0.0,0.0,0.0,0.0,0.0,0.0,0.0,0.0,0.0,0.0,0.0,0.0,0.0,0.0,0.0,0.0,0.0,0.0,0.0,0.0,0.0,0.0,0.0,0.0,0.0,0.0,0.0,0.0,0.0,0.0,0.0,0.0,0.0,0.0,0.0,0.0,0.0,0.0,0.0,0.0,0.0,0.0,0.0,0.0,0.0,0.0,0.0,0.0,0.0,0.0,0.0,0.0,0.0,0.0,0.0,0.0,9.302168846130371,0.0,0.0,1.7640771865844727,0.0,0.0,0.0,0.0,0.0,0.0,0.0,0.0,0.0,0.0,0.0,0.0,0.0,0.0,0.0,0.0,0.0,0.0,0.0,0.0,0.0,0.0,0.0,0.0,0.0,0.0,0.0,0.0,0.0,0.0,0.0,0.0,0.0,0.0,0.0,0.0,0.0,9.02786922454834,0.0,0.0,0.0,0.0,0.0,0.0,0.0,0.0,0.0,0.0,0.0,0.0,0.0,0.0,0.0,0.0,0.0,0.0,0.0,0.0,0.0,0.0,0.0,0.0,0.0,0.0,0.0,0.0,5.5502166748046875,0.0,0.0,0.0,0.0,0.0,0.0,0.0,0.0,0.0,0.0,0.0,0.0,0.0,0.0,0.0,0.0,0.0,0.0,0.0,0.0,0.0,0.0,0.0,0.0,0.0,0.0,0.0,0.0,0.0,0.0,0.0,0.0,0.0,0.0,0.0,0.0,0.0,0.0,0.0,14.653826713562012,0.0,0.0,0.0,0.0,0.0,0.0,0.0,0.0,0.0,0.0,0.0,0.0,0.0,0.0,0.0,0.0,0.0,0.0,0.0,0.0,0.0,0.0,0.0,0.0,0.0,0.0,0.0,0.0,0.0,0.0,0.0,0.0,0.0,0.0,0.0,0.0,0.0,0.0,0.0,0.0,0.0,0.0,0.0,0.0,0.0,0.0,0.0,0.0,0.0,0.0,0.0,0.0,0.0,0.0,0.0,0.0,0.0,0.0,0.0,0.0,0.0,0.0,0.0,0.0,0.0,0.0,0.0,0.0,0.0,0.0,0.0,0.0,0.0,0.0,0.0,0.0,0.0,0.0,0.0,0.0,0.0,0.0,0.0,0.0,0.0,0.0,0.0,0.0,0.0,0.0,0.0,0.0,0.0,0.0,0.0,0.0,0.0,0.0,0.0,0.0,13.288813591003418,0.0,0.0,0.0,0.0,0.0,0.0,0.0,0.0,0.0,0.0,0.0,0.0,0.0,0.0,0.0,0.0,0.0,0.0,0.0,0.0,0.0,0.0,0.0,0.0,0.0,0.0,0.0,0.0,0.0,0.0,0.0,0.0,0.0,0.0,1.3625801801681519,0.0,0.0,0.0,0.0,0.0,0.0,0.0,0.0,0.0,0.0,0.0,0.0,0.0,0.0,2.9446277618408203,0.0,0.0,0.0,0.0,0.0,0.0,0.0,0.0,26.261341094970703,0.0,0.0,0.0,0.0,0.0,0.0,0.0,0.0,12.077984809875488,0.0,0.0,0.0,0.0,0.0,0.0,0.0,0.0,0.0,0.0,0.0,0.0,0.0,0.0,0.0,0.0,0.0,0.0,0.0,0.0,0.0,0.0,0.0,0.0,0.0,0.0,0.0,0.0,0.0,0.0,0.0,0.0,0.0,0.0,0.0,0.0,0.0,0.0,0.0,0.0,0.0,0.0,0.0,2.5205483436584473,0.0,0.0,43.74070739746094,0.0,0.0,0.0,0.0,3.8990347385406494,0.0,0.0,0.0,0.0,0.0,0.0,0.0,0.0,0.0,0.0,0.0,0.0,0.0,0.0,0.0,0.0,0.0,0.0,0.0,0.0,0.0,0.0,0.0,0.0,0.0,0.0,0.0,0.0,0.0,0.0,0.0,0.0,0.0,0.0,0.0,0.0,0.0,0.0,0.0,0.0,0.0,0.0,0.0,9.484478950500488,7.345241069793701,0.0,0.0,0.0,0.0,0.0,0.0,0.0,0.0,0.0,0.0,0.0,0.0,0.0,0.0,0.0,0.0,0.0,0.0,0.0,0.0,0.0,0.0,0.0,10.178139686584473,0.0,0.0,0.0,0.0,0.0,0.0,0.0,0.0,0.0,0.0,0.0,0.0,0.0,0.0,0.0,0.0,0.0,0.0,0.0,0.0,0.0,0.0,0.68503737449646,0.0,0.0,0.0,0.0,0.0,0.0,0.0,0.0,0.0,0.0,0.0,0.0,0.0,0.0,0.0,0.0,0.0,0.0,0.0,0.0,0.0,0.0,0.0,0.0,0.0,8.063966751098633,0.0,0.0,0.0,0.0,0.0,0.0,0.0,0.0,8.141531944274902,0.0,0.0,0.0,0.0,0.0,0.0,0.0,0.0,0.0,15.43286418914795,0.0,0.0,0.0,0.0,0.0,0.0,0.0,0.0,0.0,0.0,0.0,0.0,0.0,0.0,0.0,0.0,0.0,0.0,0.0,0.0,0.0,0.0,0.0,0.0,0.0,0.0,0.0,0.0,0.0,27.117626190185547,0.0,0.0,0.0,5.366692066192627,0.0,0.0,0.0,0.0,0.0,0.0,0.0,0.0,0.0,0.0,0.0,0.0,13.224515914916992,0.0,0.0,0.0,0.0,0.0,0.0,0.0,0.0,0.0,0.0,0.0,0.0,0.0,0.0,0.0,0.0,0.0,0.0,0.0,0.0,0.0,0.0,0.0,0.0,0.0,0.0,0.0,0.0,0.0,0.0,0.0,0.0,0.0,0.0,0.0,0.0,0.0,0.0,0.0,3.294567346572876,0.0,9.295395851135254,0.0,0.0,0.0,0.0,0.0,0.0,0.0,0.0,0.0,0.0,0.0,0.0,0.0,0.0,0.0,0.0,0.0,0.0,0.0,0.0,0.0,0.0,0.0,0.0,0.0,0.0,0.0,0.0,0.0,0.0,0.0,0.0,0.0,0.0,0.0,0.0,0.0,0.0,0.0,0.0,0.0,0.0,0.0,0.0,0.0,0.0,0.0,0.0,0.0,0.0,0.0,0.0,53.65208053588867,0.0,0.0,0.0,0.0,0.0,0.0,0.0,0.0,0.0,0.0,0.0,17.40476417541504,0.0,0.0,0.0,0.0,0.0,0.0,0.0,0.0,0.0,0.0,0.0,0.0,0.0,0.0,0.0,0.0,0.0,0.0,0.0,0.0,0.0,34.64607620239258,7.910848617553711,0.0,0.0,0.0,0.0,0.0,0.0,0.0,0.0,0.0,0.0,0.0,0.0,0.0,0.0,0.0,0.0,0.0,0.0,0.0,0.0,0.0,0.0,0.0,0.0,0.0,0.0,0.0,0.0,0.0,0.0,0.0,0.0,0.0,0.0,0.0,0.0,0.0,0.0,0.0,0.0,0.0,0.0,0.0,0.0,0.0,0.0,0.0,0.0,0.0,0.0,0.0,0.0,0.0,0.0,0.0,0.0,0.0,0.0,8.104129791259766,0.0,0.0,0.0,0.0,0.0,0.0,0.0,0.0,0.0,0.0,0.0,0.0,0.0,0.0,0.0,0.0,0.0,0.0,38.721614837646484,0.0,0.0,0.0,0.0,0.0,0.0,0.0,0.0,0.0,0.0,0.0,0.0,0.0,0.0,0.0,0.0,0.0,0.0,0.0,0.0,0.0,0.0,0.0,0.0,0.0,0.0,0.0,0.0,0.0,0.0,0.0,0.0,0.0,0.0,0.0,0.0,0.0,0.0,0.0,0.0,0.0,3.504546880722046,0.0,0.0,0.0,0.0,0.0,0.0,0.0,0.0,0.0,0.0,0.0,0.0,0.0,0.0,0.0,0.0,8.601290702819824,0.0,0.0,0.0,0.0,0.0,0.0,0.0,0.0,56.97823715209961,0.0,0.0,0.0,0.0,0.0,0.0,0.0,0.0,0.0,0.0,0.0,0.0,0.0,0.0,0.0,0.0,0.0,1.6620489358901978,0.0,0.0,0.0,0.0,0.0,0.0,0.0,0.0,0.0,1.2421127557754517,0.0,0.0,0.0,0.0,0.0,0.0,0.0,0.0,0.0,0.0,0.0,0.0,0.0,0.0,0.0,0.0,0.0,0.0,67.99290466308594,0.0,0.0,0.0,0.0,0.0,0.0,0.0,0.0,0.0,0.0,0.0,0.0,0.0,0.0,0.0,0.0,0.0,0.0,0.0,0.0,0.0,0.0,0.0,0.0,0.0,0.0,0.0,0.0,0.0,0.0,0.0,0.0,0.0,0.0,0.0,0.0,0.0,0.0,0.0,0.0,0.0,0.0,0.0,0.0,0.0,0.0,0.0,0.0,14.254393577575684,18.228261947631836,0.0,0.0,0.0,0.0,0.0,0.0,0.0,0.0,0.0,0.0,0.0,0.0,0.0,0.0,0.0,0.0,0.0,0.0,0.0,0.0,0.0,0.0,0.0,0.0,0.0,0.0,0.0,0.0,0.0,0.0,0.0,0.0,0.0,0.0,0.0,0.0,0.0,0.0,0.0,0.0,0.0,0.0,0.0,0.0,0.0,0.0,10.101253509521484,0.0,0.0,0.0,0.0,0.0,0.0,0.0,0.0,0.0,0.0,0.0,0.0,0.0,0.0,0.0,0.0,0.0,0.0,0.0,0.0,0.0,0.0,0.0,0.0,0.0,0.0,0.0,0.0,0.0,0.0,0.0,0.0,0.0,0.0,26.568029403686523,0.0,0.0,0.0,0.0,0.0,0.0,0.0,0.0,0.0,0.0,0.0,0.0,0.0,0.0,0.0,0.0,0.0,0.0,0.0,0.0,0.0,0.0,0.0,0.0,0.0,0.0,0.0,0.0,0.0,0.0,0.0,0.0,0.0,0.0,0.0,0.0,0.0,0.0,0.0,23.55392074584961,0.0,0.0,0.0,0.0,0.0,0.0,0.0,0.0,0.0,0.0,0.0,0.0,0.0,0.0,0.0,0.0,0.0,0.0,0.0,0.0,0.0,0.0,0.0,0.0,0.0,0.0,0.0,0.0,0.0,0.0,0.0,0.0,0.0,0.0,0.0,0.0,0.0,0.0,0.0,0.0,0.0,0.0,0.0,0.0,0.0,0.0,0.0,0.0,0.0,0.0,0.0,0.0,0.0,0.0,0.0,0.4720500707626343,0.0,0.0,0.0,0.0,0.0,0.0,0.0,0.0,0.0,0.0,0.0,0.0,0.0,0.0,0.0,0.0,0.0,0.0,0.0,0.0,0.0,0.0,0.0,0.0,0.0,0.0,0.0,0.0,0.0,0.0,0.0,0.0,0.0,0.0,0.0,0.0,0.0,0.0,0.0,0.0,0.0,0.0,0.0,0.0,0.0,0.0,0.0,0.0,0.0,0.0,0.0,0.0,0.0,0.0,0.0,48.282596588134766,0.0,0.0,0.0,0.0,0.0,0.0,0.0,0.0,0.0,0.0,0.0,10.963345527648926,0.0,0.0,0.0,0.0,0.0,0.0,0.0,0.0,0.0,0.0,0.0,0.0,0.0,0.0,0.0,0.0,0.0,0.0,0.0,0.0,0.0,5.5914740562438965,9.395800590515137,0.0,0.0,0.0,0.0,0.0,0.0,0.0,0.0,0.0,0.0,0.0,0.0,0.0,0.0,0.0,0.0,0.0,0.0,0.0,0.0,0.0,13.46053409576416,0.0,0.0,0.0,0.0,0.0,0.0,0.0,0.0,0.0,0.0,0.0,0.0,0.0,0.0,0.0,0.0,0.0,0.0,0.0,0.0,0.0,0.0,0.0,0.0,0.0,0.0,0.0,0.0,0.0,0.0,0.0,0.0,0.0,0.0,0.0,0.0,0.0,0.0,0.0,0.0,0.0,0.0,0.0,0.0,0.0,0.0,0.0,0.0,0.0,0.0,0.0,0.0,0.0,0.0,0.0,25.381866455078125,0.0,0.0,0.0,0.0,0.0,0.0,0.0,0.0,0.0,0.0,0.0,0.0,0.0,0.0,0.0,0.0,0.0,0.0,0.0,0.0,0.0,0.0,0.0,0.0,0.0,0.0,0.0,0.0,0.0,0.0,0.0,0.0,0.0,0.0,0.0,0.0,0.0,0.0,0.0,0.0,0.0,0.0,0.0,0.0,0.0,0.0,0.0,0.0,0.0,0.0,0.0,0.0,0.0,0.0,0.0,0.0,0.0,0.0,1.2965779304504395,0.0,0.0,0.0,0.0,0.0,0.0,0.0,0.0,15.871122360229492,0.0,0.0,0.0,0.0,0.0,0.0,0.0,0.0,0.0,0.0,0.0,0.0,0.0,0.0,0.0,0.0,0.0,2.520310640335083,0.0,0.0,0.0,0.0,0.0,0.0,0.0,0.0,0.0,0.0,0.0,0.0,0.0,0.0,0.0,0.0,0.0,0.0,0.0,0.0,0.0,0.0,0.0,0.0,0.0,0.0,0.0,0.0,91.2451400756836,0.0,0.0,0.0,0.0,0.0,0.0,0.0,0.0,0.0,0.0,0.0,0.0,0.0,0.0,0.0,0.0,0.0,0.0,0.0,0.0,0.0,0.0,0.0,0.0,0.0,0.0,0.0,0.0,0.0,0.0,0.0,0.0,0.0,0.0,0.0,0.0,0.0,0.0,0.0,0.0,0.0,0.0,0.0,0.0,0.0,0.0,0.0,0.0,0.0,11.727485656738281,0.0,0.0,0.0,0.0,0.0,0.0,0.0,0.0,0.0,0.0,0.0,0.0,0.0,0.0,0.0,0.0,0.0,0.0,0.0,0.0,0.0,0.0,0.0,0.0,0.0,0.0,0.0,0.0,0.0,0.0,0.0,0.0,0.0,0.0,0.0,0.0,0.0,0.0,0.0,0.0,0.0,0.0,0.0,0.0,0.0,0.0,0.0,0.0,0.0,0.0,0.0,0.0,0.0,0.0,0.0,0.0,0.0,0.0,0.0,0.0,0.0,0.0,0.0,0.0,0.0,0.0,0.0,0.0,0.0,0.0,0.0,0.0,4.199460506439209,0.0,0.0,0.0,0.0,0.0,0.0,0.0,0.0,14.94578742980957,0.0,0.0,0.0,0.0,0.0,0.0,0.0,0.0,0.0,0.0,0.0,0.0,0.0,0.0,0.0,0.0,0.0,0.0,0.0,0.0,0.0,0.0,0.0,0.0,0.0,0.0,0.0,0.0,0.0,0.0,0.0,0.0,0.0,0.0,0.0,0.0,0.0,0.0,0.0,0.0,0.0,0.0,0.0,0.0,0.0,0.0,0.0,0.0,0.0,0.0,0.0,0.0,0.0,0.0,0.0,0.0,0.0,0.0,0.0,0.0,0.0,0.0,0.0,0.0,0.0,0.0,0.0,0.0,5.272014617919922,0.0,0.0,0.0,0.0,0.0,0.0,0.0,0.0,0.0,0.0,0.0,0.0,0.0,0.0,0.0,0.0,0.0,0.0,0.0,0.0,0.0,0.0,0.0,0.0,0.0,0.0,24.911582946777344,0.0,0.0,0.0,0.0,0.0,0.0,0.0,0.0,0.0,11.181520462036133,0.0,0.0,0.0,0.0,0.0,0.0,0.0,0.0,0.0,0.0,0.0,0.0,0.0,0.0,0.0,0.0,0.0,0.0,0.0,0.0,0.0,0.0,0.0,0.0,0.0,0.0,0.0,0.0,0.0,0.0,0.0,0.0,0.0,0.0,0.0,0.0,0.0,0.0,0.0,0.0,0.0,0.0,0.0,0.0,0.0,27.91597557067871,0.0,0.0,0.0,0.0,0.0,0.0,0.0,5.46058464050293,0.0,0.0,0.0,0.0,0.0,0.0,0.0,0.0,0.0,0.0,0.0,13.387130737304688,0.0,1.65901517868042,0.0,0.0,0.0,0.0,0.0,0.0,0.0,0.0,0.0,0.0,0.0,0.0,4.917112827301025,0.0,0.0,0.0,0.0,0.0,0.0,0.0,0.0,0.0,0.0,0.0,0.0,0.0,0.0,0.0,0.0,0.0,0.0,0.0,0.0,0.0,2.214114189147949,0.0,20.45970344543457,0.0,0.0,0.0,0.0,0.0,0.0,0.0,0.0,0.0,0.0,0.0,0.0,0.0,0.0,0.0,0.0,0.0,0.0,0.0,0.0,0.0,0.0,0.0,0.0,0.0,0.0,0.0,0.0,0.0,0.0,0.0,0.0,0.0,0.0,0.0,0.0,0.0,0.0,0.0,0.0,0.0,0.0,0.0,0.0,0.0,0.0,0.0,0.0,0.0,0.0,0.0,0.0,0.0,11.999798774719238,0.0,0.0,0.0,0.0,0.0,0.0,0.0,0.0,0.0,0.0,0.0,0.0,0.0,0.0,0.0,0.0,0.0,0.0,0.0,0.0,0.0,0.0,0.0,0.0,0.0,0.0,0.0,0.0,0.0,0.0,0.0,0.0,0.0,0.0,0.0,0.0,0.0,0.0,0.0,0.0,0.0,0.0,0.0,0.0,0.0,0.0,0.0,0.0,0.0,0.0,0.0,0.0,0.0,0.0,0.0,0.0,0.0,0.0,0.0,0.0,0.0,0.0,0.0,0.0,0.0,0.0,0.0,0.0,0.0,0.0,0.0,0.0,0.0,0.0,0.0,0.0,0.0,0.0,0.0,0.0,0.0,0.0,0.0,0.0,0.0,11.217455863952637,0.0,0.0,0.0,0.0,0.0,13.006855964660645,0.0,0.0,0.0,0.0,0.0,0.0,0.0,0.0,0.0,0.0,0.0,0.0,0.0,0.0,0.0,0.0,0.0,0.0,0.0,0.0,0.0,0.0,92.83876037597656,0.0,0.0,0.0,0.0,0.0,0.0,0.0,0.0,0.0,0.0,0.0,0.0,0.0,0.0,0.0,0.0,0.0,0.0,0.0,0.0,0.0,0.0,0.0,0.0,0.0,0.0,0.0,0.0,0.0,0.0,0.0,0.0,0.0,0.0,0.0,0.0,0.0,0.0,0.0,0.0,0.0,0.0,0.0,2.2948176860809326,0.0,0.0,0.0,0.0,0.0,36.19756317138672,0.0,0.0,0.0,0.0,0.0,0.0,0.0,0.0,0.0,0.0,0.0,0.0,0.0,0.0,0.0,0.0,0.0,0.0,0.0,0.0,0.0,0.0,20.878387451171875,0.0,0.0,0.0,0.0,0.0,0.0,0.0,0.0,0.0,0.0,0.0,0.0,0.0,0.0,0.0,0.0,0.0,0.0,0.0,0.0,0.0,0.0,0.0,0.0,0.0,0.0,0.0,0.0,0.0,0.0,0.0,0.0,0.0,0.0,0.0,0.0,0.0,0.0,0.0,0.0,0.0,0.0,0.0,0.0,0.0,0.0,0.0,0.0,0.0,0.0,0.0,0.0,0.0,0.0,0.0,0.0,0.0,0.0,7.111591339111328,0.0,0.0,0.0,0.0,0.0,0.0,0.0,0.0,0.0,0.0,0.0,0.0,0.0,0.0,0.0,0.0,0.0,0.0,0.0,0.0,0.0,0.0,0.0,0.0,0.0,0.0,0.0,0.0,0.0,0.0,0.0,0.0,0.0,0.0,0.0,0.0,0.0,0.0,0.0,0.0,0.0,0.0,0.0,0.0,0.0,0.0,0.0,0.0,0.0,0.0,0.0,0.0,0.0,0.0,0.0,0.0,0.0,0.0,0.0,0.0,0.0,0.0,0.0,0.0,0.0,0.0,0.0,0.0,0.0,0.0,0.0,0.0,0.0,0.0,0.0,0.0,0.0,0.0,0.0,0.0,0.0,0.0,0.0,0.0,0.0,0.0,0.0,0.0,0.0,0.0,0.0,0.0,0.0,0.0,0.0,21.759069442749023,0.0,0.0,0.0,0.0,0.0,0.0,0.0,0.0,0.0,0.0,0.0,0.0,0.0,0.0,0.0,0.0,0.0,0.0,0.0,0.0,0.0,0.0,0.0,0.0,0.0,0.0,0.0,0.0,0.0,0.0,0.0,0.0,0.0,0.0,0.0,0.0,0.0,0.0,0.0,0.0,0.0,0.0,0.0,0.0,0.0,0.0,0.0,0.0,0.0,0.0,0.0,0.0,0.0,0.0,0.0,12.680001258850098,0.0,0.0,0.0,0.0,0.0,0.0,0.0,2.6958184242248535,0.0,0.0,0.0,0.0,0.0,0.0,0.0,0.0,0.0,0.0,0.0,24.48418426513672,0.0,0.0,0.0,0.0,0.0,0.0,0.0,0.0,0.0,0.0,0.0,0.0,0.0,0.0,0.0,0.0,0.0,0.0,0.0,0.0,0.0,0.0,0.0,0.0,0.0,0.0,0.0,0.0,0.0,0.0,0.0,0.0,0.0,0.0,0.0,0.0,0.0,0.0,33.597015380859375,0.0,0.0,0.0,0.0,0.0,0.0,0.0,0.0,0.0,0.0,0.0,0.0,0.0,0.0,0.0,0.0,0.0,0.0,0.0,0.0,0.0,0.0,0.0,0.0,0.0,0.0,0.0,0.0,0.0,0.0,0.0,0.0,0.0,0.0,0.0,0.0,0.0,0.0,0.0,0.0,0.0,0.0,0.0,0.0,0.0,0.0,0.0,0.0,0.0,0.0,0.0,0.0,0.0,0.0,0.0,0.0,0.0,0.0,0.0,0.0,0.0,0.0,0.0,0.0,0.0,0.0,0.0,0.0,0.0,0.0,0.0,0.0,0.0,0.0,0.0,0.0,0.0,0.0,0.0,0.0,0.0,0.0,0.0,0.0,0.0,0.0,0.0,0.0,0.0,0.0,0.0,0.0,0.0,0.0,0.0,0.0,0.0,0.0,0.0,0.0,0.0,0.0,0.0,0.0,0.0,0.0,0.0,0.0,0.0,0.0,0.0,0.0,0.0,0.0,0.0,0.0,0.0,0.0,0.0,0.0,0.0,0.0,0.0,0.0,0.0,0.0,0.0,0.0,0.0,0.0,0.0,0.0,0.0,0.0,0.0,0.0,0.0,0.0,0.0,0.0,0.0,0.0,0.0,0.0,0.0,16.763944625854492,0.0,0.0,0.0,0.0,0.0,0.0,0.0,0.0,0.0,0.0,0.0,0.0,0.0,0.0,0.0,0.0,0.0,0.0,0.0,0.0,0.0,0.0,54.39186477661133,0.0,0.0,0.0,0.0,0.0,0.0,0.0,0.0,0.0,0.0,0.0,0.0,0.0,0.0,0.0,0.0,0.0,0.0,0.0,0.0,0.0,0.0,0.0,0.0,0.0,0.0,0.0,0.0,0.0,0.0,0.0,0.0,0.0,0.0,0.0,0.0,0.0,0.0,0.0,0.0,0.0,0.0,0.0,7.076999187469482,0.0,0.0,0.0,0.0,0.0,35.38185501098633,0.0,0.0,0.0,0.0,0.0,0.0,0.0,0.0,0.0,0.0,0.0,0.0,0.0,0.0,0.0,0.0,0.0,0.0,0.0,0.0,0.0,0.0,5.725884437561035,0.0,0.0,0.0,0.0,0.0,0.0,0.0,0.0,0.0,0.0,0.0,0.0,0.0,0.0,0.0,0.0,0.0,0.0,0.0,0.0,0.0,0.0,0.0,6.585818290710449,0.0,0.0,0.0,0.0,0.0,0.0,0.0,0.0,0.0,0.0,0.0,0.0,0.0,0.0,0.0,0.0,0.0,0.0,0.0,0.0,0.0,0.0,0.0,0.0,0.0,0.0,0.0,0.0,0.0,0.0,0.0,0.0,0.0,0.0,12.862452507019043,0.0,0.0,0.0,0.0,0.0,0.0,0.0,0.0,0.0,0.0,0.0,0.0,0.0,0.0,0.0,0.0,0.0,0.0,0.0,0.0,0.0,0.0,0.0,0.0,0.0,0.0,0.0,0.0,0.0,0.0,0.0,0.0,0.0,0.0,0.0,0.0,0.0,0.0,0.0,0.0,0.0,0.0,0.0,0.0,0.0,0.0,0.0,0.0,0.0,0.0,0.0,0.0,0.0,0.0,0.0,0.0,0.0,0.0,0.0,0.0,0.0,0.0,0.0,0.0,0.0,0.0,0.0,0.0,0.0,0.0,0.0,0.0,0.0,0.0,0.0,0.0,0.0,0.0,0.0,0.0,0.0,0.0,0.0,0.0,0.0,0.0,0.0,0.0,0.0,0.0,0.0,0.0,0.0,0.0,0.0,0.0,0.0,0.0,0.0,0.0,0.0,0.0,0.0,0.0,0.0,0.0,0.0,0.0,0.0,0.0,0.0,0.0,0.0,0.0,0.0,0.0,0.0,0.0,0.0,0.0,0.0,0.0,0.0,0.0,0.0,0.0,0.0,0.0,0.0,0.0,0.0,0.0,0.0,0.0,0.0,0.0,0.0,0.0,0.0,0.0,0.0,0.0,0.0,0.0,0.0,0.0,0.0,0.0,0.0,0.0,0.0,0.0,0.0,0.0,0.0,0.0,0.0,0.0,0.0,0.0,0.0,0.0,0.0,0.0,0.0,0.0,0.0,0.0,0.0,0.0,0.0,0.0,0.0,0.0,0.0,0.0,0.0,0.0,0.0,0.0,0.0,0.0,0.0,0.0,0.0,0.0,0.0,0.0,0.0,0.0,0.0,0.0,0.0,0.0,0.0,0.0,0.0,0.0,0.0,0.0,0.0,0.0,0.0,0.0,0.0,0.0,0.0,0.0,0.0,0.0,0.0,0.0,0.0,0.0,0.0,0.0,0.0,0.0,0.0,0.0,0.0,0.0,0.0,0.0,0.0,0.0,0.0,0.0,0.0,0.0,0.0,0.0,0.0,0.0,0.0,0.0,0.0,0.0,0.0,0.0,0.0,0.0,0.0,0.0,0.0,0.0,0.0,0.0,0.0,0.0,0.0,0.0,0.0,0.0,0.0,0.0,0.0,0.0,0.0,0.0,0.0,0.0,0.0,0.0,22.69672393798828,0.0,0.0,0.0,0.0,0.0,0.0,0.0,0.0,0.0,0.0,0.0,0.0,0.0,0.0,0.0,0.0,0.0,0.0,0.0,0.0,0.0,0.0,0.0,0.0,0.0,0.0,0.0,0.0,0.0,0.0,0.0,0.0,0.0,0.0,0.0,0.0,0.0,0.0,0.0,0.0,0.0,0.0,0.0,0.0,0.0,0.0,0.0,0.0,0.0,0.0,0.0,0.0,0.0,0.0,0.0,0.0,0.0,0.0,0.0,0.0,0.0,0.0,0.0,0.0,0.0,0.0,0.0,0.0,0.0,0.0,0.0,0.0,0.0,0.0,0.0,0.0,0.0,0.0,0.0,0.0,0.0,0.0,0.0,0.0,0.0,0.0,0.0,0.0,0.0,0.0,0.0,0.0,0.0,0.0,0.0,0.0,0.0,0.0,0.0,0.0,0.0,0.0,0.0,0.0,0.0,0.0,0.0,0.0,0.0,0.0,0.0,0.0,0.0,0.0,14.576556205749512,0.0,0.0,0.0,0.0,0.0,0.0,0.0,0.0,0.0,0.0,0.0,0.0,0.0,0.0,0.0,0.0,0.0,0.0,0.0,0.0,0.0,0.0,0.0,0.0,0.0,0.0,0.0,0.0,0.0,0.0,0.0,0.0,0.0,0.0,0.0,0.0,0.0,0.0,0.0,0.0,0.0,0.0,0.0,0.0,0.0,0.0,0.0,0.0,0.0,19.660573959350586,0.0,0.0,0.0,0.0,0.0,0.0,0.0,0.0,0.0,0.0,0.0,0.0,0.0,0.0,0.0,0.0,0.0,0.0,0.0,0.0,0.0,0.0,0.0,0.0,0.0,0.0,0.0,0.0,0.0,0.0,0.0,0.0,0.0,0.0,0.0,0.0,0.0,0.0,0.0,0.0,0.0,0.0,0.0,0.0,0.0,0.0,26.29421615600586,0.0,0.0,0.0,0.0,0.0,0.0,0.0,0.0,0.0,0.0,0.0,0.0,0.0,0.0,0.0,0.0,0.0,0.0,0.0,0.0,0.0,0.0,0.0,0.0,0.0,0.0,0.0,0.0,0.0,0.0,0.0,0.0,0.0,0.0,0.0,0.0,0.0,0.0,0.0,0.0,0.0,0.0,0.0,0.0,0.0,0.0,0.0,0.0,0.0,0.0,0.0,0.0,0.0,0.0,0.0,0.0,0.0,0.0,0.0,0.0,0.0,0.0,0.0,0.0,0.0,0.0,0.0,0.0,0.0,0.0,0.0,0.0,0.0,0.0,0.0,0.0,0.0,0.0,0.0,0.0,0.0,0.0,0.0,0.0,0.0,0.0,0.0,0.0,0.0,0.0,0.0,0.0,0.0,0.0,0.0,0.0,0.0,0.0,0.0,0.0,0.0,0.0,0.0,0.0,0.0,0.0,0.0,0.0,0.0,0.0,0.0,0.0,0.0,0.0,0.0,0.0,0.0,0.0,0.0,0.0,0.0,0.0,0.0,0.0,0.0,0.0,0.0,0.0,0.0,0.0,23.21224594116211,0.0,0.0,0.0,0.0,0.0,0.0,0.0,0.0,0.0,0.0,0.0,0.0,0.0,0.0,0.0,0.0,0.0,0.0,0.0,0.0,0.0,0.0,0.0,0.0,0.0,0.0,0.0,0.0,0.0,0.0,0.0,0.0,0.0,0.0,0.0,0.0,0.0,0.0,0.0,0.0,0.0,0.0,0.0,0.0,0.0,0.0,0.0,0.0,0.0,0.0,0.0,0.0,0.0,0.0,0.0,0.0,0.0,0.0,0.0,0.0,0.0,0.0,0.0,0.0,0.0,0.0,0.0,0.0,0.0,0.0,0.0,0.0,0.0,0.0,0.0,0.0,0.0,0.0,0.0,0.0,0.0,0.0,0.0,0.0,0.0,0.0,0.0,0.0,0.0,0.0,0.0,0.0,0.0,0.0,0.0,0.0,0.0,0.0,0.0,0.0,0.0,0.0,0.0,0.0,0.0,0.0,0.0,0.0,0.0,0.0,0.0,0.0,0.0,0.0,0.0,0.0,0.0,0.0,0.0,0.0,0.0,0.0,0.0,0.0,0.0,0.0,0.0,0.0,0.0,0.0,0.0,0.0,0.0,0.0,0.0,0.0,0.0,0.0,0.0,0.0,0.0,0.0,0.0,0.0,0.0,0.0,0.0,0.0,0.0,0.0,0.0,0.0,0.0,0.0,0.0,0.0,0.0,0.0,0.0,0.0,0.0,0.0,0.0,0.0,0.0,0.0,0.0,0.0,20.554550170898438,0.0,0.0,0.0,0.0,0.0,0.0,0.0,0.0,0.0,0.0,0.0,0.0,0.0,0.0,0.0,0.0,0.0,0.0,0.0,0.0,0.0,0.0,0.0,0.0,0.0,0.0,0.0,0.0,0.0,0.0,0.0,0.0,0.0,0.0,0.0,0.0,0.0,0.0,0.0,0.0,0.0,0.0,0.0,0.0,0.0,0.0,0.0,0.0,0.0,0.0,0.0,0.0,0.0,0.0,0.0,0.0,0.0,0.0,0.21523329615592957,0.0,0.0,0.0,0.0,0.0,0.0,0.0,0.0,0.0,0.0,0.0,0.0,0.0,0.0,0.0,0.0,0.0,0.0,0.0,0.0,0.0,0.0,0.0,0.0,0.0,0.0,0.0,0.0,0.0,0.0,0.0,0.0,0.0,0.0,0.0,0.0,0.0,0.0,0.0,0.0,0.0,0.0,0.0,0.0,0.0,0.0,0.0,0.0,0.0,0.0,0.0,0.0,10.471494674682617,0.0,0.0,18.76587677001953,0.0,0.0,0.0,0.0,0.0,0.0,0.0,0.0,0.0,0.0,0.0,0.0,0.0,0.0,0.0,0.0,0.0,0.0,0.0,0.0,0.0,0.0,0.0,0.0,0.0,0.0,0.0,0.0,0.0,0.0,0.0,0.0,0.0,0.0,0.0,0.0,0.0,0.0,0.0,0.0,0.0,0.0,0.0,0.0,0.0,0.0,0.0,0.0,0.0,26.497821807861328,0.0,0.0,0.0,0.0,0.0,0.0,0.0,0.0,0.0,0.0,0.0,0.0,0.0,0.0,0.0,0.0,0.0,0.0,0.0,0.0,0.0,0.0,0.0,0.0,0.0,0.0,0.0,0.0,0.0,0.0,0.0,0.0,0.0,0.0,0.0,0.0,0.0,0.0,0.0,0.0,0.0,0.0,0.0,0.0,0.0,0.0,0.0,0.0,0.0,0.0,0.0,0.0,0.0,0.0,0.0,0.0,0.0,0.0,0.0,0.0,0.0,0.0,0.0,0.0,0.0,0.0,0.0,0.0,0.0,0.0,0.0,0.0,0.0,0.0,0.0,0.0,0.0,0.0,0.0,0.0,0.0,0.0,0.0,0.0,0.0,0.0,0.0,0.0,0.0,0.0,0.0,0.0,0.0,0.0,0.0,0.0,0.0,0.0,0.0,0.0,0.0,0.0,0.0,0.0,0.0,0.0,0.0,0.0,0.0,0.0,0.0,0.0,0.0,0.0,0.0,0.0,0.0,0.0,0.0,0.0,0.0,0.0,0.0,0.0,0.0,0.0,0.0,0.0,0.0,0.0,0.0,0.0,0.0,0.0,0.0,0.0,0.0,0.0,0.0,0.0,0.0,0.0,0.0,0.0,0.0,0.0,0.0,0.0,0.0,0.0,0.0,0.0,0.0,0.0,0.0,0.0,0.0,0.0,0.0,0.0,0.0,0.0,0.0,0.0,0.0,0.0,0.0,0.0,0.0,0.0,0.0,0.0,0.0,0.0,0.0,0.0,0.0,0.0,0.0,0.0,0.0,0.0,0.0,0.0,0.0,0.0,0.0,0.0,0.0,0.0,0.0,0.0,0.0,0.0,0.0,0.0,0.0,0.0,0.0,0.0,0.0,0.0,0.0,0.0,0.0,0.0,0.0,0.0,0.0,0.0,0.0,0.0,0.0,0.0,0.0,0.0,0.0,0.0,0.0,0.0,0.0,0.0,0.0,0.0,0.0,0.0,0.0,0.0,0.0,0.0,0.0,0.0,0.0,0.0,0.0,0.0,0.0,0.0,0.0,0.0,0.0,0.0,0.0,0.0,0.0,22.46414566040039,0.0,0.0,0.0,0.0,0.0,0.0,0.0,0.0,0.0,2.5546789169311523,0.0,0.0,0.0,0.0,0.0,0.0,0.0,0.0,0.0,0.0,0.0,0.0,0.0,0.0,0.0,0.0,0.0,0.0,0.0,0.0,0.0,0.0,0.0,0.0,0.0,0.0,0.0,0.0,0.0,0.0,0.0,0.0,0.0,0.0,10.575267791748047,0.0,0.0,0.0,0.0,0.0,0.0,5.909039497375488,0.0,0.0,0.0,0.0,0.0,0.0,0.0,0.0,0.0,0.0,0.0,0.0,0.0,0.0,0.0,0.0,0.0,0.0,0.0,0.0,0.0,0.0,0.0,0.0,0.0,0.0,0.0,0.0,0.0,0.0,0.0,0.0,0.0,0.0,0.0,0.0,0.0,0.0,0.0,0.0,0.0,0.0,0.0,0.0,0.0,0.0,0.0,0.0,0.0,0.0,0.0,0.0,0.0,0.0,0.0,0.0,0.0,0.0,0.0,0.0,0.0,0.0,0.0,0.0,0.0,0.0,0.0,0.0,0.0,0.0,0.0,0.0,0.0,0.0,0.0,0.0,0.0,0.0,0.0,0.0,0.0,0.0,0.0,0.0,0.0,0.0,0.0,0.0,0.0,0.0,0.0,0.0,0.0,0.0,0.0,0.0,0.0,0.0,0.0,0.0,0.0,0.0,0.0,0.0,0.0,0.0,0.0,0.0,0.0,0.0,0.0,0.0,0.0,0.0,0.0,0.0,0.0,0.0,0.0,0.0,0.0,0.0,0.0,0.0,0.0,0.0,0.0,0.0,0.0,0.0,0.0,0.0,0.0,0.0,0.0,0.0,0.0,0.0,0.0,0.0,0.0,0.0,0.0,0.0,0.0,0.0,0.0,0.0,0.0,0.0,0.0,0.0,0.0,0.0,0.0,0.0,0.0,0.0,0.0,0.0,22.95925521850586,0.0,0.0,28.988176345825195,0.0,0.0,0.0,0.0,20.993350982666016,0.0,0.0,0.0,0.0,0.0,0.0,0.0,0.0,0.0,0.0,0.0,0.0,0.0,0.0,0.0,0.0,0.0,0.0,0.0,0.0,0.0,0.0,0.0,0.0,0.0,0.0,0.0,0.0,0.0,0.0,0.0,0.0,0.0,0.0,0.0,0.0,0.0,0.0,0.0,0.0,0.0,0.0,0.0,0.0,0.0,0.0,0.0,0.0,0.0,0.0,0.0,0.0,0.0,0.0,0.0,0.0,0.0,0.0,0.0,0.0,1.8192903995513916,0.0,0.0,0.0,0.0,0.0,0.0,0.0,0.0,0.0,0.0,0.0,0.0,0.0,0.0,0.0,0.0,0.0,0.0,0.0,0.0,0.0,0.0,0.0,0.0,0.0,0.0,0.0,0.0,0.0,0.0,0.5091296434402466,0.0,0.0,0.0,0.0,0.0,0.0,0.0,0.0,0.0,0.0,0.0,5.865161418914795,0.0,0.0,0.0,0.0,0.0,0.0,0.0,0.0,0.0,0.0,0.0,0.0,0.0,0.0,0.0,0.0,0.0,0.0,0.0,0.0,0.0,0.0,0.7767601013183594,0.0,0.0,0.0,0.0,0.0,0.0,0.0,0.0,0.0,0.0,0.0,0.0,0.0,0.0,0.0,0.0,0.0,0.0,0.0,0.0,0.0,0.0,0.0,0.0,0.0,0.0,0.0,0.0,0.0,0.0,0.0,0.0,0.0,0.0,0.0,0.0,0.0,0.0,0.0,0.0,0.0,0.0,0.0,0.0,0.0,0.0,0.0,0.0,0.0,0.0,0.0,0.0,0.0,0.0,0.0,0.0,2.2659099102020264,0.0,0.0,0.0,0.0,0.0,0.0,0.0,0.0,0.0,0.0,0.0,0.0,0.0,0.0,0.0,0.0,0.0,0.0,0.0,0.0,0.0,0.0,0.0,0.0,0.0,0.0,0.0,0.0,0.0,0.0,0.0,0.0,0.0,0.0,0.0,0.0,0.0,0.0,0.0,13.239473342895508,0.0,0.0,0.0,0.0,0.0,0.0,0.0,0.0,0.0,0.0,0.0,0.0,0.0,0.0,0.0,0.0,0.0,0.0,0.0,0.0,0.0,0.0,0.0,0.0,0.0,0.0,0.0,0.0,0.0,0.0,0.0,0.0,0.0,0.0,0.0,0.0,0.0,0.0,0.0,0.0,0.0,0.0,0.0,0.0,0.0,0.0,0.0,0.0,0.0,0.0,0.0,0.0,0.0,0.0,0.0,0.0,0.0,0.0,0.0,0.0,0.0,0.0,0.0,0.0,0.0,0.0,26.266143798828125,0.0,0.0,0.0,0.0,0.0,0.0,0.0,0.0,0.0,0.0,0.0,0.0,0.0,0.0,0.0,0.0,0.0,0.0,0.0,0.0,0.0,0.0,0.0,0.0,0.0,0.0,0.0,0.0,0.0,0.0,0.0,0.0,0.0,0.0,0.0,0.0,0.0,0.0,0.0,0.0,0.0,0.0,0.0,0.0,0.8094660043716431,0.0,0.0,0.0,0.0,0.0,0.0,0.0,0.0,0.0,0.0,0.0,0.0,0.0,0.0,0.0,0.0,0.0,0.0,0.0,0.0,0.0,0.0,0.0,0.0,0.0,0.0,0.0,0.0,0.0,0.0,0.0,0.0,0.0,0.0,0.0,0.0,0.0,0.0,0.0,0.0,0.0,0.0,0.0,0.0,0.0,0.0,0.0,0.0,0.0,0.0,0.0,0.0,0.0,0.0,0.0,11.435548782348633,0.0,0.0,0.0,0.0,0.0,0.0,0.0,0.0,0.0,0.0,0.0,0.0,0.0,0.0,0.0,0.0,0.0,0.0,0.0,0.0,0.0,0.0,0.0,0.0,0.0,0.0,0.0,0.0,0.0,0.0,0.0,0.0,0.0,0.0,0.0,0.0,0.0,0.0,0.0,0.0,0.0,0.0,0.0,0.0,0.0,0.0,0.0,0.0,0.0,0.0,0.0,0.0,6.214524745941162,0.0,0.0,0.0,0.0,0.0,12.952616691589355,0.0,0.0,0.0,0.0,0.0,0.0,0.0,0.0,2.000013828277588,0.0,0.0,0.0,0.0,0.0,0.0,0.0,0.0,0.0,0.0,0.0,0.0,0.0,0.0,0.0,0.0,0.0,0.0,0.0,0.0,0.0,0.0,0.0,0.0,0.0,0.0,0.0,0.0,0.0,0.0,0.0,0.0,0.0,0.0,0.0,0.0,0.0,0.0,0.0,0.0,0.0,0.0,0.0,0.0,0.0,0.0,33.2701530456543,0.0,0.0,0.0,0.0,0.0,0.0,0.0,0.0,0.0,0.0,0.0,0.0,0.0,0.0,0.0,0.0,0.0,0.0,0.0,0.0,0.0,0.0,0.0,0.0,0.0,0.0,0.0,0.0,0.0,0.0,0.0,0.0,0.0,0.0,0.0,0.0,0.0,0.0,0.0,0.0,0.0,0.0,0.0,0.0,0.0,0.0,0.0,0.0,0.0,12.551126480102539,0.0,0.0,0.0,0.0,0.0,0.0,0.0,0.0,0.0,0.0,0.0,0.0,0.0,2.1336135864257812,0.0,0.0,0.0,0.0,0.0,0.0,0.0,0.0,0.0,0.0,0.0,0.0,0.0,0.0,0.0,0.0,0.0,0.0,0.0,0.0,0.0,0.0,0.0,0.0,0.0,0.0,0.0,0.0,0.0,0.0,0.0,0.0,0.0,0.0,0.0,0.0,0.0,0.0,0.0,0.0,0.0,0.0,0.0,0.0,0.0,0.0,0.0,0.0,0.0,0.0,0.0,0.0,0.0,0.0,0.0,0.0,0.0,0.0,0.0,0.0,0.0,0.0,0.0,0.0,0.0,0.0,0.0,0.0,0.0,0.0,0.0,0.0,0.0,0.0,0.0,0.0,0.0,0.0,0.0,0.0,0.0,0.0,0.0,0.0,0.0,0.0,0.0,0.0,0.0,0.0,0.0,0.0,0.0,0.0,0.0,0.0,0.0,0.0,0.0,0.0,0.0,0.0,0.0,0.0,0.0,0.0,0.0,0.0,0.0,0.0,0.0,0.0,0.0,0.0,0.0,0.0,0.0,0.0,0.0,0.0,0.0,0.0,0.0,0.0,0.0,0.0,0.0,0.0,0.0,0.0,0.0,0.0,0.0,0.0,0.0,0.0,0.0,0.0,0.0,0.0,0.0,0.0,0.0,0.0,0.0,0.0,0.0,0.0,0.0,0.0,0.0,0.0,0.0,0.0,0.0,0.0,0.0,0.0,0.0,0.0,0.0,0.0,0.0,0.0,0.0,0.0,0.0,0.0,0.0,0.0,0.0,0.0,0.0,0.0,0.0,0.0,0.0,0.0,0.0,0.0,0.0,0.0,0.0,0.0,0.0,0.0,0.0,0.0,0.0,0.0,0.0,0.0,0.0,0.0,0.0,0.0,0.0,0.0,0.0,0.0,0.0,0.0,0.0,0.0,0.0,0.0,0.0,0.0,0.0,0.0,0.0,0.0,0.0,0.0,0.0,0.0,0.0,0.0,0.0,0.0,0.0,0.0,0.0,0.0,0.0,0.0,0.0,0.0,0.0,0.0,0.0,0.0,0.0,0.0,0.0,0.0,0.0,0.0,0.0,0.0,0.0,0.0,0.0,0.0,0.0,0.0,0.0,0.0,0.0,0.0,0.0,0.0,0.0,0.0,0.0,0.0,0.0,0.0,0.0,0.0,0.0,0.0,0.0,0.0,0.0,0.0,0.0,0.0,0.0,0.0,0.0,0.0,0.0,0.0,0.0,0.0,0.0,0.0,0.0,0.0,0.0,0.0,0.0,0.0,0.0,0.0,0.0,0.0,0.0,0.0,0.0,0.0,0.0,0.0,0.0,0.0,0.0,0.0,0.0,0.0,0.0,0.0,0.0,0.0,0.0,0.0,0.0,0.0,0.0,0.0,0.0,0.0,0.0,0.0,0.0,0.0,0.0,0.0,0.0,0.0,0.0,0.0,0.0,0.0,0.0,0.0,0.0,0.0,0.0,0.0,0.0,0.0,0.0,0.0,0.0,0.0,0.0,0.0,0.0,0.0,0.0,0.0,0.0,0.0,0.0,0.0,0.0,0.0,0.0,0.0,0.0,0.0,0.0,0.0,0.0,0.0,0.0,0.0,0.0,0.0,0.0,0.0,0.0,0.0,0.0,0.0,0.0,0.0,0.0,0.0,0.0,0.0,0.0,0.0,0.0,0.0,0.0,0.0,0.0,0.0,0.0,0.0,0.0,0.0,0.0,0.0,0.0,0.0,0.0,0.0,0.0,0.0,0.0,0.0,0.0,0.0,0.0,0.0,0.0,0.0,0.0,0.0,0.0,0.0,0.0,0.0,0.0,0.0,0.0,0.0,0.0,0.0,0.0,0.0,0.0,0.0,0.0,0.0,0.0,0.0,0.0,0.0,0.0,0.0,0.0,0.0,0.0,0.0,0.0,0.0,0.0,0.0,0.0,0.0,0.0,0.0,0.0,0.0,0.0,0.0,0.0,0.0,0.0,0.0,0.0,0.0,0.0,18.880298614501953,0.0,0.0,0.0,0.0,0.0,0.0,0.0,0.0,0.0,0.0,0.0,0.0,0.0,0.0,0.0,0.0,0.0,0.0,0.0,0.0,0.0,0.0,0.0,0.0,0.0,0.0,0.0,0.0,0.0,0.0,0.0,0.0,0.0,0.0,0.0,0.0,0.0,0.0,0.0,0.0,0.0,0.0,0.0,0.0,0.0,0.0,0.0,0.0,0.0,2.2119784355163574,0.0,0.0,0.0,0.0,0.0,0.0,0.0,0.0,0.0,0.0,0.0,0.0,0.0,0.0,0.0,0.0,0.0,0.0,0.0,0.0,0.0,0.0,0.0,0.0,0.0,0.0,0.0,0.0,0.0,0.0,0.0,0.0,0.0,0.0,0.0,0.0,0.0,0.0,0.0,0.0,0.0,0.0,0.0,0.0,0.0,0.0,0.0,0.0,0.0,0.0,0.0,0.0,0.0,0.0,0.0,0.0,0.0,0.0,0.0,0.0,0.0,0.0,0.0,0.0,0.0,0.0,0.0,0.0,0.0,0.0,0.0,0.0,0.0,0.0,0.0,0.0,0.0,0.0,0.0,0.0,0.0,0.0,0.0,0.0,0.0,0.0,0.0,0.0,0.0,0.0,0.0,0.0,0.0,0.0,0.0,0.0,0.0,0.0,0.0,0.0,0.0,0.0,0.0,0.0,0.0,0.0,0.0,0.0,0.0,0.0,0.0,0.0,0.0,0.0,0.0,0.0,0.0,0.0,0.0,0.0,0.0,0.0,0.0,0.0,0.0,0.0,0.0,0.0,0.0,0.0,0.0,0.0,0.0,0.0,0.0,0.0,0.0,0.0,0.0,0.0,0.0,0.0,0.0,0.0,0.0,0.0,0.0,0.0,0.0,0.0,0.0,0.0,0.0,0.0,0.0,0.0,0.0,0.0,0.0,0.0,0.0,0.0,0.0,0.0,0.0,0.0,0.0,0.0,0.0,0.0,0.0,0.0,0.0,0.0,0.0,0.0,0.0,0.0,0.0,0.0,0.0,0.0,0.0,0.0,0.0,0.0,0.0,0.0,0.0,0.0,0.0,0.0,0.0,0.0,0.0,0.0,0.0,0.0,0.0,0.0,0.0,0.0,0.0,0.0,0.0,0.0,0.0,0.0,0.0,0.0,0.0,0.0,0.0,0.0,0.0,0.0,0.0,0.0,0.0,0.0,0.0,0.0,0.0,0.0,0.0,0.0,0.0,0.0,0.0,0.0,0.0,0.0,0.0,0.0,0.0,0.0,0.0,0.0,0.0,0.0,0.0,0.0,0.0,0.0,0.0,3.058054208755493,0.0,0.0,0.0,0.0,0.0,0.0,0.0,0.0,0.0,0.0,0.0,0.0,0.0,0.0,0.0,0.0,0.0,0.0,0.0,0.0,0.0,0.0,0.0,0.0,0.0,0.0,0.0,0.0,0.0,0.0,0.0,0.0,0.0,0.0,0.0,0.0,0.0,0.0,0.0,0.0,0.0,0.0,0.0,0.0,0.0,0.0,0.0,0.0,0.0,0.0,0.0,0.0,0.0,0.0,0.0,0.0,0.0,0.0,0.0,0.0,0.0,0.0,0.0,0.0,0.0,0.0,0.0,0.0,0.0,0.0,0.0,0.0,0.0,0.0,0.0,0.0,0.0,0.0,0.0,0.0,0.0,0.0,0.0,0.0,0.0,0.0,0.0,0.0,0.0,0.0,0.0,0.0,0.0,0.0,0.0,0.0,0.0,0.0,0.0,0.0,0.0,0.0,0.0,0.0,0.0,0.0,0.0,0.0,0.0,0.0,0.0,0.0,0.0,0.0,0.0,0.0,0.0,0.0,0.0,0.0,0.0,0.0,0.0,0.0,0.0,0.0,0.0,0.0,0.0,0.0,0.0,0.0,0.0,0.0,0.0,0.0,0.0,0.0,0.0,0.0,0.0,0.0,0.0,0.0,0.0,0.0,0.0,0.0,0.0,0.0,0.0,0.0,0.0,0.0,0.0,0.0,0.0,0.0,0.0,23.96554946899414,0.0,0.0,0.0,0.0,0.0,0.0,0.0,0.0,0.0,0.0,0.0,0.0,0.0,0.0,0.0,0.0,0.0,0.0,0.0,0.0,0.0,0.0,0.0,0.0,0.0,0.0,0.0,0.0,0.0,0.0,0.0,0.0,12.660074234008789,0.0,0.0,0.0,0.0,0.0,0.0,0.0,0.0,0.0,0.0,0.0,0.0,0.0,0.0,0.0,0.0,0.0,0.0,0.0,0.0,4.270017623901367,0.0,0.0,0.0,0.0,0.0,0.0,3.713493824005127,0.0,0.0,0.0,0.0,0.0,0.0,0.0,0.0,0.0,0.0,0.0,0.0,0.0,0.0,0.0,0.0,0.0,0.0,0.0,0.0,0.0,0.0,0.0,0.0,0.0,0.0,0.0,0.0,0.0,0.0,0.0,0.0,0.0,0.0,0.0,0.0,0.0,0.0,0.0,0.0,0.0,0.0,0.0,0.0,35.60891342163086,0.0,0.0,0.0,0.0,0.0,0.0,0.0,0.0,0.0,0.0,0.0,0.0,0.0,0.0,0.0,0.0,0.0,0.0,0.0,0.0,0.0,0.0,0.0,0.0,0.0,0.0,0.0,0.0,0.0,0.0,0.0,0.0,0.0,0.0,0.0,0.0,0.0,0.0,0.0,0.0,0.0,0.0,0.0,0.0,0.0,0.0,0.0,0.0,0.0,0.0,0.0,0.0,0.0,0.0,0.0,0.0,0.0,0.0,0.0,0.0,0.0,0.0,0.0,0.0,0.0,0.0,0.0,0.0,0.0,0.0,0.0,0.0,0.0,0.0,0.0,0.0,0.0,0.0,0.0,0.0,0.0,0.0,0.0,0.0,0.0,0.0,0.0,0.0,0.0,0.0,0.0,0.0,0.0,0.0,0.0,0.0,0.0,0.0,0.0,0.0,0.0,0.0,0.0,0.0,0.0,0.0,0.0,0.0,0.0,0.0,0.0,0.0,0.0,0.0,0.0,0.0,0.0,0.0,0.0,0.0,0.0,0.0,0.0,0.0,0.0,0.0,0.0,0.0,0.0,0.0,0.0,0.0,0.0,0.0,0.0,0.0,0.0,0.0,0.0,0.0,0.0,0.0,0.0,0.0,0.0,0.0,0.0,0.0,0.0,0.0,0.0,0.0,0.0,0.0,0.0,0.0,0.0,0.0,0.0,0.0,0.0,0.0,0.0,0.0,0.0,0.0,0.0,0.0,0.0,0.0,0.0,0.0,0.0,0.0,0.0,0.0,0.0,0.0,0.0,0.0,0.0,0.0,0.0,0.0,0.0,0.0,0.0,0.0,0.0,0.0,0.0,0.0,0.0,0.0,0.0,0.0,0.0,0.0,0.0,0.0,0.0,0.0,0.0,0.0,0.0,0.0,0.0,0.0,0.0,0.0,0.0,0.0,0.0,0.0,0.0,0.0,0.0,0.0,0.0,0.0,0.0,0.0,0.0,0.0,0.0,0.0,0.0,0.0,0.0,0.0,0.0,0.0,0.0,0.0,0.0,0.0,0.0,0.0,0.0,0.0,0.0,0.0,0.0,0.0,0.0,6.451470851898193,0.0,0.0,0.0,0.0,0.0,0.0,0.0,0.0,0.0,0.0,0.0,0.0,0.0,0.0,0.0,0.0,0.0,0.0,0.0,0.0,0.0,0.0,0.0,0.0,0.0,0.0,0.0,0.0,0.0,0.0,0.0,0.0,0.0,0.0,0.0,0.0,0.0,0.0,0.0,0.0,0.0,0.0,0.0,0.0,0.0,0.0,0.0,0.0,0.0,0.0,0.0,0.0,0.0,0.0,0.0,0.0,0.0,0.0,0.0,0.0,0.0,0.0,0.0,0.0,0.0,0.0,0.0,0.0,0.0,0.0,0.0,0.0,0.0,0.0,0.0,0.0,0.0,0.0,0.0,0.0,0.0,0.0,0.0,0.0,0.0,0.0,0.0,0.0,0.0,0.0,0.0,0.0,0.0,0.0,0.0,0.0,0.0,0.0,0.0,0.0,0.0,0.0,0.0,0.0,0.0,0.0,0.0,0.0,0.0,0.0,0.0,0.0,0.0,0.0,0.0,0.0,0.0,0.0,0.0,0.0,0.0,0.0,0.0,0.0,0.0,0.0,0.0,0.0,0.0,0.0,0.0,0.0,0.0,0.0,0.0,0.0,0.0,0.0,0.0,0.0,0.0,0.0,0.0,0.0,0.0,0.0,0.0,0.0,0.0,0.0,0.0,0.0,0.0,0.0,0.0,0.0,0.0,0.0,0.0,22.349462509155273,0.0,0.0,0.0,0.0,0.0,0.0,0.0,0.0,0.0,0.0,0.0,0.0,0.0,0.0,0.0,0.0,0.0,0.0,0.0,0.0,0.0,0.0,0.0,0.0,0.0,0.0,0.0,0.0,0.0,0.0,0.0,0.0,13.739688873291016,0.0,0.0,0.0,0.0,0.0,0.0,0.0,0.0,0.0,0.0,0.0,0.0,0.0,0.0,0.0,0.0,0.0,0.0,0.0,0.0,6.782322406768799,0.0,0.0,0.0,0.0,0.0,0.0,0.25688672065734863,0.0,0.0,0.0,0.0,0.0,0.0,0.0,0.0,0.0,0.0,0.0,0.0,0.0,0.0,0.0,0.0,0.0,0.0,0.0,0.0,0.0,0.0,0.0,0.0,0.0,0.0,0.0,0.0,0.0,0.0,0.0,0.0,0.0,0.0,0.0,0.0,0.0,0.0,0.0,0.0,0.0,0.0,0.0,0.0,30.695466995239258,0.0,0.0,0.0,0.0,0.0,0.0,0.0,0.0,0.0,0.0,0.0,0.0,0.0,0.0,0.0,0.0,0.0,0.0,0.0,0.0,0.0,0.0,0.0,0.0,0.0,0.0,0.0,0.0,0.0,0.0,0.0,0.0,0.0,0.0,0.0,0.0,0.0,0.0,0.0,0.0,0.0,0.0,0.0,0.0,0.0,0.0,0.0,0.0,0.0,0.0,0.0,0.0,0.0,0.0,0.0,0.0,0.0,0.0,0.0,0.0,0.0,0.0,0.0,0.0,0.0,0.0,0.0,0.0,0.0,0.0,0.0,0.0,0.0,0.0,0.0,0.0,0.0,0.0,0.0,0.0,0.0,0.0,0.0,0.0,0.0,0.0,0.0,0.0,0.0,0.0,0.0,0.0,0.0,0.0,0.0,0.0,0.0,0.0,0.0,0.0,0.0,0.0,0.0,0.0,0.0,0.0,0.0,0.0,0.0,0.0,0.0,0.0,0.0,0.0,0.0,0.0,0.0,0.0,0.0,0.0,0.0,0.0,0.0,0.0,0.0,0.0,0.0,0.0,0.0,0.0,0.0,0.0,0.0,0.0,0.0,0.0,0.0,0.0,0.0,0.0,0.0,0.0,0.0,0.0,0.0,0.0,0.0,0.0,0.0,0.0,0.0,0.0,0.0,0.0,0.0,0.0,0.0,0.0,0.0,0.0,0.0,0.0,0.0,0.0,0.0,0.0,0.0,0.0,0.0,0.0,0.0,0.0,0.0,0.0,0.0,0.0,0.0,0.0,0.0,0.0,0.0,0.0,0.0,0.0,0.0,0.0,0.0,0.0,0.0,0.0,0.0,0.0,0.0,0.0,0.0,0.0,0.0,0.0,0.0,0.0,0.0,0.0,0.0,0.0,0.0,0.0,0.0,0.0,0.0,0.0,0.0,0.0,0.0,0.0,0.0,0.0,0.0,0.0,0.0,0.0,0.0,0.0,0.0,0.0,0.0,0.0,0.0,0.0,0.0,0.0,0.0,0.0,0.0,0.0,0.0,0.0,0.0,0.0,0.0,0.0,0.0,0.0,0.0,0.0,0.0,0.0,0.0,0.0,0.0,0.0,0.0,0.0,0.0,0.0,0.0,0.0,0.0,0.0,0.0,0.0,0.0,0.0,0.0,0.0,0.0,0.0,0.0,0.0,0.0,0.0,0.0,0.0,0.0,0.0,0.0,0.0,0.0,0.0,0.0,0.0,0.0,0.0,0.0,0.0,0.0,0.0,0.0,0.0,0.0,0.0,0.0,0.0,0.0,0.0,0.0,0.0,0.0,0.0,0.0,0.0,0.0,0.0,0.0,0.0,0.0,0.0,0.0,0.0,0.0,0.0,0.0,0.0,0.0,0.0,0.0,0.0,0.0,0.0,0.0,0.0,0.0,0.0,0.0,0.0,0.0,0.0,0.0,0.0,0.0,0.0,0.0,0.0,0.0,0.0,0.0,0.0,0.0,0.0,0.0,0.0,0.0,0.0,0.0,0.0,0.0,0.0,0.0,0.0,0.0,0.0,0.0,0.0,0.0,0.0,0.0,0.0,0.0,0.0,0.0,0.0,0.0,0.0,0.0,0.0,0.0,0.0,0.0,0.0,0.0,0.0,0.0,0.0,0.0,0.0,0.0,0.0,0.0,0.0,0.0,0.0,0.0,0.0,0.0,0.0,0.0,0.0,0.0,0.0,0.0,0.0,0.0,0.0,0.0,0.0,0.0,0.0,0.0,0.0,0.0,0.0,0.0,0.0,0.0,0.0,0.0,26.738798141479492,0.0,0.0,0.0,0.0,0.0,0.0,0.0,0.0,0.0,0.0,0.0,0.0,0.0,0.0,0.0,0.0,0.0,0.0,0.0,0.0,0.0,0.0,0.0,0.0,0.0,0.0,0.0,0.0,0.0,0.0,0.0,0.0,0.0,0.0,0.0,0.0,0.0,0.0,0.0,0.0,0.0,0.0,0.0,0.0,0.0,0.0,0.0,0.0,0.0,0.0,0.0,0.0,0.0,0.0,0.0,0.0,0.0,0.0,0.0,0.0,21.284801483154297,0.0,0.0,0.0,0.0,0.0,0.0,0.0,0.0,0.0,0.0,0.0,0.0,0.0,0.0,0.0,0.0,0.0,0.0,0.0,0.0,0.0,0.0,0.0,0.0,0.0,0.0,0.0,0.0,0.0,0.0,0.0,0.0,0.0,0.0,0.0,0.0,0.0,0.0,0.0,0.0,0.0,0.0,0.0,0.0,0.0,0.0,0.0,0.0,0.0,0.0,0.0,0.0,0.0,0.0,0.0,0.0,0.0,0.0,0.0,0.0,0.0,0.0,0.0,0.0,0.0,0.0,0.0,0.0,0.0,0.0,0.0,0.0,0.0,0.0,0.0,0.0,0.0,0.0,0.0,0.0,0.0,0.0,0.0,0.0,0.0,0.0,0.0,0.0,0.0,0.0,0.0,0.0,0.0,0.0,0.0,0.0,0.0,0.0,0.0,0.0,0.0,0.0,0.0,0.0,0.0,0.0,0.0,0.0,0.0,0.0,0.0,0.0,0.0,0.0,0.0,0.0,0.0,0.0,0.0,0.0,0.0,0.0,0.0,0.0,0.0,0.0,0.0,0.0,0.0,0.0,0.0,0.0,0.0,0.0,0.0,0.0,0.0,0.0,0.0,0.0,0.0,0.0,0.0,0.0,0.0,0.0,0.0,0.0,0.0,0.0,0.0,0.0,0.0,0.0,0.0,0.0,0.0,0.0,0.0,0.0,0.0,0.0,0.0,0.0,0.0,0.0,0.0,0.0,0.0,0.0,0.0,0.0,0.0,0.0,0.0,0.0,0.0,0.0,0.0,0.0,0.0,0.0,0.0,0.0,0.0,0.0,0.0,0.0,0.0,0.0,0.0,0.0,0.0,0.0,0.0,0.0,0.0,0.0,0.0,0.0,0.0,0.0,0.0,0.0,0.0,0.0,0.0,0.0,0.0,0.0,0.0,0.0,0.0,0.0,0.0,0.0,0.0,0.0,0.0,0.0,0.0,0.0,0.0,0.0,0.0,0.0,0.0,0.0,0.0,0.0,0.0,0.0,0.0,0.0,0.0,0.0,0.0,0.0,0.0,0.0,0.0,0.0,0.0,0.0,0.0,0.0,0.0,0.0,0.0,0.0,0.0,0.0,0.0,0.0,0.0,0.0,0.0,0.0,0.0,0.0,0.0,0.0,0.0,0.0,0.0,0.0,0.0,0.0,0.0,0.0,0.0,0.0,0.0,0.0,0.0,0.0,0.0,0.0,0.0,0.0,0.0,0.0,0.0,0.0,0.0,0.0,0.0,0.0,0.0,0.0,0.0,0.0,0.0,0.0,0.0,0.0,0.0,0.0,0.0,0.0,0.0,0.0,0.0,0.0,0.0,0.0,0.0,0.0,0.0,0.0,0.0,0.0,0.0,0.0,0.0,0.0,0.0,0.0,0.0,0.0,0.0,0.0,0.0,0.0,0.0,0.0,0.0,0.0,0.0,0.0,0.0,0.0,0.0,0.0,0.0,0.0,0.0,0.0,0.0,0.0,0.0,0.0,0.0,0.0,0.0,0.0,0.0,0.0,0.0,0.0,0.0,0.0,0.0,0.0,0.0,0.0,0.0,0.0,0.0,0.0,0.0,0.0,0.0,0.0,0.0,0.0,0.0,0.0,0.0,0.0,0.0,0.0,0.0,0.0,0.0,0.0,0.0,0.0,0.0,0.0,0.0,0.0,0.0,0.0,0.0,0.0,0.0,0.0,0.0,0.0,0.0,0.0,0.0,0.0,0.0,0.0,0.0,0.0,0.0,0.0,0.0,0.0,0.0,0.0,0.0,0.0,0.0,0.0,0.0,0.0,0.0,0.0,0.0,0.0,0.0,0.0,0.0,0.0,0.0,0.0,0.0,0.0,0.0,0.0,0.0,0.0,0.0,0.0,0.0,0.0,0.0,0.0,0.0,0.0,0.0,0.0,0.0,0.0,0.0,0.0,0.0,0.0,0.0,0.0,0.0,0.0,0.0,0.0,0.0,0.0,13.390636444091797,0.0,0.0,0.0,0.0,0.0,0.0,0.0,0.0,0.0,0.0,0.0,0.0,0.0,0.0,0.0,0.0,0.0,0.0,0.0,0.0,0.0,0.0,0.0,0.0,0.0,0.0,0.0,0.0,0.0,0.0,0.0,0.0,3.6380398273468018,0.0,0.0,0.0,0.0,0.0,0.0,0.0,0.0,0.0,0.0,0.0,0.0,0.0,0.0,0.0,0.0,0.0,0.0,0.0,0.0,0.0,0.0,0.8117868900299072,0.0,0.0,0.0,0.0,32.6826057434082,0.0,0.0,0.0,0.0,0.0,0.0,0.0,0.0,0.0,0.0,0.0,0.0,0.0,0.0,0.0,0.0,0.0,0.0,0.0,0.0,0.0,0.0,0.0,0.0,0.0,0.0,0.0,0.0,0.0,0.0,0.0,0.0,0.0,0.0,0.0,0.0,0.0,0.0,0.0,0.0,0.0,0.0,0.0,0.0,0.0,0.0,0.0,0.0,0.0,0.0,0.0,0.0,0.0,0.0,0.0,0.0,0.0,0.0,0.0,0.0,0.0,0.0,0.0,0.0,0.0,0.0,0.0,0.0,0.0,0.0,0.0,0.0,0.0,0.0,1.6650720834732056,0.0,0.0,0.0,0.0,0.0,0.0,0.0,0.0,0.0,0.0,0.0,0.0,0.0,0.0,0.0,0.0,0.0,0.0,0.0,0.0,0.0,0.0,0.0,0.0,0.0,0.0,0.0,0.0,0.0,0.0,0.0,0.0,0.0,0.0,0.0,0.0,0.0,0.0,0.0,0.0,0.0,0.0,0.0,0.0,0.0,0.0,0.0,0.0,0.0,0.0,0.0,0.0,0.0,0.0,0.0,0.0,0.0,0.0,0.0,0.0,0.0,0.0,0.0,0.0,0.0,0.0,0.0,0.0,0.0,0.0,0.0,0.0,0.0,0.0,0.0,0.0,0.0,0.0,0.0,0.0,0.0,0.0,0.0,0.0,0.0,0.0,0.0,0.0,0.0,0.0,0.0,0.0,0.0,0.0,0.0,0.0,0.0,0.0,0.0,0.0,0.0,0.0,0.0,0.0,0.0,0.0,0.0,0.0,7.083741188049316,0.0,0.0,0.0,0.0,0.0,0.0,0.0,0.0,0.0,0.0,0.0,0.0,0.0,0.0,0.0,0.0,0.0,0.0,0.0,0.0,0.0,0.0,0.0,0.0,0.0,0.0,0.0,0.0,0.0,0.0,0.0,0.0,0.0,0.0,0.0,0.0,0.0,0.0,0.0,0.0,0.0,8.91552734375,0.0,0.0,0.0,0.0,0.0,0.0,0.0,0.0,0.0,0.0,0.0,0.0,0.0,0.0,0.0,0.0,0.0,0.0,0.0,0.0,0.0,0.0,0.0,0.0,0.0,0.0,0.0,0.0,0.0,0.0,0.0,0.0,0.0,0.0,0.0,0.0,0.0,0.0,0.0,0.0,0.0,0.0,0.0,0.0,0.0,0.0,0.0,0.0,0.0,0.0,0.0,0.0,0.0,0.0,0.0,0.0,0.0,0.0,0.0,0.0,0.0,0.0,0.0,0.0,18.82499122619629,0.0,0.0,0.0,0.0,0.0,0.0,0.0,0.0,0.0,0.0,0.0,0.0,0.0,0.0,0.0,0.0,0.0,0.0,0.0,0.0,0.0,0.0,0.0,0.0,0.0,0.0,0.0,0.0,0.0,0.0,0.0,0.0,0.0,0.0,0.0,0.0,0.0,0.0,0.0,0.0,0.0,0.0,0.0,0.0,13.12314224243164,0.0,0.0,0.0,0.0,0.0,0.0,10.805496215820312,0.0,0.0,0.0,0.0,0.0,0.0,0.0,0.0,0.0,0.0,0.0,0.0,0.0,0.0,0.0,0.0,0.0,0.0,0.0,0.0,0.0,0.0,0.0,0.0,0.0,0.0,0.0,0.0,0.0,0.0,0.0,0.0,0.0,0.0,0.0,0.0,0.0,0.0,0.0,0.0,0.0,6.682777404785156,0.0,0.0,0.0,0.0,0.0,0.0,0.0,0.0,0.0,0.0,0.0,0.0,0.0,0.0,0.0,0.0,0.0,0.0,0.0,0.0,0.0,0.0,0.0,0.0,0.0,0.0,0.0,0.0,0.0,0.0,0.0,0.0,0.0,0.0,0.0,0.0,0.0,0.0,0.0,0.0,0.0,0.0,0.0,0.0,0.0,0.0,0.0,0.0,0.0,0.0,0.0,0.0,0.0,0.0,0.0,0.0,0.0,0.0,0.0,0.0,0.0,0.0,0.0,0.0,0.0,2.29146146774292,0.0,0.0,0.0,0.0,0.0,0.0,0.0,0.0,0.0,0.0,0.0,0.0,0.0,0.0,0.0,0.0,0.0,0.0,0.0,0.0,0.0,0.0,0.0,0.0,0.0,0.0,0.0,0.0,0.0,0.0,0.0,0.0,0.0,0.0,0.0,0.0,4.405911445617676,0.0,0.0,0.0,0.0,0.0,0.0,0.0,0.0,0.0,0.0,0.0,0.0,0.0,0.0,0.0,6.8939409255981445,3.5082223415374756,0.0,33.855979919433594,0.0,0.0,0.0,0.0,31.84840965270996,0.0,0.0,0.0,0.0,0.0,0.0,0.0,0.0,0.0,0.0,0.0,0.0,0.0,0.0,0.0,0.0,0.0,0.0,0.0,0.0,0.0,0.0,0.0,0.0,0.0,0.0,0.0,0.0,0.0,0.0,0.0,1.3625328540802002,0.0,0.0,0.0,0.0,0.0,0.0,0.0,0.0,0.0,0.0,0.0,0.0,1.8415501117706299,0.0,0.0,0.0,0.0,0.0,0.0,0.0,0.0,0.0,0.0,0.0,0.0,0.0,0.0,0.0,0.5674475431442261,0.0,0.0,0.0,0.0,0.0,0.0,0.0,0.0,0.0,0.0,0.0,0.0,0.0,0.0,0.0,0.0,0.0,0.0,0.0,0.0,0.0,0.0,0.0,0.0,0.0,0.0,0.0,0.0,0.0,0.0,0.0,0.0,0.0,0.0,0.0,0.0,0.0,0.0,0.0,0.0,0.0,0.0,2.4644298553466797,0.0,0.0,0.0,0.0,0.0,0.0,0.0,0.0,0.0,0.0,0.0,0.0,0.0,0.0,0.0,0.0,0.0,0.0,0.0,0.0,0.0,0.0,0.0,0.0,0.0,0.0,0.0,0.0,0.0,0.0,0.0,0.0,0.0,0.0,0.0,0.0,0.0,0.0,0.0,0.0,0.0,0.0,0.0,0.0,0.0,0.0,0.0,0.0,0.0,0.0,0.0,0.0,0.0,0.0,0.0,0.0,0.0,0.0,0.0,0.0,0.0,0.0,0.0,0.0,0.0,0.0,0.0,0.0,0.0,0.0,0.0,0.0,0.0,0.0,0.0,0.0,3.2223551273345947,0.0,0.0,17.851308822631836,0.0,0.0,0.0,0.0,0.0,0.0,0.0,0.0,0.0,0.15111148357391357,0.0,0.0,0.0,0.0,0.0,0.0,0.0,0.0,0.0,0.0,0.0,0.0,0.0,0.0,0.0,0.0,0.0,0.0,0.0,0.0,0.0,0.0,0.0,0.0,0.0,0.0,0.0,0.0,0.0,14.34345817565918,0.0,0.0,0.0,0.0,0.0,0.0,0.0,0.0,0.0,0.0,0.0,0.0,0.0,0.0,0.0,0.0,0.0,0.0,0.0,0.0,0.0,0.0,0.0,0.0,0.0,0.0,0.0,0.0,0.0,0.0,0.0,0.0,0.0,0.0,0.0,0.0,0.0,0.0,0.0,31.625986099243164,0.0,0.0,0.0,0.0,0.0,0.0,0.0,0.0,0.0,0.0,0.0,0.0,0.0,0.0,0.0,0.0,0.0,0.0,0.0,0.0,0.0,0.0,0.0,0.0,0.0,0.0,18.726667404174805,0.0,0.0,0.0,0.0,0.0,0.0,0.0,0.0,0.0,0.0,0.0,0.0,0.0,0.0,0.0,0.0,0.0,0.0,0.0,0.0,0.0,0.0,0.0,0.0,0.0,0.0,0.0,0.0,0.0,0.0,0.0,0.0,0.0,0.0,0.0,0.0,0.0,0.0,0.0,0.0,0.0,0.0,0.0,0.0,0.3052870035171509,0.0,0.0,0.0,0.0,0.0,0.0,0.0,0.0,0.0,0.0,0.0,0.0,4.608256816864014,0.0,0.0,0.0,0.0,0.0,0.0,0.0,0.0,0.0,0.0,0.0,0.0,0.0,0.0,0.0,0.0,0.0,0.0,0.0,0.0,0.0,0.0,0.0,0.0,0.0,0.0,0.0,0.0,0.0,0.0,0.0,0.0,0.0,0.0,0.0,0.0,0.6663345098495483,0.0,0.0,0.0,0.0,0.0,46.9184455871582,0.0,0.0,0.0,0.0,0.0,0.0,0.0,0.0,0.0,0.0,0.0,0.0,0.0,0.0,0.0,0.0,0.0,0.0,0.0,0.0,0.0,0.0,0.0,0.0,0.0,0.0,0.0,0.0,0.0,0.0,0.0,0.0,0.0,0.0,0.0,0.0,0.0,0.0,0.0,0.0,0.0,0.0,0.0,0.0,0.0,0.0,0.0,0.0,0.0,0.0,0.0,0.0,9.99409008026123,0.0,0.0,0.0,0.0,0.0,0.0,0.0,0.0,1.9857031106948853,0.0,0.0,0.0,0.0,0.0,0.45801258087158203,3.865304946899414,0.0,0.0,0.0,0.0,0.0,0.0,0.0,0.0,0.0,0.0,0.0,0.0,0.0,0.0,0.0,0.0,0.0,0.0,0.0,0.0,0.0,0.0,0.0,0.0,0.0,0.0,0.0,0.0,0.0,0.0,0.0,0.0,0.0,0.0,0.0,0.0,0.0,0.0,0.0,0.0,0.0,0.0,0.0,1.5746665000915527,0.0,9.620016098022461,0.0,0.0,0.0,0.0,4.019837379455566,0.0,0.0,0.0,0.0,0.0,0.0,0.0,0.0,0.0,0.0,0.0,0.0,0.0,0.0,0.0,0.0,0.0,0.0,0.0,0.0,0.0,0.0,0.0,0.0,0.0,0.0,0.0,0.0,0.0,0.0,0.0,0.0,0.0,0.0,0.0,0.0,0.0,0.0,0.0,0.0,0.0,0.0,0.0,0.0,0.0,0.0,0.0,0.0,0.0,0.0,0.0,0.0,0.0,0.0,0.0,0.0,0.0,0.0,0.0,0.0,0.0,0.0,0.0,0.0,0.0,0.0,0.0,0.0,0.0,0.0,0.0,0.0,0.0,0.0,0.0,0.0,0.0,0.0,0.0,0.0,0.0,0.0,0.0,0.0,0.0,0.0,0.0,0.0,0.0,0.0,0.0,0.0,0.0,0.0,0.0,0.0,0.0,0.0,0.0,0.0,0.0,0.0,0.0,0.0,0.0,0.0,0.0,0.0,0.0,0.0,0.0,0.0,0.0,0.0,0.0,0.0,0.0,0.0,0.0,0.0,0.0,0.0,0.0,0.0,0.0,0.0,0.0,0.0,0.0,0.0,0.0,0.0,0.0,0.0,0.0,0.0,0.0,0.0,0.0,0.0,0.0,0.0,0.0,0.0,0.0,0.0,0.0,0.0,0.0,0.0,0.0,0.0,0.0,0.0,0.0,0.0,0.0,0.0,0.0,0.0,0.0,0.0,0.0,0.0,0.0,0.0,0.0,0.0,0.0,0.0,0.0,0.0,0.0,0.0,0.0,0.0,0.0,0.0,0.0,0.0,0.0,0.0,0.0,0.6578459739685059,0.0,0.0,0.0,0.0,0.0,0.0,0.0,0.0,0.0,0.0,0.0,0.0,0.0,0.0,0.0,0.0,0.0,0.0,0.0,0.0,0.0,0.0,0.0,0.0,0.0,0.0,0.0,0.0,0.0,0.0,0.0,0.0,0.0,0.0,0.0,0.0,0.0,0.0,0.0,0.0,0.0,0.0,0.0,0.0,0.0,0.0,0.0,0.0,0.0,0.0,0.0,0.0,0.0,0.0,0.0,0.0,0.0,0.0,0.0,0.0,0.0,0.0,0.0,0.0,0.0,0.0,0.0,0.0,0.0,0.0,0.0,0.0,0.0,0.0,0.0,0.0,0.0,0.0,0.0,0.0,0.0,0.0,0.0,0.0,0.0,0.0,0.0,0.0,0.0,0.0,0.0,0.0,0.0,0.0,0.0,0.0,0.0,0.0,0.0,0.0,0.0,0.0,0.0,0.0,0.0,0.0,18.99116325378418,0.0,0.0,0.0,0.0,0.0,0.0,0.0,0.0,0.0,0.0,0.0,0.0,0.0,0.0,0.0,0.0,0.0,0.0,0.0,0.0,0.0,0.0,0.0,0.0,0.0,0.0,0.0,0.0,0.0,0.0,0.0,0.0,0.0,0.0,0.0,0.0,0.0,0.0,0.0,0.0,0.0,0.0,0.0,0.0,0.0,0.0,0.0,0.0,0.0,0.0,0.0,0.0,0.0,0.0,0.0,0.0,0.0,0.0,0.0,0.0,0.0,0.0,0.0,0.0,0.0,0.0,0.0,0.0,0.0,0.0,0.0,0.0,0.0,0.0,0.0,0.0,0.0,0.0,0.0,0.0,0.0,0.0,0.0,0.0,0.0,0.0,0.0,0.0,0.0,0.0,0.0,0.0,0.0,0.0,0.0,0.0,0.0,0.0,0.0,0.0,0.0,0.0,0.0,0.0,0.0,0.0,0.0,0.0,0.0,0.0,0.0,0.0,0.0,0.0,0.0,0.0,0.0,0.0,0.0,0.0,0.0,0.0,0.0,0.0,0.0,0.0,0.0,0.0,0.0,0.0,0.0,0.0,0.0,0.0,0.0,0.0,0.0,0.0,0.0,0.0,0.0,0.0,0.0,0.0,0.0,0.0,0.0,0.0,0.0,0.0,0.0,0.0,0.0,0.0,0.0,0.0,0.0,0.0,0.0,0.0,0.0,0.0,0.0,0.0,0.0,0.0,0.0,0.0,0.0,0.0,0.0,0.0,0.0,0.0,0.0,0.0,0.0,0.0,0.0,0.0,0.0,0.0,0.0,0.0,0.0,0.0,0.0,0.0,0.0,0.0,0.0,0.0,0.0,0.0,0.0,0.0,0.0,0.0,0.0,0.0,0.0,0.0,0.0,0.0,0.0,0.0,0.0,0.0,0.0,0.0,0.0,0.0,0.0,0.0,0.0,17.568782806396484,0.0,0.0,0.0,0.0,0.0,0.0,0.0,0.0,0.0,0.0,0.0,0.0,0.0,0.0,0.0,0.0,0.0,0.0,0.0,0.0,0.0,0.0,0.0,0.0,0.0,0.0,0.0,0.0,0.0,0.0,0.0,0.0,0.0,0.0,0.0,0.0,0.0,0.0,0.0,0.0,0.0,0.0,0.0,0.0,0.0,0.0,0.0,0.0,0.0,0.7008339166641235,0.0,0.0,0.0,0.0,0.0,0.0,0.0,0.0,0.0,0.0,0.0,0.0,0.0,0.0,0.0,0.0,0.0,0.0,0.0,0.0,0.0,0.0,0.0,0.0,0.0,0.0,0.0,0.0,0.0,0.0,0.0,0.0,0.0,0.0,0.0,0.0,0.0,0.0,0.0,0.0,0.0,0.0,0.0,0.0,0.0,0.0,0.0,0.0,0.0,0.0,0.0,0.0,0.0,0.0,0.0,0.0,0.0,0.0,0.0,0.0,0.0,0.0,0.0,0.0,0.0,0.0,6.572014331817627,0.0,0.0,0.0,0.0,0.0,0.0,0.0,0.0,0.0,0.0,0.0,0.0,0.0,0.0,0.0,0.0,0.0,0.0,0.0,0.0,0.0,0.0,0.0,0.0,0.0,0.0,0.0,0.0,0.0,0.0,0.0,0.0,0.0,0.0,0.0,0.0,0.0,0.9009714126586914,0.0,0.0,0.0,0.0,0.0,0.0,0.0,0.0,0.0,0.0,0.0,0.0,0.0,0.0,0.0,0.0,0.0,0.0,0.0,0.0,0.0,0.0,0.0,0.0,0.0,0.0,0.0,0.0,0.0,0.0,0.0,0.0,0.0,0.0,0.0,0.0,0.0,0.0,0.0,0.0,0.0,0.0,0.0,0.0,0.0,0.0,0.0,0.0,0.0,0.0,6.738140106201172,0.0,0.0,0.0,0.0,0.0,0.0,0.0,0.0,0.0,0.0,0.0,0.0,0.0,0.0,0.0,0.0,0.0,0.0,0.0,0.0,0.0,0.0,0.0,0.0,0.0,31.09932518005371,0.0,0.0,0.0,0.0,0.0,0.0,0.0,0.0,0.0,0.0,0.0,0.0,0.0,0.0,0.0,0.0,0.0,0.0,0.0,0.0,0.0,0.0,0.0,0.0,0.0,0.0,0.0,0.0,0.0,0.0,0.0,0.0,0.0,0.0,0.0,0.0,0.0,0.0,0.0,0.0,0.0,0.0,0.0,0.0,0.0,0.0,0.0,0.0,0.0,0.0,0.0,0.0,0.0,0.0,0.0,0.0,0.0,0.0,0.0,0.0,0.0,0.0,0.0,70.8363265991211,0.0,0.0,0.0,0.0,0.0,9.984329223632812,0.0,0.0,0.0,0.0,0.0,0.0,0.0,0.0,0.0,0.0,0.0,0.0,0.0,0.0,0.0,0.0,25.822044372558594,16.46698570251465,0.0,0.0,0.0,0.0,0.0,0.0,0.0,0.0,0.0,0.0,0.0,0.0,0.0,0.0,0.0,0.0,0.0,0.0,0.0,0.0,10.873225212097168,0.0,0.0,0.0,0.0,0.0,0.0,0.0,0.0,0.0,0.0,0.0,0.0,0.0,0.0,0.0,0.0,0.0,0.0,0.0,0.0,8.965457916259766,0.0,0.0,0.0,0.0,0.0,0.0,0.0,0.0,0.0,0.0,0.0,0.0,0.0,0.0,0.0,0.0,0.0,0.0,0.0,0.0,0.0,0.0,0.0,0.0,0.0,0.0,0.0,0.0,0.0,0.0,0.0,0.0,0.0,0.0,7.661206245422363,0.0,0.0,0.0,0.0,0.0,0.0,0.0,0.0,0.0,0.0,0.0,0.0,0.0,0.0,0.0,0.0,0.0,0.0,0.0,0.0,0.0,0.0,0.0,0.0,0.0,0.0,0.0,0.0,0.0,0.0,0.0,0.0,0.0,0.0,0.0,0.0,0.0,1.8889186382293701,0.0,0.0,0.0,0.0,0.0,0.0,0.0,0.0,0.0,0.0,0.0,0.0,0.0,0.0,0.0,0.0,0.0,0.0,0.0,0.0,34.44700622558594,0.0,0.0,0.0,0.0,0.0,0.0,0.0,0.0,0.0,0.0,0.0,0.0,0.0,0.0,0.0,0.0,0.0,0.0,0.0,0.0,0.0,0.0,0.0,0.0,0.0,0.0,0.0,0.0,0.0,0.0,0.0,9.57812786102295,20.846393585205078,0.0,0.0,0.0,0.0,0.0,0.0,32.0425910949707,0.0,0.0,0.0,0.0,0.0,0.0,0.0,0.0,0.0,0.0,0.0,0.0,0.0,0.0,0.0,11.949024200439453,0.0,0.0,0.0,0.0,0.0,0.0,0.0,0.0,0.0,0.0,0.0,0.0,0.0,0.0,0.0,0.0,0.0,0.0,0.0,0.0,0.0,0.0,0.0,0.0,0.0,0.0,0.0,0.0,0.0,0.0,0.0,0.0,0.0,0.0,0.0,0.0,0.0,0.0,0.0,0.0,0.0,0.0,0.0,0.0,0.0,0.0,0.0,0.0,0.0,10.673731803894043,0.0,0.0,0.0,0.0,0.0,0.0,0.0,0.0,0.0,0.0,0.0,0.0,0.0,0.0,0.0,0.0,0.0,0.0,0.0,0.0,0.0,0.0,0.0,0.0,0.0,0.0,0.0,0.0,0.0,0.0,0.0,0.0,0.0,0.0,0.0,0.0,0.0,0.0,0.0,0.0,0.0,0.0,0.0,0.0,0.0,0.0,0.0,0.0,0.0,0.0,0.0,0.0,0.0,0.0,0.0,0.0,0.0,0.0,0.0,0.0,0.0,0.0,0.0,0.0,0.0,0.0,12.717933654785156,0.0,0.0,0.0,0.0,0.0,0.0,0.0,0.0,0.0,0.0,0.0,0.0,0.0,0.0,2.5273518562316895,0.0,0.0,0.0,0.0,0.0,0.0,0.0,0.0,0.0,0.0,0.0,0.0,0.0,0.0,0.0,0.0,0.0,0.0,0.0,0.0,0.0,0.0,0.0,0.0,0.0,0.0,0.0,0.0,0.0,32.54328918457031,0.0,0.0,0.0,0.0,0.0,0.0,0.0,0.0,0.0,0.0,0.0,0.0,0.0,0.0,0.0,0.0,0.0,0.0,0.0,0.0,0.0,0.0,0.0,0.0,0.0,0.0,0.0,0.0,0.0,0.0,0.0,0.0,0.0,0.0,0.0,0.0,0.0,13.450834274291992,0.0,0.0,0.0,0.0,0.0,10.955964088439941,0.0,0.0,0.0,0.0,0.0,0.0,0.8713036775588989,0.0,0.0,0.0,0.0,0.0,0.0,0.0,0.0,0.0,0.0,0.0,0.0,0.0,0.0,0.0,0.0,0.0,0.0,59.740333557128906,0.0,0.0,0.0,0.0,0.0,0.0,0.0,0.0,0.0,0.0,0.0,0.0,0.0,0.0,0.0,0.0,0.0,0.0,0.0,0.0,0.0,0.0,0.0,0.0,0.0,0.0,0.0,0.0,0.0,0.0,0.0,0.0,0.0,0.0,0.0,0.0,0.0,0.0,0.0,0.0,0.0,0.0,0.0,0.0,0.0,0.0,0.0,0.0,0.0,0.0,0.0,0.0,0.0,0.0,0.0,0.0,0.0,0.0,0.0,0.0,0.0,0.0,0.0,65.01969146728516,0.0,0.0,0.0,0.0,0.0,33.467655181884766,0.0,0.0,0.0,0.0,0.0,0.0,0.0,0.0,0.0,0.0,0.0,0.0,0.0,0.0,0.0,0.0,17.433454513549805,5.463268280029297,0.0,0.0,0.0,0.0,0.0,0.0,0.0,0.0,0.0,0.0,0.0,0.0,0.0,0.0,0.0,0.0,0.0,0.0,0.0,0.0,10.520509719848633,0.0,0.0,0.0,0.0,0.0,0.0,0.0,0.0,0.0,0.0,0.0,0.0,0.0,0.0,0.0,0.0,0.0,0.0,0.0,0.0,4.939030170440674,0.0,0.0,0.0,0.0,0.0,0.0,0.0,0.0,0.0,0.0,0.0,0.0,0.0,0.0,0.0,0.0,0.0,0.0,0.0,0.0,0.0,0.0,0.0,0.0,0.0,0.0,0.0,0.0,4.092483997344971,0.0,0.0,0.0,0.0,0.0,21.122358322143555,0.0,0.0,0.0,0.0,0.0,0.0,0.0,0.0,0.0,0.0,0.0,0.0,0.0,0.0,0.0,0.0,0.0,0.0,0.0,0.0,0.0,0.0,0.0,0.0,0.0,0.0,0.0,0.0,0.0,0.0,0.0,0.0,0.0,0.0,0.0,0.0,0.0,36.56477355957031,0.0,0.0,0.0,0.0,0.0,0.0,0.0,0.0,0.0,0.0,0.0,0.0,0.0,0.0,0.0,0.0,0.0,0.0,0.0,0.0,41.729820251464844,0.0,0.0,0.0,0.0,0.0,0.0,0.0,0.0,0.0,0.0,0.0,0.0,0.0,0.0,0.0,0.0,0.0,0.0,0.0,0.0,0.0,0.0,0.0,0.0,0.0,0.0,0.0,0.0,0.0,0.0,0.0,25.92671775817871,17.029264450073242,0.0,0.0,0.0,0.0,10.285975456237793,0.0,33.81756591796875,0.0,0.0,0.0,0.0,0.0,0.0,0.0,0.0,0.0,0.0,0.0,0.0,0.0,0.0,0.0,0.0,0.0,0.0,0.0,0.0,0.0,0.0,0.0,0.0,0.0,0.0,0.0,0.0,0.0,0.0,0.0,0.0,0.0,17.9644718170166,0.0,0.0,0.0,0.0,0.0,0.0,0.0,0.0,0.0,0.0,0.0,0.0,0.0,0.0,0.0,0.0,0.0,0.0,0.0,0.0,0.0,0.0,0.0,0.0,0.0,0.0,0.0,0.0,0.0,0.0,0.0,18.892423629760742,0.0,0.0,0.0,0.0,0.0,0.0,0.0,0.0,0.0,0.0,0.0,0.0,0.0,0.0,0.0,0.0,0.0,0.0,0.0,0.0,0.0,0.0,0.0,0.0,0.0,0.0,0.0,0.0,0.0,0.0,0.0,0.0,0.0,0.0,0.0,0.0,0.0,0.0,0.0,0.0,0.0,0.0,0.0,0.0,0.0,0.0,0.0,0.0,0.0,0.0,0.0,0.0,0.0,0.0,0.0,0.0,0.0,0.0,0.0,0.0,0.0,0.0,0.0,0.0,0.0,0.0,0.0,0.0,0.0,0.0,0.0,0.0,0.0,0.0,0.0,0.0,0.0,0.0,0.0,0.0,0.0,0.0,0.0,0.0,0.0,0.0,0.0,0.0,0.0,0.0,0.0,0.0,0.0,0.0,0.0,0.0,0.0,0.0,0.0,0.0,0.0,0.0,0.0,0.0,0.0,0.0,0.0,0.0,0.0,0.0,0.0,13.540096282958984,0.0,0.0,0.0,0.0,0.0,0.0,0.0,0.0,0.0,0.0,0.0,0.0,0.0,0.0,0.0,0.0,0.0,0.0,0.0,0.0,0.0,0.0,0.0,0.0,0.0,0.0,0.0,0.0,0.0,0.0,0.0,0.0,0.0,0.0,0.0,0.0,0.0,0.0,0.0,0.0,0.0,0.0,0.0,0.0,0.0,0.0,0.0,0.0,0.0,0.0,0.0,0.0,0.0,0.0,0.0,0.0,0.0,0.0,0.0,0.0,0.0,0.0,0.0,0.0,0.0,8.42078685760498,0.0,0.0,0.0,18.452049255371094,0.0,0.0,0.0,0.0,0.0,0.0,0.0,0.0,0.0,0.0,0.0,0.0,0.0,0.0,0.0,0.0,0.0,0.0,0.0,0.0,0.0,0.0,0.0,0.0,0.0,0.0,0.0,0.0,0.0,0.0,0.0,0.0,0.0,0.0,0.0,0.0,0.0,0.0,0.0,0.0,0.0,0.0,0.0,0.0,0.0,0.0,0.0,0.0,0.0,0.0,0.0,0.0,0.0,0.0,0.0,0.0,0.0,0.0,0.0,0.0,0.0,0.0,0.0,36.106109619140625,0.0,0.0,0.0,0.0,0.0,0.0,0.0,0.0,0.0,0.0,0.0,0.0,0.0,0.0,0.0,0.0,0.0,0.0,0.0,0.0,0.0,0.0,0.0,0.0,0.0,0.0,0.0,0.0,0.0,0.0,0.0,0.0,0.0,0.0,0.0,0.0,0.0,0.0,0.0,0.0,0.0,0.0,0.0,0.0,0.0,0.0,0.0,0.0,0.0,0.0,0.0,0.0,0.0,0.0,0.0,0.0,0.0,0.0,0.0,0.0,0.0,0.0,0.0,0.0,0.0,0.0,0.0,0.0,0.0,0.0,0.0,0.0,0.0,0.0,0.0,0.0,0.0,0.0,0.0,0.0,0.0,0.0,0.0,0.0,0.0,0.0,0.0,0.0,0.0,0.0,0.0,0.0,0.0,0.0,0.0,0.0,0.0,0.0,0.0,0.0,12.61514663696289,0.0,0.0,0.0,0.0,0.0,0.0,0.0,0.0,0.0,0.0,0.0,0.0,0.0,0.0,0.0,0.0,0.0,0.0,0.0,0.0,0.0,0.0,0.0,0.0,0.0,0.0,0.0,0.0,0.0,0.0,0.0,0.0,0.0,0.0,0.0,0.0,0.0,0.0,0.0,0.0,0.0,0.0,0.0,0.0,0.0,0.0,0.0,0.0,0.0,0.0,0.0,0.0,0.0,0.0,0.0,0.0,0.0,0.0,34.560279846191406,0.0,0.0,0.0,0.0,0.0,0.0,0.0,0.0,0.0,0.0,0.0,0.0,0.0,0.0,0.0,0.0,0.0,0.0,0.0,0.0,0.0,0.0,0.0,0.0,0.0,0.0,0.0,0.0,0.0,0.0,0.0,0.0,0.0,0.0,0.0,0.0,0.0,0.0,0.0,5.5978522300720215,0.0,0.0,0.0,0.0,0.0,0.0,0.0,0.0,0.0,0.0,0.0,0.0,0.0,0.0,0.0,17.53937530517578,0.0,0.0,0.0,0.0,0.0,0.0,0.0,0.0,0.0,0.0,0.0,0.0,0.0,0.0,0.0,0.0,0.0,0.0,0.0,0.0,0.0,0.0,0.0,0.0,0.0,0.0,0.0,0.0,0.0,0.0,0.0,0.0,0.0,0.0,0.0,0.0,0.0,0.0,0.0,0.0,0.0,0.0,0.0,0.0,0.0,0.0,0.0,0.0,0.0,0.0,0.0,0.0,0.0,0.0,0.0,0.0,0.0,0.0,0.0,0.0,0.0,0.0,0.0,0.0,0.0,0.0,0.0,0.0,0.0,0.0,0.0,0.0,0.0,0.0,0.0,0.0,0.0,0.0,0.0,0.0,0.0,0.0,0.0,0.0,0.0,0.0,0.0,0.0,0.0,0.0,0.0,0.0,0.0,0.0,0.0,0.0,0.0,0.0,0.0,0.0,0.0,0.0,0.0,0.0,0.0,0.0,0.0,0.0,0.0,0.0,0.0,0.0,0.0,0.0,0.0,0.0,0.0,0.0,0.0,0.0,0.0,0.0,0.0,0.0,0.0,0.0,0.0,0.0,0.0,0.0,0.0,0.0,0.0,0.0,0.0,0.0,0.0,0.0,0.0,0.0,0.0,0.0,0.0,0.0,0.0,0.0,0.0,0.0,0.0,0.0,0.0,0.0,0.0,0.0,0.0,0.0,0.0,0.0,0.0,0.0,0.0,0.0,0.0,0.0,0.0,0.0,0.0,0.0,0.0,0.0,0.0,0.0,0.0,0.0,0.0,0.0,0.0,0.0,0.0,0.0,0.0,0.0,0.0,0.0,0.0,0.0,0.0,0.0,0.0,0.0,0.0,0.0,0.0,0.0,0.0,0.0,0.0,0.0,0.0,0.0,0.0,0.0,0.0,0.0,0.0,0.0,0.0,0.0,0.0,0.0,0.0,0.0,0.0,0.0,0.0,0.0,0.0,0.0,0.0,0.0,0.0,0.0,0.0,0.0,0.0,0.0,0.0,0.0,0.0,0.0,0.0,0.0,0.0,0.0,0.0,0.0,0.0,0.0,0.0,0.0,0.0,0.0,0.0,0.0,0.0,0.0,0.0,0.0,0.0,0.0,0.0,0.0,0.0,0.0,0.0,0.0,0.0,0.0,0.0,0.0,0.0,0.0,0.0,0.0,0.0,0.0,0.0,0.0,0.0,0.0,0.0,0.0,0.0,0.0,0.0,0.0,0.0,0.0,0.0,0.0,0.0,0.0,0.0,0.0,0.0,0.0,0.0,0.0,0.0,0.0,0.0,0.0,0.0,0.0,0.0,39.496910095214844,0.0,0.0,0.0,0.0,0.0,0.0,0.0,0.0,0.0,0.0,0.0,0.0,0.0,0.0,0.0,0.0,0.0,0.0,0.0,0.0,0.0,0.0,0.0,0.0,0.0,0.0,0.0,0.0,0.0,0.0,0.0,0.0,0.0,0.0,0.0,0.0,0.0,0.0,0.0,0.0,0.0,0.0,0.0,0.0,0.0,0.0,0.0,0.0,0.0,0.0,0.0,0.0,0.0,0.0,0.0,0.0,0.0,0.0,0.0,0.0,0.0,0.0,0.0,0.0,0.0,0.0,0.0,0.0,0.0,0.0,0.0,0.0,0.0,0.0,0.0,0.0,0.0,0.0,0.0,0.0,0.0,0.0,0.0,0.0,0.0,0.0,0.0,0.0,0.0,0.0,0.0,0.0,0.0,0.0,0.0,0.0,0.0,0.0,0.0,0.0,0.0,0.0,0.0,0.0,0.0,0.0,0.0,0.0,0.0,0.0,0.0,0.0,0.0,0.0,0.0,0.0,0.0,0.0,0.0,0.0,0.0,0.0,0.0,0.0,0.0,0.0,0.0,0.0,0.0,0.0,0.0,0.0,0.0,0.0,0.0,0.0,0.0,0.0,0.0,0.0,0.0,0.0,0.0,0.0,0.0,0.0,0.0,0.0,0.0,0.0,0.0,0.0,0.0,0.0,0.0,0.0,0.0,0.0,0.0,8.13190746307373,0.0,0.0,0.0,0.0,0.0,0.0,0.0,0.0,0.0,0.0,0.0,0.0,0.0,0.0,0.0,0.0,0.0,0.0,0.0,0.0,0.0,0.0,0.0,0.0,0.0,0.0,0.0,0.0,0.0,0.0,0.0,0.0,15.948948860168457,0.0,0.0,0.0,0.0,0.0,0.0,0.0,0.0,0.0,0.0,0.0,0.0,0.0,0.0,0.0,0.0,0.0,0.0,0.0,10.995813369750977,0.0,0.0,43.700401306152344,0.0,0.0,0.0,0.0,16.78847312927246,0.0,0.0,0.0,0.0,0.0,0.0,0.0,0.0,0.0,0.0,0.0,0.0,0.0,0.0,0.0,0.0,0.0,0.0,0.0,0.0,0.0,0.0,0.0,0.0,0.0,0.0,0.0,0.0,0.0,0.0,0.0,0.0,0.0,0.0,0.0,0.0,0.0,0.0,0.0,0.0,0.0,0.0,0.0,0.0,4.654343128204346,0.0,0.0,0.0,0.0,0.0,0.0,0.0,0.0,0.0,0.0,0.0,0.0,0.0,0.0,0.0,0.0,0.0,0.0,0.0,0.0,0.0,0.0,0.0,0.0,0.0,0.0,0.0,0.0,0.0,9.041499137878418,0.0,0.0,0.0,0.15943017601966858,0.0,0.0,0.0,0.0,0.0,0.0,0.0,0.0,0.0,0.0,0.0,0.0,0.0,0.0,0.0,0.0,0.0,0.0,0.0,0.0,0.0,0.0,0.0,0.8675965070724487,0.0,0.0,0.0,0.0,0.0,0.0,0.0,0.0,0.0,0.0,0.0,0.0,0.0,0.0,0.0,0.0,0.0,0.0,0.0,0.0,0.0,0.0,0.0,0.0,0.0,0.0,0.0,0.0,0.0,9.214292526245117,0.0,0.0,0.0,0.0,0.0,0.0,0.0,0.0,0.0,0.0,0.0,0.0,0.0,0.0,0.0,0.0,0.0,0.0,0.0,0.0,0.0,0.0,0.0,0.0,0.0,0.0,0.0,0.0,0.0,0.0,0.0,0.0,0.0,0.0,0.0,0.0,0.0,0.0,0.0,0.0,0.0,0.0,0.0,0.0,0.0,0.0,0.0,0.0,0.0,0.0,2.1801531314849854,0.0,0.0,0.0,0.0,0.0,0.0,0.0,0.0,0.0,0.0,0.0,0.0,0.0,0.0,0.0,0.0,0.0,0.0,0.0,0.0,0.0,0.0,0.0,0.0,0.0,0.0,0.0,0.0,0.0,0.0,0.0,0.0,0.0,0.0,0.0,0.0,0.0,0.0,0.0,0.0,0.0,14.512907028198242,0.0,0.0,0.0,0.0,0.0,0.0,0.0,0.0,0.0,0.0,0.0,0.0,0.0,0.0,0.0,0.0,0.0,0.0,0.0,0.0,0.0,0.0,0.0,0.0,0.0,0.0,0.0,0.0,0.0,0.0,0.0,0.0,0.0,0.0,0.0,0.0,0.0,0.0,0.0,0.0,0.0,0.0,0.0,0.0,0.0,0.0,0.0,0.0,0.0,0.0,0.0,0.0,0.0,0.0,0.0,0.0,0.0,0.0,0.0,0.0,0.0,0.0,0.0,0.0,17.903263092041016,0.0,5.489013671875,0.0,0.0,0.0,0.0,0.0,0.0,0.0,12.357950210571289,0.0,0.0,0.0,0.0,0.0,0.0,0.0,0.0,0.0,0.0,0.0,0.0,0.0,0.0,0.0,0.0,0.0,0.0,0.0,0.0,0.0,0.0,0.0,0.0,0.0,0.0,0.0,0.0,0.0,0.0,0.0,0.0,0.0,0.0,0.0,0.0,8.76884651184082,0.0,0.0,0.0,0.0,8.499580383300781,0.0,0.0,0.0,0.0,0.0,0.0,0.0,0.0,0.0,0.0,0.0,0.0,0.0,0.0,0.0,0.0,0.0,0.0,0.0,0.0,0.0,0.0,0.0,0.0,0.0,0.0,3.4670588970184326,0.0,0.0,0.0,0.0,0.0,0.0,0.0,0.0,0.0,0.0,0.0,0.0,0.0,0.0,4.733522415161133,0.0,0.0,0.0,0.0,6.365694522857666,0.0,12.402168273925781,3.2760283946990967,0.0,0.0,2.985659599304199,0.0,0.0,0.0,0.0,0.0,0.0,0.0,0.0,0.0,0.0,0.0,0.0,0.0,0.0,0.0,0.0,0.0,0.0,0.0,0.0,0.0,0.0,0.0,0.0,0.0,0.0,0.0,0.0,0.0,0.0,0.0,0.0,0.0,0.0,0.0,0.0,0.0,0.0,0.0,0.0,0.0,0.0,0.0,0.0,0.0,0.0,0.0,0.0,0.0,0.0,0.0,0.0,0.0,0.0,8.619072914123535,0.0,0.0,0.0,0.0,0.0,0.0,0.0,0.0,0.0,0.0,0.0,0.0,0.0,0.0,0.0,0.0,0.0,0.0,0.0,0.0,0.0,0.0,0.0,15.803605079650879,3.3538739681243896,0.0,0.0,0.0,0.0,0.0,0.0,0.0,3.5048909187316895,0.0,0.0,0.0,0.0,0.0,0.0,0.0,0.0,0.0,0.0,0.0,0.0,0.0,0.0,0.0,0.0,0.0,0.0,0.0,4.211106300354004,7.60124397277832,0.0,40.56537628173828,0.0,0.0,0.0,0.0,16.38278579711914,0.0,0.0,0.0,0.0,0.0,0.0,0.0,0.0,0.0,0.0,0.0,0.0,0.0,0.0,0.0,0.0,0.0,0.0,0.0,0.0,0.0,0.0,0.5593751668930054,2.3098363876342773,0.0,0.0,0.0,0.0,0.0,0.0,0.0,8.486529350280762,0.0,0.0,0.0,0.0,0.0,0.0,0.0,0.0,0.0,0.0,0.0,0.0,7.123348712921143,0.0,0.0,0.0,0.0,0.0,0.0,0.0,0.0,0.0,0.0,0.0,0.0,0.0,0.0,0.0,0.0,0.0,0.0,0.0,0.0,0.0,0.0,0.0,0.0,0.0,0.0,0.0,0.0,0.0,0.0,0.0,0.0,0.0,4.320831298828125,0.0,0.0,0.0,0.0,0.0,0.0,0.0,0.0,0.0,0.0,0.0,0.0,0.0,2.240605354309082,0.0,0.0,0.0,0.0,0.0,0.0,0.0,0.0,0.0,0.0,0.0,0.0,0.0,0.0,0.0,0.0,0.0,0.0,0.0,0.0,0.0,0.0,0.0,0.0,0.0,0.0,0.0,0.0,0.0,0.0,0.0,0.0,0.0,0.0,0.0,0.0,0.0,0.0,0.0,0.0,0.0,0.0,0.0,0.0,0.0,0.0,0.0,0.0,0.0,0.0,0.0,0.0,0.0,0.0,0.0,0.0,0.0,0.0,0.0,0.0,0.0,0.0,0.0,0.0,0.0,0.0,0.0,0.0,0.0,0.0,0.0,0.0,0.0,0.0,0.0,0.0,0.0,0.0,0.0,0.0,0.0,0.0,0.0,0.0,0.0,0.0,0.0,6.5339179039001465,0.0,0.0,2.1180102825164795,0.0,0.0,0.0,0.0,0.0,0.0,0.0,0.0,0.0,20.402559280395508,0.0,0.0,0.0,0.0,0.0,0.0,0.0,18.744218826293945,0.0,0.0,0.0,0.0,0.0,0.0,0.0,0.0,0.0,0.0,0.0,0.0,0.0,0.0,0.0,0.0,0.0,0.0,0.0,0.0,0.0,17.916828155517578,0.0,0.0,0.0,0.0,0.0,0.0,0.0,0.0,0.0,0.0,0.0,0.0,0.0,0.0,0.0,0.0,0.0,0.0,0.0,0.0,0.0,0.0,0.0,0.0,0.0,0.0,0.0,0.0,0.0,0.0,0.0,0.0,0.0,0.0,0.0,0.0,0.0,0.0,0.0,42.51274108886719,0.0,0.0,0.0,0.0,0.0,0.0,0.0,0.0,0.0,0.0,0.0,0.0,0.0,0.0,0.0,0.0,0.0,0.0,0.0,0.0,0.0,0.0,0.0,0.0,0.0,0.0,7.342843532562256,0.0,0.0,0.0,19.11479377746582,0.0,0.0,0.0,0.0,0.0,0.0,0.0,0.0,0.0,0.0,0.0,0.0,0.0,0.0,0.0,0.0,0.0,0.0,0.0,0.0,0.0,0.0,0.0,0.0,0.0,0.0,0.0,0.0,0.0,0.0,0.0,0.0,0.0,0.0,0.0,0.0,0.0,0.0,0.0,0.0,0.0,0.0,0.0,0.0,0.0,0.0,0.0,0.0,0.0,0.0,0.0,0.0,0.0,0.0,0.0,0.0,0.0,0.0,0.0,0.0,0.0,0.0,0.0,0.0,0.0,0.0,0.0,0.0,0.0,0.0,0.0,0.0,0.0,0.0,0.0,0.0,0.0,0.0,0.0,0.0,0.0,0.0,0.0,0.0,0.0,0.0,0.0,0.0,0.0,0.0,5.655202865600586,0.0,0.0,0.0,0.0,0.0,62.29825973510742,0.0,0.0,0.0,0.0,0.0,0.0,0.0,0.0,0.0,0.0,0.0,0.0,0.0,0.0,0.0,0.0,0.0,0.0,0.0,0.0,0.0,0.0,0.0,0.0,0.0,0.0,0.0,0.0,0.0,0.0,0.0,0.0,0.0,0.0,0.0,0.0,0.0,0.0,0.0,0.0,0.0,0.0,0.0,0.0,0.0,0.0,0.0,0.0,0.0,3.386533737182617,0.0,0.0,11.18508529663086,0.0,0.0,0.0,0.0,0.0,0.0,0.0,0.0,0.0,0.0,0.0,0.0,0.0,0.0,0.0,0.0,0.0,0.0,0.0,0.0,0.0,0.0,0.0,0.0,0.0,0.0,0.0,0.0,0.0,0.0,0.0,0.0,0.0,0.0,0.0,0.0,0.0,0.0,0.0,0.0,0.0,0.0,0.0,0.0,0.0,0.0,0.0,0.0,0.0,0.0,10.685972213745117,0.0,0.0,0.0,0.0,0.0,0.0,0.0,0.0,0.0,0.0,6.334429740905762,0.0,0.0,0.0,0.0,0.0,0.0,0.0,0.0,0.0,0.0,0.0,0.0,0.0,0.0,0.0,0.0,0.0,0.0,0.0,0.0,3.2541089057922363,0.0,0.0,0.0,0.0,0.0,0.0,0.0,0.0,0.0,0.0,0.0,0.0,0.0,0.0,0.0,0.0,0.0,0.0,0.0,0.0,0.0,0.0,0.0,0.0,0.0,0.0,0.0,0.0,0.0,0.0,0.0,0.0,0.0,0.0,0.0,0.0,0.0,0.0,0.0,0.0,0.0,0.0,0.0,0.0,0.0,0.0,0.0,0.0,0.0,0.0,0.0,0.0,0.0,9.424301147460938,0.0,0.0,0.0,0.0,0.0,0.0,0.0,0.0,0.0,0.0,0.0,0.0,0.0,0.0,0.0,0.0,0.0,0.0,0.0,0.0,0.0,0.0,0.0,0.0,0.0,0.0,0.0,0.0,0.0,0.0,0.0,0.0,0.0,0.0,0.0,0.0,0.0,0.0,0.0,0.0,0.0,0.0,0.0,0.0,0.0,0.0,0.0,0.0,0.0,0.0,0.0,0.0,0.0,0.0,0.0,0.0,0.0,0.0,0.0,0.0,0.0,0.0,0.0,0.0,0.0,0.0,0.0,0.0,0.0,0.0,0.0,0.0,0.0,0.0,0.0,0.0,0.0,0.0,0.0,0.0,0.0,0.0,0.0,0.0,0.0,0.0,0.0,0.0,0.0,0.0,0.0,0.0,0.0,0.0,0.0,0.0,0.0,0.0,0.0,0.0,0.0,0.0,0.0,0.0,0.0,0.0,0.0,0.0,0.0,0.0,0.0,0.0,0.0,0.0,0.0,0.0,0.0,0.0,0.0,0.0,0.0,0.0,0.0,0.0,0.0,0.0,0.0,0.0,0.0,0.0,0.0,0.0,0.0,0.0,0.0,0.0,0.0,0.0,0.0,0.0,0.0,0.0,0.0,0.0,0.0,0.0,0.0,0.0,0.0,0.0,0.0,0.0,0.0,0.0,0.0,0.0,0.0,0.0,0.0,0.0,0.0,0.0,0.0,0.0,0.0,0.0,0.0,0.0,0.0,0.0,0.0,0.0,0.0,0.0,0.0,0.0,0.0,0.0,0.0,0.0,0.0,0.0,0.0,0.0,0.0,0.0,0.0,0.0,0.0,0.0,0.0,0.0,0.0,11.891044616699219,0.0,0.0,0.0,0.0,0.0,0.0,0.0,0.0,0.0,0.0,0.0,0.0,0.0,0.0,0.0,0.0,0.0,0.0,0.0,0.0,0.0,0.0,0.0,0.0,0.0,0.0,56.532989501953125,0.0,0.0,0.0,0.0,0.0,0.0,0.0,27.73552894592285,0.0,9.190825462341309,0.0,0.0,0.0,0.0,0.0,0.0,0.0,0.0,0.0,0.0,0.0,0.0,0.0,0.7259355783462524,0.0,0.0,0.0,0.0,0.0,0.0,0.0,0.0,0.0,0.0,0.0,0.0,0.0,0.0,0.0,0.0,0.0,0.0,0.0,0.0,57.83419418334961,0.0,0.0,0.0,0.0,0.0,0.0,0.0,0.0,0.0,0.0,0.0,0.0,0.0,0.0,0.0,0.0,0.0,0.0,0.0,0.0,0.0,0.0,0.0,0.0,0.0,0.0,0.0,0.0,0.0,0.0,0.0,0.0,0.0,0.0,0.0,0.0,0.0,0.0,0.0,0.0,0.0,0.0,0.0,0.0,0.0,0.0,0.0,0.0,0.0,0.0,0.0,0.0,0.0,0.0,0.0,15.229280471801758,0.0,0.0,0.0,0.0,0.0,0.0,0.0,0.0,0.0,0.0,0.0,0.0,0.0,0.0,0.0,0.0,0.0,0.0,0.0,0.0,0.0,0.0,0.0,0.0,0.0,0.0,0.0,0.0,0.0,0.0,0.0,0.0,0.0,0.0,0.0,0.0,0.0,0.0,0.0,0.0,0.0,0.0,0.0,0.0,0.0,0.0,0.0,0.0,0.0,0.0,0.0,0.0,0.0,0.0,0.0,0.0,0.0,0.0,0.0,0.0,0.0,0.0,0.0,0.0,0.0,0.0,0.0,0.0,0.0,0.0,0.0,0.0,0.0,0.0,0.0,0.0,0.0,0.0,0.0,0.0,0.0,0.0,0.0,0.0,0.0,0.0,0.0,0.0,0.0,0.0,0.0,0.0,0.0,0.0,0.0,0.0,0.0,0.0,0.0,0.0,0.0,0.0,0.0,0.0,0.0,0.0,0.0,0.0,0.0,0.0,0.0,0.0,0.0,0.0,10.769844055175781,0.0,0.0,0.0,0.0,0.0,0.0,0.0,0.0,0.0,0.0,0.0,0.0,0.0,0.0,0.0,0.0,0.0,0.0,0.0,0.0,0.0,0.0,0.0,0.0,0.0,0.0,0.0,0.0,0.0,0.0,0.0,0.0,0.0,0.0,0.0,0.0,0.0,0.0,0.0,0.0,0.0,0.0,0.0,0.0,0.0,0.0,0.0,0.0,0.0,0.0,0.0,0.0,0.0,0.0,0.0,0.0,0.0,0.0,0.0,0.0,0.0,0.0,0.0,0.0,0.0,0.0,0.0,0.0,0.0,0.0,0.0,0.0,0.0,0.0,0.0,0.0,0.0,0.0,0.0,0.0,0.0,0.0,0.0,0.0,0.0,0.0,0.0,0.0,0.0,0.0,0.0,0.0,0.0,0.0,0.0,0.0,0.0,0.0,0.0,0.0,0.0,0.0,0.0,0.0,0.0,0.0,0.0,0.0,0.0,0.0,0.0,0.0,0.0,0.0,0.0,0.0,18.609643936157227,0.0,0.0,0.0,0.0,0.0,0.0,0.0,0.0,0.0,0.0,0.0,0.0,0.0,0.0,0.0,0.0,0.0,0.0,0.0,0.0,5.026703834533691,0.0,0.0,0.0,0.0,0.0,0.0,0.0,0.0,0.0,0.0,0.0,0.0,0.0,0.0,0.0,0.0,0.0,0.0,0.0,0.0,0.0,0.0,0.0,0.0,0.0,0.0,0.0,0.0,0.0,0.0,0.0,0.0,0.0,0.0,0.0,0.0,0.0,0.0,0.0,0.0,0.0,0.0,0.0,0.0,0.0,0.0,0.0,0.0,0.0,0.0,0.0,0.0,0.0,0.0,0.0,0.0,0.0,0.0,0.0,0.0,0.0,0.0,0.0,0.0,0.0,0.0,0.0,3.362109899520874,0.0,0.0,0.0,0.0,0.0,0.0,0.0,0.0,0.0,0.0,0.0,0.0,0.0,0.0,0.0,0.0,0.0,0.0,0.0,0.0,0.0,0.0,0.0,0.0,0.0,11.132895469665527,0.0,0.0,0.0,0.0,0.0,0.0,0.0,0.0,0.0,0.0,0.0,0.0,0.0,0.0,0.0,0.0,0.0,0.0,0.0,0.0,0.0,0.0,0.0,0.0,0.0,0.0,0.0,0.0,0.0,0.0,0.0,0.0,0.0,0.0,0.0,0.0,0.0,0.0,0.0,0.0,0.0,0.0,0.0,0.0,0.0,0.0,0.0,0.0,0.0,0.0,0.0,0.0,0.0,0.0,0.0,0.0,0.0,0.0,0.0,0.0,0.0,0.0,0.0,70.32937622070312,0.0,0.0,0.0,0.0,0.0,0.0,0.0,27.521692276000977,0.0,0.0,0.0,0.0,0.0,0.0,0.0,0.0,0.0,0.0,0.0,0.0,0.0,0.0,0.0,16.850671768188477,0.0,0.0,0.0,0.0,0.0,0.0,0.0,0.0,0.0,0.0,0.0,0.0,0.0,0.0,0.0,0.0,0.0,0.0,0.0,0.0,60.1893196105957,0.0,0.0,0.0,0.0,0.0,0.0,0.0,0.0,0.0,0.0,0.0,0.0,0.0,0.0,0.0,0.0,0.0,0.0,0.0,0.0,0.0,0.0,0.0,0.0,0.0,0.0,0.0,0.0,0.0,0.0,0.0,0.0,0.0,0.0,0.0,0.0,0.0,0.0,0.0,0.0,0.0,0.0,0.0,0.0,0.0,0.0,0.0,0.0,0.0,0.0,0.0,0.0,0.0,0.0,0.0,0.0,0.0,0.0,0.0,0.0,0.0,0.0,0.0,0.0,0.0,0.0,0.0,0.0,0.0,0.0,0.0,0.0,0.0,0.0,0.0,0.0,0.0,0.0,0.0,0.0,0.0,0.0,0.0,0.0,0.0,0.0,0.0,0.0,0.0,0.0,0.0,0.0,0.0,0.5714118480682373,0.0,0.0,0.0,0.0,0.0,0.0,0.0,0.0,0.0,0.0,0.0,0.0,0.0,0.0,0.0,0.0,0.0,0.0,0.0,0.0,0.0,0.0,0.0,0.0,0.0,0.0,0.0,0.0,0.0,0.0,0.0,0.0,0.0,0.0,0.0,0.0,0.0,0.0,0.0,0.0,0.0,0.0,0.0,0.0,0.0,0.0,0.0,0.0,0.0,0.0,0.0,0.0,12.7952880859375,0.0,0.0,0.0,0.0,0.0,0.0,0.0,20.801158905029297,0.0,0.0,0.0,0.0,0.0,0.0,0.0,0.0,0.0,0.0,0.0,0.0,0.0,0.0,0.0,32.778926849365234,0.0,0.0,0.0,0.0,0.0,0.0,0.0,0.0,0.0,0.0,0.0,0.0,0.0,0.0,0.0,0.0,0.0,0.0,0.0,0.0,0.0,0.0,0.0,0.0,0.0,0.0,0.0,0.0,0.0,0.0,0.0,0.0,0.0,0.0,0.0,0.0,0.0,0.0,0.0,0.0,0.0,0.0,0.0,0.0,0.0,0.0,0.0,0.0,0.0,8.535650253295898,0.0,0.0,0.0,0.0,0.0,0.0,0.0,0.0,0.0,0.0,0.0,0.0,0.0,0.0,0.0,0.0,0.0,0.0,0.0,0.0,0.0,0.0,0.0,0.0,0.0,0.0,0.0,0.0,0.0,0.0,0.0,0.0,0.0,0.0,0.0,0.0,0.0,0.0,0.0,0.0,0.0,0.0,0.0,0.0,0.0,0.0,0.0,0.0,0.0,0.0,0.0,0.0,0.0,0.0,0.0,0.0,0.0,0.0,0.0,0.0,0.0,0.0,0.0,0.0,0.0,0.0,12.59024715423584,0.0,0.0,0.0,0.0,0.0,0.0,0.0,0.0,0.0,0.0,0.0,0.0,0.0,0.0,0.0,0.0,0.0,0.0,0.0,0.0,2.7189290523529053,0.0,0.0,0.0,0.0,0.0,0.0,0.0,0.0,0.0,0.0,0.0,0.0,0.0,0.0,0.0,0.0,0.0,0.0,0.0,0.0,0.0,0.0,0.0,26.64730453491211,0.0,0.0,0.0,0.0,0.0,0.0,0.0,0.0,0.0,0.0,0.0,0.0,0.0,0.0,0.0,0.0,0.0,0.0,0.0,0.0,0.0,0.0,0.0,0.0,0.0,0.0,0.0,0.0,0.0,0.0,0.0,0.0,0.0,0.0,0.0,0.0,0.0,0.0,0.0,0.0,0.0,0.0,0.0,4.393326759338379,0.0,0.0,0.0,0.0,0.0,0.0,0.0,0.0,0.0,0.0,0.0,0.0,0.0,0.0,0.0,0.0,0.0,0.0,0.0,0.0,0.0,0.0,0.0,0.0,0.0,39.4539794921875,0.0,0.0,0.0,0.0,0.0,0.0,0.0,0.0,0.0,0.0,0.0,0.0,0.0,0.0,0.0,0.0,0.0,0.0,0.0,0.0,0.0,0.0,0.0,0.0,0.0,0.0,0.0,0.0,0.0,0.0,0.0,0.0,0.0,0.0,0.0,0.0,0.0,0.0,0.0,0.0,0.0,0.0,0.0,0.0,0.0,0.0,0.0,0.0,0.0,0.0,0.0,0.0,0.0,0.0,0.0,0.0,0.0,0.0,0.0,0.0,0.0,0.0,0.0,57.131675720214844,0.0,0.0,0.0,0.0,0.0,0.0,0.0,0.0,0.0,0.0,0.0,0.0,0.0,0.0,0.0,0.0,0.0,0.0,0.0,0.0,0.0,0.0,0.0,0.0,0.0,0.0,0.0,0.0,0.0,0.0,0.0,0.0,0.0,0.0,0.0,0.0,0.0,0.0,0.0,0.0,0.0,0.0,0.0,0.0,46.012996673583984,0.0,0.0,0.0,0.0,0.0,0.0,0.0,0.0,0.0,0.0,0.0,0.0,0.0,0.0,0.0,0.0,0.0,0.0,0.0,0.0,0.0,0.0,0.0,0.0,0.0,0.0,0.0,0.0,0.0,0.0,0.0,0.0,0.0,0.0,0.0,0.0,0.0,0.0,0.0,0.0,0.0,0.0,0.0,0.0,0.0,0.0,0.0,0.0,0.0,0.0,0.0,0.0,0.0,0.0,0.0,0.0,0.0,0.0,0.0,0.0,0.0,0.0,0.0,0.0,0.0,0.0,0.0,0.0,0.0,0.0,0.0,0.0,0.0,0.0,0.0,0.0,0.0,0.0,0.0,0.0,0.0,0.0,0.0,0.0,14.620357513427734,0.0,0.0,0.0,0.0,0.0,0.0,0.0,0.0,28.989198684692383,0.0,0.0,0.0,0.0,0.0,0.0,0.0,0.0,0.0,0.0,0.0,0.0,0.0,0.0,0.0,0.0,0.0,0.0,0.0,0.0,0.0,0.0,0.0,0.0,0.0,0.0,0.0,0.0,0.0,0.0,0.0,0.0,0.0,0.0,0.0,0.0,0.0,0.0,0.0,0.0,0.0,0.0,0.0,0.0,0.0,0.0,0.0,0.0,0.0,0.0,0.0,0.0,27.237152099609375,0.0,0.0,0.0,0.0,0.0,0.0,0.0,25.88443374633789,0.0,0.0,0.0,0.0,0.0,0.0,0.0,0.0,0.0,0.0,0.0,0.0,0.0,0.0,0.0,8.88622760772705,0.0,0.0,0.0,0.0,0.0,0.0,0.0,0.368584007024765,0.0,0.0,0.0,0.0,0.0,0.0,0.0,0.0,0.0,15.472491264343262,0.0,0.0,0.0,0.0,0.0,0.0,0.0,0.0,0.0,0.0,0.0,0.0,0.0,0.0,0.0,0.0,0.0,0.0,0.0,0.0,0.0,0.0,0.0,0.0,0.0,0.0,0.0,0.0,0.0,0.0,0.0,20.71692657470703,0.0,0.0,0.0,0.0,0.0,0.0,0.0,0.0,0.0,0.0,0.0,0.0,0.0,0.0,0.0,0.0,0.0,0.0,0.0,0.0,0.0,0.0,0.0,0.0,0.0,0.0,0.0,0.0,0.0,0.0,0.0,0.0,0.0,0.0,0.0,0.0,0.0,0.0,0.0,0.0,0.0,0.0,0.0,0.0,0.0,0.0,0.0,0.0,0.0,0.0,0.0,0.0,0.0,0.0,0.0,0.0,0.0,0.0,0.0,0.0,0.0,0.0,0.0,0.0,0.0,0.0,0.0,0.0,0.0,0.0,0.0,0.0,0.0,0.0,0.0,0.0,0.0,0.0,0.0,0.0,0.0,0.0,0.0,0.0,0.0,0.0,0.0,0.0,0.0,0.0,0.0,0.0,0.0,0.0,0.0,0.0,0.0,0.0,0.0,0.0,0.0,0.0,0.0,0.0,0.0,0.0,0.0,0.0,0.0,0.0,0.0,0.0,0.0,0.0,0.0,0.0,0.0,0.0,0.0,0.0,0.0,0.0,0.0,0.0,0.0,0.0,0.0,0.0,0.0,0.0,0.0,0.0,0.0,0.0,0.0,0.0,0.0,0.0,0.0,0.0,0.0,0.0,0.0,0.0,0.0,0.0,0.0,0.0,0.0,0.0,0.0,0.0,0.0,0.0,0.0,0.0,0.0,0.0,0.0,0.0,0.0,0.0,0.0,0.0,0.0,0.0,0.0,0.0,0.0,0.0,0.0,0.0,0.0,0.0,0.0,0.0,0.0,0.0,0.0,0.0,0.0,0.7013418078422546,0.0,0.0,0.0,0.0,0.0,0.0,0.0,0.0,0.0,0.0,0.0,0.0,0.0,0.0,0.0,0.0,0.0,0.0,0.0,0.0,0.0,0.0,0.0,0.0,0.0,0.0,0.0,0.0,0.0,0.0,0.0,0.0,0.0,0.0,0.0,0.0,0.0,0.0,0.0,0.0,0.0,0.0,0.0,0.0,0.0,0.0,0.0,0.0,0.0,0.0,0.0,0.0,0.0,0.0,0.0,0.0,0.0,0.0,0.0,0.0,0.0,0.0,0.0,53.17124938964844,0.0,0.0,0.0,0.0,0.0,0.0,0.0,0.0,0.0,0.0,0.0,0.0,0.0,0.0,0.0,0.0,0.0,0.0,0.0,0.0,0.0,0.0,0.0,0.0,0.0,0.0,0.0,0.0,0.0,0.0,0.0,0.0,0.0,0.0,0.0,0.0,0.0,0.0,0.0,0.0,0.0,0.0,0.0,0.0,32.334228515625,0.0,0.0,0.0,0.0,0.0,0.0,0.0,0.0,0.0,0.0,0.0,0.0,0.0,0.0,0.0,0.0,0.0,0.0,0.0,0.0,0.0,0.0,0.0,0.0,0.0,0.0,0.0,0.0,0.0,0.0,0.0,0.0,0.0,0.0,0.0,0.0,0.0,0.0,0.0,0.0,0.0,0.0,0.0,0.0,0.0,0.0,0.0,0.0,0.0,0.0,0.0,0.0,0.0,0.0,0.0,0.0,0.0,0.0,0.0,0.0,0.0,0.0,0.0,0.0,0.0,0.0,0.0,0.0,0.0,0.0,0.0,0.0,0.0,0.0,0.0,0.0,0.0,0.0,0.0,0.0,0.0,0.0,0.0,0.0,0.0,0.0,0.0,0.0,0.0,0.0,0.0,0.0,0.0,0.0,0.0,0.0,4.832855701446533,0.0,0.0,0.0,0.0,0.0,0.0,0.0,0.0,0.0,0.0,0.0,0.0,0.0,0.0,0.0,0.0,0.0,0.0,0.0,0.0,0.0,0.0,0.0,0.0,0.0,0.0,0.0,0.0,0.0,0.0,0.0,0.0,0.0,0.0,0.0,0.0,0.0,0.0,0.0,0.0,0.0,0.0,0.0,0.0,0.0,0.0,0.0,0.0,0.0,4.0147624015808105,0.0,0.0,0.0,0.0,0.0,0.0,0.0,0.0,0.0,0.0,0.0,0.0,0.0,0.0,0.0,0.0,0.0,0.0,0.0,0.0,0.0,0.0,0.0,18.056859970092773,0.0,0.0,0.0,0.0,0.0,0.0,0.0,0.0,0.0,0.0,0.0,0.0,0.0,0.0,0.0,0.0,0.0,0.0,0.0,0.0,0.0,0.0,0.0,0.0,0.0,0.0,0.0,0.0,0.0,0.0,0.0,0.0,0.0,0.0,0.0,0.0,0.0,0.0,0.0,0.0,0.0,0.0,0.0,0.0,0.0,0.0,0.0,0.0,0.0,0.0,0.0,0.0,0.0,0.0,0.0,0.0,0.0,0.0,0.0,0.0,0.0,0.0,0.0,0.0,0.0,0.0,0.0,0.0,0.0,0.0,0.0,0.0,0.0,0.0,0.0,0.0,0.0,0.0,17.866506576538086,0.0,0.0,0.0,0.0,0.0,0.0,0.0,0.0,0.0,0.0,0.0,0.0,0.0,0.0,0.0,0.0,0.0,0.0,0.0,0.0,0.0,0.0,0.0,0.0,0.0,0.0,0.0,0.0,0.0,0.0,0.0,0.0,0.0,0.0,0.0,0.0,0.0,0.0,0.0,0.0,0.0,0.0,0.0,0.0,0.0,0.0,0.0,0.0,0.0,0.0,0.0,0.0,0.0,0.0,0.0,0.0,0.0,0.0,0.0,0.0,0.0,0.0,0.0,0.0,0.0,0.0,0.0,0.0,0.0,0.0,0.0,0.0,0.0,0.0,0.0,0.0,0.0,0.0,0.0,0.0,0.0,0.0,0.0,0.0,0.0,0.0,0.0,0.0,0.0,0.0,0.0,0.0,0.0,0.0,0.0,0.0,0.0,0.0,0.0,0.0,0.0,0.0,0.0,0.0,0.0,0.0,0.0,0.0,0.0,0.0,0.0,0.0,0.0,0.0,0.0,0.0,0.0,0.0,0.0,0.0,0.0,0.0,0.0,0.0,0.0,0.0,0.0,0.0,0.0,0.0,0.0,0.0,0.0,0.0,0.0,0.0,0.0,0.0,0.0,0.0,0.0,0.0,0.0,0.0,0.0,0.0,0.0,0.0,0.0,0.0,0.0,0.0,0.0,0.0,0.0,0.0,0.0,0.0,0.0,0.0,0.0,0.0,0.0,0.0,0.0,0.0,0.0,0.0,0.0,0.0,0.0,0.0,0.0,0.0,0.0,0.0,0.0,0.0,0.0,0.0,0.0,0.0,0.0,0.0,0.0,0.0,0.0,0.0,0.0,17.036436080932617,0.0,0.0,0.0,0.0,0.0,0.0,0.0,0.0,0.0,0.0,0.0,0.0,0.0,0.0,0.0,0.0,0.0,0.0,0.0,0.0,0.0,0.0,0.0,0.0,0.0,0.0,59.86170959472656,0.0,0.0,0.0,0.0,0.0,0.0,15.234620094299316,9.510021209716797,0.0,0.0,0.0,0.0,0.0,0.0,0.0,0.0,0.0,0.0,0.0,0.0,0.0,0.0,11.125393867492676,0.0,0.0,0.0,0.0,0.0,22.407941818237305,0.0,0.0,0.0,0.0,0.0,0.0,0.0,0.0,0.0,0.0,0.0,0.0,0.0,0.0,0.0,30.068315505981445,0.0,0.0,0.0,0.0,0.0,0.0,0.0,0.0,0.0,0.0,0.0,0.0,0.0,0.0,0.0,0.0,0.0,0.0,0.0,0.0,0.0,0.0,0.0,0.0,0.0,0.0,0.0,0.0,0.0,0.0,0.0,0.0,0.0,0.0,0.0,0.0,0.0,0.0,0.0,0.0,0.0,0.0,0.0,0.0,0.0,0.0,0.0,0.0,0.0,0.0,0.0,0.0,0.0,0.0,0.0,0.0,0.0,0.0,0.0,0.0,0.0,0.0,0.0,0.0,0.0,0.0,0.0,0.0,0.0,0.0,0.0,0.0,0.0,0.0,0.0,0.0,0.0,0.0,0.0,0.0,0.0,0.0,0.0,0.0,0.0,0.0,0.0,0.0,0.0,0.0,0.0,0.0,0.0,0.0,0.0,0.0,25.376256942749023,0.0,0.0,0.0,0.0,0.0,0.0,0.0,0.0,0.0,0.0,0.0,0.0,0.0,0.0,0.0,0.0,0.0,0.0,0.0,0.0,0.0,0.0,0.0,0.0,0.0,0.0,0.0,0.0,0.0,0.0,0.0,0.0,0.0,0.0,0.0,0.0,0.0,0.0,0.0,0.0,0.0,0.0,0.0,0.0,0.0,0.0,0.0,0.0,0.0,0.0,2.7855660915374756,0.0,0.0,0.0,0.0,0.0,0.0,0.0,0.0,0.0,0.0,0.0,0.0,0.0,0.0,0.0,0.0,0.0,0.0,0.0,25.576396942138672,0.0,0.0,51.743019104003906,0.0,0.0,0.0,0.0,0.0,0.0,0.0,0.0,0.0,0.0,0.0,0.0,0.0,0.0,0.0,0.0,0.0,0.0,0.0,0.0,0.0,0.0,0.0,0.0,0.0,0.0,0.0,0.0,0.0,0.0,0.0,0.0,0.0,0.0,0.0,0.0,0.0,0.0,0.0,0.0,0.0,0.0,0.0,0.0,0.0,0.0,0.0,0.0,0.0,0.0,0.0,0.0,0.0,0.0,0.0,0.0,0.0,0.0,0.0,0.0,0.0,0.0,0.0,0.0,0.0,0.0,0.0,0.0,0.0,0.0,0.0,0.0,0.0,0.0,0.0,0.0,0.0,0.0,21.85719108581543,0.0,2.9809679985046387,0.0,0.0,6.630225658416748,0.0,0.0,0.8370691537857056,4.469001293182373,0.0,0.0,0.0,12.469351768493652,0.0,1.8735905885696411,0.0,0.0,0.0,0.0,0.6626971960067749,0.0,0.0,0.28211313486099243,0.0,0.0,0.0,1.197754144668579,0.0,0.0,0.0,0.0,0.0,0.0,0.0,0.0,0.0,1.8267861604690552,0.0,0.0,0.0,0.0,0.0,0.0,0.0,0.0,0.0,0.0,0.0,0.0,0.0,0.0,0.0,24.891263961791992,0.0,0.0,0.0,0.0,0.0,12.443253517150879,0.0,0.0,0.0,0.0,0.0,0.0,0.0,0.0,0.0,0.0,0.0,0.0,0.0,0.0,0.0,0.0,0.0,0.0,0.0,0.0,0.0,0.0,8.309017181396484,0.0,10.781328201293945,0.0,0.0,0.0,0.0,0.0,0.0,0.0,0.0,0.0,0.0,0.0,0.0,0.0,0.0,0.0,0.0,0.0,0.0,0.0,0.0,0.0,0.0,18.973878860473633,0.0,0.0,3.9477453231811523,0.0,0.0,0.0,0.0,0.0,0.0,0.0,0.0,0.0,0.0,0.0,0.0,0.0,30.03515625,0.0,0.0,0.0,0.0,1.3131953477859497,7.515362739562988,0.0,0.0,0.0,0.0,0.0,0.0,0.0,0.0,0.0,0.0,0.0,0.0,0.0,0.0,0.0,0.0,0.0,0.0,0.0,0.0,0.0,14.731881141662598,0.0,0.0,0.0,0.0,22.13908576965332,2.0851054191589355,0.0,0.0,7.048212051391602,0.0,0.0,0.0,0.0,0.1572454273700714,0.0,0.0,0.0,0.0,0.0,0.0,0.0,0.0,0.0,2.8062169551849365,0.0,0.0,0.0,0.0,0.0,0.0,0.0,0.0,0.0,0.0,0.0,0.0,0.0,2.7670297622680664,0.0,0.0,0.0,0.0,8.73092269897461,0.0,0.0,0.0,0.0,0.0,0.0,0.0,0.0,0.0,0.0,0.0,0.0,9.893575668334961,0.0,0.0,0.0,0.0,0.0,0.0,0.0,0.0,4.403936386108398,0.0,0.0,0.0,0.0,0.0,0.0,14.88744068145752,8.97212028503418,0.0,8.858430862426758,0.0,0.0,0.0,0.0,0.0,0.0,0.0,0.0,0.0,0.0,0.0,0.0,5.424423694610596,0.0,0.0,0.0,0.0,0.0,27.391950607299805,0.0,0.0,0.0,0.0,0.5752383470535278,0.0,0.0,0.0,0.0,0.0,0.0,0.0,0.0,0.0,0.0,3.750765085220337,0.0,22.73160743713379,0.0,9.6719331741333,0.0,0.0,0.0,0.0,0.0,0.0,0.0,0.0,0.0,0.0,0.0,0.0,0.0,0.0,0.0,0.0,0.0,0.0,0.0,0.45919179916381836,0.0,0.0,0.0,0.0,20.6914005279541,0.0,0.0,0.0,10.860132217407227,13.669012069702148,0.0,0.0,0.0,0.0,0.0,0.0,0.0,0.0,0.0,0.0,0.0,0.0,0.0,0.0,0.0,0.0,0.0,0.0,0.0,8.83260440826416,0.0,37.100120544433594,0.0,0.0,0.0,9.478031158447266,0.0,0.0,0.0,0.0,0.0,0.0,0.0,0.0,0.0,0.0,0.0,0.0,0.0,0.0,0.0,0.0,0.0,2.127685308456421,0.0,0.0,0.0,0.0,0.0,0.0,0.0,0.0,0.0,0.0,0.0,0.0,0.0,0.0,0.0,0.0,0.0,0.0,1.646409511566162,0.0,0.0,0.2904260754585266,0.0,0.0,0.0,0.0,0.0,32.63361358642578,0.0,0.0,0.0,0.0,0.0,0.0,0.0,0.0,14.332033157348633,0.0,0.0,0.0,0.0,0.0,0.0,0.0,0.0,2.3099517822265625,0.0,0.0,0.0,0.0,0.0,0.0,0.0,0.0,0.0,0.0,0.6119973063468933,0.0,0.0,0.0,12.623336791992188,0.0,0.0,0.0,0.0,0.0,0.0,0.0,0.0,0.0,0.0,0.0,0.0,0.0,0.0,0.0,0.0,0.0,0.0,0.0,0.0,0.0,0.0,0.2477109283208847,0.0,0.0,0.0,0.0,0.0,25.540002822875977,7.00410270690918,0.0,34.496036529541016,0.0,0.0,2.565113067626953,0.0,2.15151309967041,0.0,0.0,0.0,0.0,0.0,10.735496520996094,0.0,0.0,0.2242172509431839,0.0,0.0,0.0,0.0,0.0,0.0,13.565543174743652,0.0,0.0,0.0,0.0,0.0,0.0,7.954211235046387,0.0,0.0,0.0,0.0,0.0,0.0,0.0,0.0,9.022896766662598,0.0,0.0,0.0,0.0,4.067593097686768,0.0,0.0,0.0,0.0,0.0,0.0,19.319549560546875,2.1584525108337402,0.0,0.0,0.0,0.0,0.0,0.0,0.0,4.695502281188965,0.0,0.0,0.0,0.0,5.999899387359619,0.0,0.0,0.0,0.0,0.0,0.0,0.0,0.0,0.0,0.0,0.0,0.0,0.0,0.0,0.0,0.0,0.0,0.0,0.0,0.0,0.0,0.0,0.0,0.0,0.0,0.0,0.0,0.0,0.0,0.0,0.0,0.0,0.0,0.0,4.712736129760742,0.0,0.0,0.0,0.0,0.0,0.0,0.0,0.0,0.0,0.0,0.0,0.0,12.316936492919922,0.0,0.0,0.0,0.0,0.0,0.0,0.0,0.0,0.0,0.0,0.0,27.933076858520508,0.0,0.0,0.0,0.0,0.0,0.0,0.0,0.0,0.0,0.0,0.0,0.0,0.0,0.0,0.0,0.0,0.0,0.0,0.0,0.0,0.0,0.0,0.0,0.0,0.0,0.0,0.0,0.0,0.0,0.0,0.0,0.0,0.0,0.0,0.0,0.0,0.0,0.0,0.0,0.0,0.0,0.0,0.0,0.0,0.0,0.0,0.0,0.0,0.0,0.0,0.0,0.0,0.0,0.0,0.0,0.0,0.0,0.0,0.0,13.4324951171875,0.0,0.0,0.0,0.0,0.0,41.080562591552734,0.0,0.0,0.0,0.0,0.0,0.0,0.0,0.0,0.0,0.0,0.0,0.0,0.0,0.0,0.0,0.0,0.0,29.225236892700195,0.0,0.0,0.0,0.0,0.0,0.0,0.0,0.0,0.0,0.0,0.0,0.0,0.0,0.0,0.0,0.0,0.0,0.0,0.0,0.0,9.45650863647461,4.721384525299072,0.0,0.0,0.0,0.0,0.0,0.0,0.0,0.0,0.0,29.54354476928711,0.0,2.2784175872802734,0.0,0.0,0.0,0.0,0.0,0.0,0.0,0.0,0.0,0.0,0.0,0.0,0.0,0.0,3.724661111831665,0.0,0.0,0.0,0.0,0.0,0.0,0.0,0.0,0.0,0.0,0.0,0.0,43.34309768676758,0.0,0.0,0.0,0.0,0.0,0.0,0.0,0.0,0.0,0.0,0.0,0.0,0.0,0.0,0.0,0.0,0.0,0.0,0.16909505426883698,0.0,0.0,0.0,0.0,0.0,0.0,0.0,0.0,9.362112998962402,0.0,0.0,60.0770378112793,0.0,0.0,0.0,0.0,0.0,0.0,0.0,0.0,0.0,0.0,0.0,0.0,0.0,0.0,0.0,0.0,0.0,0.0,0.0,0.0,0.0,0.0,0.0,0.0,0.0,0.0,0.0,0.0,0.0,0.0,0.0,0.0,0.0,0.0,0.0,0.0,0.0,0.0,0.0,0.0,0.0,0.0,0.0,0.0,0.0,0.0,4.533862113952637,0.0,0.0,0.0,0.0,0.0,0.0,0.0,0.0,0.0,4.598723411560059,0.0,0.0,0.0,0.0,0.0,0.0,0.0,0.0,0.0,0.0,0.0,0.0,0.0,0.0,0.0,0.0,0.0,0.0,0.0,0.0,0.0,0.0,0.0,0.0,0.0,0.0,0.0,0.0,0.0,0.0,0.0,0.0,0.0,15.118334770202637,0.0,0.0,0.0,0.0,0.0,39.24687194824219,0.0,0.0,0.0,0.0,0.0,0.0,0.0,0.0,0.0,0.0,0.0,0.20746877789497375,0.0,0.0,0.0,0.0,0.0,0.0,0.0,0.0,0.0,0.0,0.0,0.0,0.0,0.0,0.0,0.0,0.0,0.0,0.0,0.0,0.0,0.0,0.0,0.0,0.0,0.0,0.0,0.0,0.0,0.0,0.0,0.0,0.0,0.0,0.0,0.0,0.0,0.0,0.0,0.0,1.1293210983276367,0.0,0.0,0.0,0.0,0.0,0.0,0.0,32.295188903808594,0.0,0.0,0.0,0.0,0.0,0.0,0.0,0.0,0.0,0.0,0.0,0.0,0.0,0.0,0.0,0.0,0.0,0.0,0.0,12.989890098571777,0.0,0.0,0.0,0.0,0.0,0.0,0.0,0.0,0.0,0.0,0.0,0.0,0.0,0.0,0.0,0.0,0.0,0.0,0.0,0.0,0.0,0.0,9.647369384765625,0.0,0.0,0.0,0.0,0.0,0.0,0.0,0.0,0.0,0.0,0.0,0.0,0.0,0.0,0.0,0.0,0.0,0.0,0.0,0.0,0.0,0.0,0.0,0.0,0.0,0.0,0.0,0.0,0.0,6.06734561920166,0.0,9.57930850982666,0.0,0.0,0.0,0.0,0.0,0.0,0.0,0.0,0.0,0.0,0.0,0.0,0.0,0.0,0.0,0.0,0.0,0.0,0.0,0.0,0.0,0.0,18.69769287109375,0.0,0.0,5.412230491638184,0.0,0.0,0.0,0.0,0.0,0.0,0.0,0.0,0.0,0.0,0.0,0.0,0.0,0.0,0.0,0.0,0.0,0.0,0.0,0.0,0.0,0.0,2.0904905796051025,0.0,0.0,0.0,2.0804731845855713,30.2194881439209,0.0,0.0,0.0,0.0,0.0,0.0,0.0,0.0,0.0,0.0,50.95811080932617,0.0,14.14072322845459,0.0,0.0,0.0,0.0,0.0,0.0,0.0,0.0,0.0,0.0,0.0,0.0,0.0,0.0,0.0,0.0,0.0,0.0,0.0,0.0,0.0,0.0,0.0,0.0,0.0,0.0,0.0,0.0,0.0,0.0,0.0,0.0,0.0,0.0,0.0,0.0,0.0,0.0,0.0,0.0,0.0,0.0,0.0,13.632659912109375,0.0,0.0,0.0,0.0,0.0,0.0,0.0,0.0,0.0,0.0,0.0,0.0,0.0,0.0,0.0,0.0,0.0,0.0,0.0,0.0,0.0,0.0,0.0,0.0,0.0,0.0,0.0,0.0,14.5438232421875,0.0,0.0,0.0,0.0,0.0,0.0,0.0,0.0,0.0,0.0,0.0,5.717689514160156,0.0,0.0,0.0,0.0,0.0,0.0,0.0,0.0,0.0,0.0,0.0,0.0,0.0,0.0,0.0,33.37641906738281,0.0,0.0,2.655803918838501,0.0,0.0,0.0,0.0,0.0,0.0,0.0,0.0,0.0,0.0,0.0,0.0,0.0,0.0,37.146785736083984,0.0,0.0,0.0,0.0,0.0,0.0,0.0,0.0,0.0,0.0,0.0,0.0,0.0,0.0,0.0,0.0,0.0,0.0,0.0,0.0,0.0,25.190324783325195,0.0,0.0,0.0,0.0,0.0,0.0,0.0,0.0,0.0,15.09141731262207,0.0,0.0,0.0,0.0,0.0,0.0,0.0,0.0,0.0,0.0,0.0,0.0,0.0,0.0,0.0,0.0,0.0,0.0,0.0,0.0,0.0,0.0,0.0,0.0,0.0,0.0,0.0,0.0,0.0,60.681270599365234,0.0,0.0,0.0,0.0,0.0,0.0,0.0,0.0,0.0,0.0,0.0,0.0,0.0,0.0,0.0,0.0,0.0,0.0,0.0,0.0,0.0,0.0,0.0,0.0,0.0,0.0,39.187339782714844,0.0,0.0,0.0,54.54408645629883,0.0,0.0,14.046552658081055,21.050003051757812,0.0,0.0,0.0,0.0,0.0,0.0,0.0,0.0,0.0,0.0,0.0,0.0,0.0,0.0,0.0,0.0,0.0,0.0,0.0,0.0,0.0,0.0,0.0,0.0,0.0,0.0,0.0,0.0,0.0,0.0,0.0,0.0,0.0,0.0,0.0,0.0,49.82213592529297,0.0,0.0,0.0,0.0,0.0,8.337252616882324,9.518721580505371,0.0,0.0,0.0,0.0,0.0,0.0,0.0,0.0,0.0,0.0,0.0,0.0,0.0,0.0,0.0,0.0,0.0,0.0,0.0,0.0,0.0,0.0,0.0,0.0,0.0,0.0,0.0,0.0,0.0,0.0,0.0,0.0,0.0,33.09575271606445,0.0,0.0,0.0,0.0,0.0,0.0,0.0,0.0,0.0,0.0,0.0,0.0,0.0,0.0,55.20086669921875,0.0,0.0,0.0,0.0,0.0,0.0,0.0,0.0,0.0,0.0,0.0,0.0,0.0,0.0,0.0,0.0,0.0,0.0,0.0,0.0,0.0,0.0,0.0,0.0,0.0,0.0,0.0,0.0,0.0,0.0,0.0,0.0,0.0,0.0,0.0,0.0,0.0,0.0,0.0,0.0,6.374116897583008,0.0,0.0,0.0,0.0,0.0,0.0,0.0,0.0,0.0,0.0,0.0,27.64244842529297,0.0,0.0,2.5749611854553223,0.0,0.0,24.814373016357422,0.0,1.919863224029541,0.0,0.0,0.0,0.0,0.0,0.0,0.0,0.0,0.0,0.0,0.0,0.0,0.0,0.0,0.0,0.0,0.0,0.0,0.0,19.050140380859375,0.0,0.0,0.0,0.0,0.0,0.0,0.0,0.0,58.96249008178711,0.0,0.0,0.0,0.0,0.0,0.0,0.0,0.0,0.0,0.0,0.0,0.0,0.0,0.0,0.0,0.0,0.0,0.0,0.0,0.0,0.0,0.0,0.0,0.0,34.55100631713867,0.0,0.0,0.0,0.0,4.609816551208496,0.0,0.0,0.0,0.0,0.0,0.0,0.0,0.0,0.0,0.0,16.348119735717773,0.0,0.0,0.0,0.0,0.0,0.0,0.0,0.0,0.0,0.0,0.0,0.0,0.0,0.0,0.0,0.0,0.0,0.0,0.0,0.0,0.0,0.0,0.0,0.0,0.0,0.0,0.0,33.18315505981445,0.0,0.0,0.0,0.0,0.0,40.60962677001953,0.0,0.0,0.0,0.0,0.0,0.0,0.0,0.0,0.0,0.0,0.0,0.0,0.0,0.0,0.0,0.0,0.0,0.0,0.0,0.0,0.0,0.0,0.0,0.0,0.0,0.0,0.0,0.0,0.0,0.0,0.0,0.0,0.0,0.0,0.0,52.918975830078125,0.0,2.2905547618865967,0.0,0.0,0.0,0.0,0.0,0.0,0.0,0.0,0.0,0.0,0.0,0.0,0.0,0.0,0.0,0.0,0.0,0.0,0.0,0.0,0.0,0.0,0.0,0.0,0.0,0.0,0.0,0.0,0.0,0.0,0.0,0.0,0.0,0.0,0.0,0.0,0.0,0.0,0.0,0.0,0.0,0.0,0.0,0.0,0.0,0.0,0.0,0.0,0.0,0.0,0.0,0.0,0.0,0.0,0.0,0.0,0.0,0.0,0.0,0.0,0.0,0.0,0.0,0.0,0.0,0.0,0.0,0.0,0.0,0.0,0.0,0.0,0.0,0.0,0.0,0.0,0.0,0.0,0.0,0.0,0.0,0.0,0.0,0.0,33.17607116699219,0.0,0.0,0.0,0.0,0.0,0.0,0.0,0.0,0.0,0.0,0.0,0.0,0.0,0.0,0.0,0.0,0.0,0.0,0.0,0.0,0.0,0.0,0.0,0.0,0.0,0.0,0.0,0.0,0.0,0.0,0.0,0.0,0.0,0.0,0.0,0.0,0.0,0.0,0.0,0.0,0.0,0.0,0.0,0.0,0.0,0.0,0.0,0.0,0.0,0.0,0.0,0.0,0.0,0.0,0.0,2.6436767578125,0.0,0.0,0.0,25.90009307861328,0.0,0.0,0.0,0.0,0.0,0.0,0.0,0.0,0.0,0.0,0.0,0.0,0.0,0.0,0.0,0.0,0.0,0.0,0.0,0.0,0.0,0.0,0.0,0.0,0.0,0.0,0.0,0.0,0.0,0.0,0.0,0.0,0.0,0.0,0.0,28.497623443603516,0.0,0.0,0.0,0.0,0.0,0.0,0.0,0.0,0.0,0.0,0.0,0.0,0.0,0.0,0.0,0.0,0.0,0.0,0.0,0.0,0.0,0.0,0.0,0.0,0.0,0.0,52.753089904785156,0.0,0.0,0.0,46.574947357177734,0.0,0.0,22.9309024810791,28.927505493164062,0.0,0.0,0.0,0.0,0.0,0.0,0.0,0.0,0.0,0.0,0.0,0.0,0.0,0.0,0.0,0.0,0.0,0.0,0.0,0.0,0.0,0.0,0.0,0.0,0.0,0.0,0.0,0.0,0.0,0.0,0.0,0.0,0.0,0.0,0.0,0.0,64.81210327148438,0.0,0.0,0.0,0.0,0.0,0.0,0.0,0.0,0.0,0.0,0.0,0.0,0.0,0.0,0.0,0.0,0.0,0.0,0.0,0.0,0.0,0.0,0.0,0.0,0.0,0.0,0.0,0.0,0.0,0.0,0.0,0.0,0.0,0.0,0.0,0.0,0.0,0.0,0.0,0.0,19.890695571899414,0.0,0.0,0.0,0.0,0.0,0.0,0.0,0.0,2.988638401031494,0.0,0.0,0.0,0.0,0.0,18.83783531188965,0.0,0.0,0.0,0.0,0.0,0.0,0.0,0.0,0.0,0.0,0.0,0.0,0.0,0.0,0.0,0.0,0.0,0.0,0.0,0.0,0.0,0.0,0.0,0.0,0.0,0.0,0.0,0.0,0.0,0.0,0.0,0.0,0.0,0.0,0.0,0.0,0.0,0.0,0.0,0.0,25.11600112915039,0.0,0.0,0.0,0.0,0.0,0.0,0.0,0.0,0.0,0.0,0.0,27.51496124267578,0.0,0.0,0.0,0.0,0.0,16.043676376342773,0.0,0.0,0.0,0.0,0.0,0.0,0.0,0.0,0.0,0.0,0.0,0.0,0.0,0.0,0.0,0.0,0.0,0.0,0.0,0.0,0.0,0.0,0.0,0.0,0.0,0.0,0.0,0.0,0.0,0.0,28.923587799072266,0.0,0.0,0.0,0.0,0.0,0.0,0.0,0.0,0.0,0.0,0.0,0.0,0.0,0.0,0.0,0.0,0.0,0.0,0.0,0.0,0.0,0.0,0.0,0.0,50.3769416809082,0.0,0.0,0.0,0.0,21.03864288330078,0.0,0.0,0.0,0.0,0.0,0.0,0.0,0.0,0.0,0.0,18.40670394897461,0.0,0.0,0.0,0.0,0.0,0.0,0.0,0.0,0.0,0.0,0.0,0.0,0.0,0.0,0.0,0.0,0.0,0.0,0.0,0.0,0.0,0.0,0.0,0.0,0.0,0.0,0.0,0.0,0.0,0.0,0.0,0.0,0.0,46.01584243774414,0.897452175617218,0.0,0.0,0.0,0.0,0.0,0.0,0.0,0.0,0.0,0.0,0.0,0.0,0.0,0.0,1.3691833019256592,0.0,0.0,0.0,0.0,0.0,0.0,0.0,0.0,0.0,0.0,0.0,0.0,0.0,0.0,0.0,0.0,0.0,0.0,0.0,7.671468734741211,0.0,0.0,0.0,0.0,0.0,0.0,0.0,0.0,0.0,0.0,0.0,0.0,0.0,0.0,0.0,0.0,0.0,0.0,0.0,0.0,0.0,0.0,0.0,0.0,0.0,0.0,0.0,0.0,0.0,0.0,0.0,0.0,0.0,0.0,0.0,0.0,0.0,0.0,0.0,0.0,0.0,0.0,0.0,0.0,0.0,0.0,0.0,0.0,0.0,0.0,0.0,0.0,0.0,0.0,0.0,0.0,0.0,0.0,0.0,0.0,0.0,0.0,0.0,0.0,0.0,0.0,0.0,0.0,0.0,0.0,0.0,0.0,0.0,0.0,0.0,0.0,2.615325927734375,0.0,0.0,0.0,0.0,0.0,0.0,0.0,0.0,0.0,0.6311098337173462,0.0,0.0,0.0,0.0,0.0,0.0,0.0,0.0,0.0,0.0,0.0,0.0,0.0,0.0,0.0,0.0,0.0,0.0,23.315120697021484,0.0,0.0,0.0,0.0,0.0,0.0,0.0,0.0,0.0,0.0,0.0,0.0,0.0,0.0,0.0,0.0,0.0,0.0,0.0,0.0,0.0,0.0,0.0,0.0,0.0,3.869466781616211,0.0,0.0,0.0,0.0,0.0,0.0,0.0,0.0,0.0,0.0,0.0,0.0,0.0,0.0,37.11941146850586,0.0,0.0,0.0,0.0,0.0,0.0,0.0,0.0,0.0,0.0,0.0,0.0,0.0,0.0,0.0,0.0,0.0,0.0,0.0,0.0,0.0,0.0,0.0,0.0,0.0,0.0,0.0,0.0,0.0,0.0,0.0,0.0,0.0,0.0,0.0,3.134204864501953,0.0,0.0,0.0,0.0,0.0,0.0,0.0,0.0,0.0,0.0,0.0,0.0,0.0,0.0,0.0,0.0,0.0,0.0,0.0,0.0,0.0,0.0,0.0,0.0,0.0,0.0,28.988357543945312,0.0,0.0,0.0,5.265044212341309,0.0,0.0,8.962048530578613,9.875767707824707,0.0,0.0,0.0,0.0,0.0,0.0,0.0,0.0,0.0,0.0,0.0,0.0,0.0,0.0,0.0,0.0,0.0,0.0,0.0,0.0,0.0,3.7374746799468994,0.0,0.0,0.0,0.0,0.0,0.0,0.0,0.0,0.0,0.0,0.0,0.0,0.0,0.0,32.60020065307617,0.0,0.0,0.0,0.0,0.0,0.0,0.0,0.0,0.0,0.0,0.0,0.0,0.0,0.0,0.0,0.0,0.0,0.0,0.0,0.0,0.0,0.0,0.0,0.0,0.0,0.0,0.0,0.0,0.0,0.0,0.0,0.0,0.0,0.0,0.0,0.0,0.0,0.0,0.0,0.0,0.0,0.0,0.0,0.0,0.0,0.0,0.0,0.0,0.0,0.0,0.0,0.0,0.0,0.0,0.0,4.4497599601745605,0.0,0.0,0.0,0.0,0.0,0.0,0.0,0.0,0.0,0.0,0.0,0.0,0.0,0.0,0.0,0.0,0.0,0.0,0.0,0.0,0.0,0.0,0.0,0.0,0.0,0.0,0.0,0.0,0.0,0.0,0.0,0.0,0.0,0.0,0.0,0.0,0.0,3.7234435081481934,0.0,0.0,17.433408737182617,0.0,0.0,0.0,0.0,0.0,0.0,0.0,0.0,0.0,0.0,0.0,25.433143615722656,0.0,0.0,0.0,0.0,0.0,0.0,0.0,0.0,0.0,0.0,0.0,0.0,0.0,0.0,0.0,0.0,0.0,0.0,0.0,0.0,0.0,0.0,0.0,0.0,0.0,0.0,0.0,0.0,0.0,0.0,0.0,0.0,0.0,0.0,0.0,0.0,0.0,0.0,0.0,0.0,0.0,0.0,0.0,0.0,0.0,0.0,0.0,0.0,0.0,0.0,0.0,0.0,0.0,0.0,0.0,0.0,0.0,0.0,0.0,0.0,0.0,3.6581838130950928,0.0,0.0,0.0,0.0,24.31797218322754,0.0,0.0,0.0,0.0,0.0,0.0,0.0,0.0,0.0,0.0,0.0,0.0,0.0,0.0,0.0,0.0,0.0,0.0,0.0,0.0,0.0,0.0,0.0,0.0,0.0,0.0,0.0,0.0,0.0,0.0,0.0,0.0,0.0,0.0,0.0,0.0,0.0,0.0,0.0,0.0,16.073984146118164,0.0,0.0,0.0,34.41511917114258,0.0,0.0,0.0,0.0,0.0,0.0,0.0,0.0,0.0,0.0,0.0,0.0,0.0,0.0,0.0,10.992667198181152,0.0,0.0,0.0,0.0,0.0,0.0,0.0,0.0,0.0,0.0,0.0,0.0,0.0,0.0,0.0,0.0,0.0,0.0,0.0,1.9502860307693481,0.0,0.0,0.0,0.0,0.0,0.0,0.0,0.0,0.0,0.0,0.0,0.0,0.0,0.0,0.0,0.0,0.0,0.0,0.0,0.0,0.0,0.0,0.0,0.0,0.0,0.0,0.0,0.0,0.0,0.0,0.0,0.0,0.0,0.0,0.0,0.0,0.0,0.0,0.0,0.0,0.0,0.0,0.0,0.0,0.0,0.0,0.0,0.0,0.0,0.0,0.0,0.0,0.0,0.0,0.0,0.0,0.0,0.0,0.0,0.0,0.0,0.0,0.0,0.0,0.0,0.0,1.2102268934249878,0.0,0.0,0.0,0.0,0.0,0.0,0.0,0.0,0.0,11.909417152404785,0.0,0.0,0.0,0.0,0.0,0.0,0.0,0.0,0.0,0.0,0.0,0.0,0.0,0.0,0.0,0.0,0.0,0.0,2.300687074661255,0.0,0.0,0.0,0.0,0.0,0.0,0.0,0.0,0.0,32.72854995727539,0.0,0.0,0.0,0.0,0.0,0.0,0.0,0.0,0.0,0.0,0.0,0.0,0.0,0.0,0.0,0.0,0.0,0.0,0.0,0.0,0.0,0.0,0.0,0.0,0.0,5.3364715576171875,0.0,0.0,0.0,0.0,0.0,0.0,0.0,0.0,0.0,0.0,0.0,0.0,0.0,0.0,19.987485885620117,0.0,0.0,0.0,0.0,0.0,0.0,0.0,0.0,0.0,0.0,0.0,0.0,0.0,0.0,0.0,0.0,0.0,0.0,0.0,0.0,0.0,0.0,0.0,0.0,0.0,0.0,0.0,0.0,0.0,0.0,0.0,0.0,0.0,0.0,0.0,21.938814163208008,0.0,0.0,0.0,0.0,0.0,0.0,0.0,0.0,0.0,0.0,0.0,0.0,0.0,0.0,0.0,0.0,0.0,0.0,0.0,0.0,0.0,0.0,0.0,0.0,0.0,0.0,23.308687210083008,0.0,0.0,0.0,0.0,0.0,0.0,15.0090913772583,4.669266700744629,0.0,0.0,0.0,0.0,0.0,0.0,0.0,0.0,0.0,0.0,0.0,0.0,0.0,0.0,0.0,0.0,0.0,0.0,0.0,0.0,0.0,1.4265401363372803,0.0,0.0,0.0,0.0,0.0,0.0,0.0,0.0,0.0,0.0,0.0,0.0,0.0,0.0,26.080228805541992,0.0,0.0,0.0,0.0,0.0,0.0,0.0,0.0,0.0,0.0,0.0,0.0,0.0,0.0,0.0,0.0,0.0,0.0,0.0,0.0,0.0,0.0,0.0,0.0,0.0,0.0,0.0,0.0,0.0,0.0,0.0,0.0,0.0,0.0,0.0,0.0,0.0,0.0,0.0,0.0,0.0,0.0,0.0,0.0,0.0,0.0,0.0,0.0,0.0,0.5276014804840088,0.0,0.0,0.0,0.0,0.0,26.215513229370117,0.0,0.0,0.0,0.0,0.0,0.0,0.0,0.0,0.0,0.0,0.0,0.0,0.0,0.0,0.0,0.0,0.0,0.0,0.0,0.0,0.0,0.0,0.0,0.0,0.0,0.0,0.0,0.0,0.0,0.0,0.0,0.0,0.0,0.0,0.0,0.0,0.0,0.0,0.0,0.0,31.475250244140625,0.0,0.0,0.0,0.0,0.0,0.0,0.0,0.0,0.0,0.0,0.0,12.916205406188965,0.0,0.0,0.0,0.0,0.0,8.2996187210083,0.0,0.0,0.0,0.0,0.0,0.0,0.0,0.0,0.0,0.0,0.0,0.0,0.0,0.0,0.0,0.0,0.0,0.0,0.0,0.0,0.0,0.0,0.0,0.0,0.0,0.0,0.0,0.0,0.0,0.0,0.0,0.0,0.0,0.0,0.0,0.0,0.0,0.0,0.0,0.0,0.0,0.0,0.0,0.0,0.0,0.0,0.0,0.0,0.0,0.0,0.0,0.0,0.0,0.0,0.0,0.0,0.0,0.0,0.0,0.0,18.225278854370117,0.0,0.0,0.0,0.0,0.0,0.0,0.0,0.0,0.0,0.0,0.0,0.0,14.328566551208496,0.0,0.0,0.0,0.0,0.0,0.0,0.0,0.0,0.0,0.0,0.0,0.0,0.0,0.0,0.0,0.0,0.0,0.0,0.0,0.0,0.0,0.0,0.0,0.0,0.0,0.0,0.0,16.39151382446289,0.0,0.0,0.0,7.18670129776001,0.0,0.0,0.0,0.0,0.0,0.0,0.0,0.0,0.0,0.0,0.0,0.0,0.0,0.0,0.0,16.17106819152832,0.0,0.0,0.0,0.0,0.0,0.0,0.0,0.0,0.0,0.0,0.0,0.0,12.926088333129883,0.0,0.0,0.0,0.0,0.0,0.0,10.134819984436035,0.0,26.275508880615234,0.0,0.0,0.0,0.0,0.0,0.0,8.675947189331055,0.0,0.0,0.0,1.6464402675628662,0.0,0.0,0.0,0.0,0.0,0.0,0.0,0.0,0.0,0.0,0.0,0.0,0.0,0.0,0.0,0.0,0.0,0.0,0.0,0.0,0.0,0.0,0.0,0.0,0.0,0.0,0.0,0.0,0.0,0.0,0.0,0.0,0.0,0.0,0.0,0.0,0.0,0.0,0.0,0.0,0.0,0.0,0.0,0.0,0.0,0.0,0.0,0.0,0.0,0.0,0.0,0.0,0.0,0.0,0.0,0.0,0.0,0.0,0.0,0.0,0.0,0.0,0.0,0.0,0.0,0.0,0.0,0.0,0.0,0.0,0.0,0.0,0.0,0.0,0.0,0.0,0.0,0.0,0.0,0.0,0.0,0.0,4.618929386138916,0.0,0.0,0.0,0.0,0.0,0.0,0.4492030143737793,0.0,0.0,32.27284240722656,0.0,0.0,0.0,0.0,0.0,0.0,0.0,0.0,0.0,0.0,0.0,0.0,0.0,0.0,0.0,0.0,0.0,0.0,0.0,0.0,0.0,0.0,0.0,0.0,0.0,0.0,0.0,0.0,0.0,0.0,0.0,0.0,0.0,0.0,0.0,0.0,0.0,0.0,10.056586265563965,0.0,10.302846908569336,0.0,0.0,0.0,0.0,0.0,0.0,0.0,0.0,0.0,0.0,0.0,0.0,0.0,0.0,0.0,0.0,0.0,0.0,0.0,0.0,0.0,0.0,0.0,0.0,0.0,0.0,0.0,0.0,0.0,0.0,0.0,0.0,0.0,0.0,0.0,44.840389251708984,0.0,0.0,0.0,0.0,0.0,0.0,0.0,0.0,0.0,0.0,0.0,0.0,0.0,0.0,0.0,0.0,0.0,0.0,0.0,0.0,0.0,0.0,0.0,0.0,0.0,0.0,21.70016098022461,0.0,0.0,0.0,9.444611549377441,0.0,0.0,21.817920684814453,1.571035385131836,0.0,0.0,0.0,0.0,0.0,0.0,0.0,0.0,0.0,0.0,0.0,0.0,0.0,0.0,0.0,0.0,0.0,0.0,0.0,0.0,16.113130569458008,0.0,0.0,0.0,0.0,0.0,0.0,0.0,0.0,0.0,0.0,0.0,0.0,0.0,0.0,0.0,27.04298210144043,0.0,0.0,0.0,0.0,0.0,39.45187759399414,3.3886637687683105,0.0,0.0,0.0,0.0,0.0,0.0,0.0,0.0,0.0,0.0,0.0,0.0,0.0,0.0,0.0,0.0,0.0,0.0,0.0,0.0,0.0,0.0,0.0,0.0,0.0,0.0,0.0,0.0,0.0,0.0,0.0,0.0,0.0,0.0,0.0,0.0,0.0,0.0,0.0,0.0,0.0,0.0,10.05733585357666,0.0,0.0,0.0,0.0,0.0,48.21657943725586,0.0,0.0,0.0,14.142082214355469,0.0,0.0,0.0,0.0,0.0,0.0,0.0,0.0,0.0,0.0,0.0,0.0,0.0,0.0,0.0,0.0,0.0,0.0,0.0,0.0,0.0,0.0,0.0,0.0,0.0,0.0,0.0,0.0,0.0,0.0,0.0,0.0,0.0,0.0,0.0,0.0,23.941940307617188,0.0,0.0,0.0,0.0,0.0,0.0,0.0,0.0,0.0,0.0,0.0,0.5818080902099609,0.0,0.0,0.0,0.0,0.0,12.028117179870605,0.0,0.0,0.0,0.0,0.0,0.0,0.0,0.0,0.0,0.0,0.0,0.0,0.0,0.0,0.0,0.0,0.0,0.0,0.0,0.0,0.0,0.0,0.0,0.0,0.017359912395477295,0.0,0.0,0.0,0.0,0.0,20.61226463317871,0.0,0.0,0.0,0.0,0.0,0.0,0.0,0.0,0.0,0.0,0.0,0.0,0.0,0.0,0.0,0.0,0.0,0.0,0.0,0.0,0.0,8.961474418640137,0.0,0.0,19.227764129638672,0.0,0.0,0.0,0.0,2.357771873474121,0.0,0.0,2.0163323879241943,0.0,0.0,0.0,0.0,0.0,0.0,0.0,0.0,0.0,27.10349464416504,5.245680809020996,0.0,0.0,0.0,0.0,0.0,0.0,0.0,0.0,0.0,0.0,0.0,0.0,0.0,0.0,0.0,0.0,0.0,0.0,0.0,0.0,0.0,0.0,0.0,0.0,0.0,0.0,0.0,0.0,0.0,0.0,10.580406188964844,0.0,0.0,0.0,0.0,0.0,0.0,0.0,0.0,0.0,0.0,0.0,0.0,14.660575866699219,0.0,0.0,0.0,0.0,0.0,0.0,0.0,0.0,0.0,0.0,0.0,0.0,0.0,0.0,24.528757095336914,17.220169067382812,5.552017688751221,2.7852749824523926,0.0,0.0,9.172667503356934,0.0,0.0,0.0,13.969918251037598,0.0,0.0,0.0,0.0,0.0,0.0,6.654253959655762,0.5216559767723083,0.0,0.0,10.619577407836914,0.0,0.0,0.0,0.0,0.0,0.0,0.0,0.0,3.44399356842041,0.0,0.0,0.0,0.0,0.0,0.0,0.0,0.0,0.0,0.0,0.0,0.0,0.0,0.0,0.0,0.0,0.0,0.0,0.0,0.0,0.0,0.0,0.0,29.309539794921875,0.0,0.0,0.0,0.0,0.0,0.0,0.0,0.0,0.0,0.0,0.0,0.0,0.0,0.0,0.0,0.0,0.0,0.0,0.0,13.050793647766113,0.0,0.0,0.0,0.0,0.0,0.0,10.271323204040527,0.0,9.027291297912598,0.0,0.0,0.0,0.0,0.0,15.978008270263672,0.0,0.0,0.0,0.0,0.0,0.0,0.0,0.17563921213150024,0.0,0.0,0.0,0.0,0.0,0.0,2.390516757965088,0.0,0.0,0.0,22.93092918395996,0.0,0.0,10.318048477172852,0.0,0.0,5.603366374969482,0.0,0.0,0.0,0.0,0.0,0.0,0.0,0.0,0.0,0.0,45.700103759765625,0.0,0.0,0.0,0.0,0.0,0.0,0.0,0.0,5.758457660675049,0.0,0.0,4.04680871963501,0.0,0.0,0.0,0.0,0.0,0.0,0.0,0.0,0.0,0.0,0.0,0.0,0.0,14.28361701965332,0.0,6.320878982543945,0.0,0.0,0.0,0.0,27.845312118530273,0.0,0.0,9.519697189331055,7.680720329284668,0.0,0.0,0.0,0.0,7.367864608764648,0.0,0.0,0.0,0.0,0.0,0.0,0.0,0.0,0.0,34.530269622802734,0.0,0.0,0.0,0.0,0.0,0.0,0.0,0.0,0.0,0.0,0.0,0.0,0.0,28.80311393737793,0.0,13.801822662353516,0.0,0.0,24.795536041259766,0.0,0.0,0.0,0.0,0.0,0.0,5.109838962554932,0.0,0.0,0.0,0.0,6.39870548248291,22.655485153198242,0.0,0.0,0.0,0.0,2.095888376235962,0.0,0.0,0.0,0.0,0.0,0.0,0.0,11.455409049987793,0.0,0.0,3.846018075942993,0.0,0.0,0.0,0.0,0.0,0.0,0.0,4.5812859535217285,0.0,0.0,0.0,0.0,0.0,6.354352951049805,0.0,0.0,0.0,0.0,0.0,0.0,0.0,25.47440528869629,0.0,0.0,0.0,0.0,14.487776756286621,0.0,1.2875494956970215,0.0,0.0,0.0,0.0,0.0,0.0,0.0,0.0,1.6377052068710327,0.0,0.0,0.0,19.78226661682129,0.0,30.476865768432617,0.0,0.0,0.0,0.0,0.0,0.0,0.0,0.0,0.0,0.0,0.0,0.0,0.0,0.0,0.0,0.0,0.0,8.49000358581543,0.0,0.0,0.0,0.0,32.673831939697266,0.0,0.0,0.0,18.871143341064453,0.0,0.0,0.0,0.0,0.0,0.0,0.0,0.0,0.0,0.0,0.0,0.0,0.0,0.0,0.0,0.0,21.708059310913086,8.937153816223145,0.0,19.20282745361328,0.0,0.0,45.38179016113281,0.0,0.0,0.0,15.320307731628418,0.0,0.0,0.0,0.0,0.0,0.0,0.0,0.0,1.583832025527954,0.0,0.0,0.0,6.7369279861450195,0.0,0.0,0.0,0.0,7.11052131652832,0.0,0.0,0.0,0.0,0.0,0.0,0.0,0.0,0.0,0.0,0.0,0.0,0.0,0.0,0.0,0.0,0.0,0.0,0.0,0.0,0.0,14.753554344177246,0.0,0.0,0.0,0.0,8.317193031311035,48.266929626464844,0.0,0.0,0.0,0.0,0.0,15.508455276489258,0.0,0.0,21.963624954223633,0.0,0.0,16.049280166625977,0.0,0.0,0.0,0.0,4.808464527130127,0.0,0.0,0.0,0.0,0.0,0.0,0.0,0.0,0.0,0.0,0.0,0.0,0.0,25.571353912353516,0.0,0.0,0.0,0.0,1.8903995752334595,0.0,0.0,0.0,5.676519393920898,0.0,0.0,21.693897247314453,3.5991158485412598,0.0,0.0,0.0,0.0,0.0,6.494719982147217,0.0,0.0,0.0,0.0,0.0,0.0,0.0,0.0,0.0,0.0,0.0,15.203387260437012,0.0,0.0,21.972997665405273,0.0,0.0,0.0,0.0,6.197628974914551,0.0,0.0,0.0,0.0,0.0,0.0,0.0,0.0,3.6936910152435303,0.0,0.0,0.0,0.0,13.123323440551758,7.682211875915527,16.748973846435547,0.0,0.0,0.0,0.0,0.0,0.0,4.834627151489258,0.0,0.0,0.0,0.0,0.0,0.0,0.0,0.0,0.0,0.0,0.0,0.0,0.0,0.0,0.0,0.0,0.0,9.031556129455566,0.0,0.0,26.636146545410156,0.6678128242492676,0.0,0.0,0.0,0.0,0.0,0.0,0.0,0.0,0.0,0.0,0.0,0.0,21.249589920043945,0.0,0.0,0.0,0.0,0.0,0.0,0.0,0.0,0.0,0.0,0.0,9.934027671813965
n000455_10.jpg,0.0,0.0,0.0,0.0,5.511276721954346,0.0,0.0,0.0,86.92831420898438,0.0,0.0,0.0,0.0,0.0,0.0,0.0,0.0,17.929672241210938,0.0,0.0,0.0,0.0,0.0,0.0,0.0,0.0,0.0,0.0,0.0,0.0,0.0,0.0,0.0,46.95856475830078,0.0,0.0,0.0,0.0,0.0,0.0,0.0,0.0,0.0,0.0,0.0,0.0,0.0,0.0,0.0,0.0,0.0,0.0,0.0,0.0,4.762004852294922,10.23296070098877,0.0,0.0,0.0,0.0,0.0,0.0,0.0,0.0,0.0,0.0,0.0,0.0,0.0,0.0,0.0,0.0,0.0,0.0,0.0,0.0,0.0,0.0,0.0,0.0,13.569896697998047,0.0,0.0,0.0,0.0,0.0,0.0,0.0,0.0,0.0,0.0,0.0,0.0,0.0,0.0,0.0,0.0,0.0,0.0,0.0,87.74651336669922,0.0,0.0,0.0,32.1309928894043,0.0,0.0,0.0,0.0,0.0,0.0,43.924442291259766,3.6063930988311768,3.01601505279541,0.0,0.0,0.0,0.0,5.732485771179199,0.0,0.0,0.9846386909484863,0.0,0.0,0.0,0.0,0.0,0.0,0.0,0.0,0.0,0.0,0.0,0.0,0.0,0.0,0.0,0.0,0.0,0.0,0.0,0.0,0.0,0.0,0.0,0.0,0.0,0.0,0.0,0.0,0.0,0.5832133293151855,0.0,0.0,0.0,3.831782341003418,0.0,0.0,0.0,0.0,0.0,0.0,0.0,0.0,0.0,22.327213287353516,0.0,0.0,0.0,0.0,0.0,0.0,0.0,0.0,0.0,0.0,0.0,0.0,16.01015281677246,0.0,0.0,0.0,0.0,0.0,0.0,0.0,0.0,0.0,0.0,0.0,0.0,0.0,0.0,0.0,0.0,0.0,28.775310516357422,0.0,0.0,0.0,0.0,0.0,15.457966804504395,0.0,15.45928955078125,17.649145126342773,0.0,0.0,0.0,0.0,0.0,0.5269730091094971,0.0,0.0,0.0,0.0,0.0,0.0,28.279460906982422,0.0,36.30512237548828,0.0,0.0,2.2051584720611572,0.0,0.0,0.0,0.0,0.0,0.0,0.0,0.0,0.0,0.0,0.0,0.0,0.0,0.0,0.0,0.0,0.0,0.0,0.0,0.0,0.0,0.0,0.0,0.0,0.0,0.0,0.0,0.0,1.4122259616851807,0.0,3.163900375366211,0.0,0.0,0.0,0.0,0.0,0.0,0.0,0.0,0.0,0.0,0.0,0.0,0.0,0.0,0.0,0.0,0.0,0.0,0.0,0.0,0.0,0.0,0.0,42.86782455444336,21.73307991027832,0.0,25.07400894165039,0.0,0.0,0.0,0.0,0.0,0.0,0.0,0.0,0.0,0.0,0.0,0.0,1.0427016019821167,0.0,0.0,0.0,0.0,0.0,0.0,0.0,0.0,0.0,0.0,0.0,0.0,0.0,0.0,0.0,0.0,0.0,0.0,0.0,0.0,0.0,0.0,0.0,6.3207011222839355,0.0,0.0,0.0,0.0,0.0,0.0,0.0,0.0,0.0,0.0,0.0,0.0,0.0,0.0,0.0,0.0,0.0,0.0,0.0,0.0,1.6329172849655151,0.0,0.0,0.0,0.0,0.0,16.64497184753418,0.0,0.0,0.0,0.0,0.0,0.0,0.0,0.0,0.0,2.1454625129699707,8.061721801757812,0.0,0.0,0.0,0.0,0.0,0.0,0.0,0.0,0.0,0.0,0.0,0.0,0.0,0.0,0.0,0.0,0.0,0.0,0.0,0.0,0.0,0.0,0.0,0.0,0.0,0.0,0.0,0.0,0.0,0.0,0.0,0.0,12.8633394241333,0.0,0.0,0.0,0.0,9.771637916564941,0.0,0.0,0.0,0.0,0.0,0.0,0.0,0.0,0.0,0.0,0.0,0.0,0.0,0.0,0.0,0.9862624406814575,0.0,0.0,25.794118881225586,0.0,0.0,0.0,0.0,0.0,0.0,0.0,0.0,0.0,0.0,0.0,0.0,0.0,0.0,0.0,0.0,0.0,0.0,0.0,0.0,0.0,0.0,46.03547286987305,0.0,0.0,0.0,0.0,0.0,2.96867036819458,0.0,0.0,0.0,0.0,0.0,0.0,0.0,0.0,0.0,0.0,0.0,0.0,0.0,9.98672103881836,0.0,0.0,0.0,0.0,0.0,0.0,0.0,0.0,0.0,0.0,0.0,0.0,0.0,0.0,0.0,0.0,0.0,0.0,0.0,0.0,0.0,0.0,0.0,0.0,0.0,0.0,0.0,0.0,0.0,0.0,0.0,0.0,0.0,0.0,0.0,0.0,0.0,0.0,0.0,0.0,0.0,0.0,0.0,0.0,0.0,0.0,0.0,0.0,0.0,0.0,0.0,0.0,0.0,0.0,0.0,0.0,0.0,0.0,0.0,7.47280740737915,0.0,0.0,0.0,73.25621032714844,0.0,0.0,0.0,0.0,0.0,0.0,0.0,0.0,25.73402976989746,0.0,0.0,0.0,1.3601980209350586,0.0,0.0,0.0,0.0,0.0,0.0,0.0,0.0,0.0,0.0,0.0,51.3922233581543,0.0,0.0,0.0,0.0,0.0,0.0,0.0,0.0,0.0,0.0,0.0,0.0,0.0,0.0,0.0,0.0,0.0,0.0,0.0,0.0,0.0,0.0,0.0,0.0,0.0,0.0,0.0,0.0,0.0,0.0,0.0,0.0,0.0,0.0,0.0,0.0,0.0,0.0,0.0,0.0,0.0,0.0,0.0,0.0,0.0,0.0,0.0,0.0,14.49906063079834,0.0,0.0,0.0,0.0,0.0,0.0,0.0,0.0,0.0,0.0,0.0,0.0,0.0,0.0,0.0,0.0,0.0,71.62785339355469,0.0,0.0,0.0,0.0,0.0,0.0,0.0,0.0,0.0,0.0,0.0,12.117321968078613,0.9220302104949951,0.0,0.0,0.0,0.0,0.0,0.0,0.0,0.0,0.0,0.0,0.0,0.0,0.0,0.0,0.0,0.0,0.0,0.0,0.0,0.0,0.0,0.0,0.0,0.0,0.0,0.0,0.0,0.0,0.0,0.0,0.0,0.0,0.0,0.0,0.0,0.0,0.0,5.593149185180664,0.0,0.0,0.0,3.1834769248962402,0.0,0.0,0.0,0.0,0.0,4.10875129699707,0.0,0.0,0.0,0.0,0.0,0.0,0.0,0.0,0.0,0.0,0.0,0.0,0.0,0.0,0.0,0.0,0.0,0.0,0.0,0.0,0.0,0.0,0.0,0.0,0.0,0.0,0.0,0.0,0.0,0.0,0.0,0.0,0.0,0.0,0.0,0.0,0.0,0.0,0.0,0.0,0.0,0.0,0.0,4.596561431884766,0.0,0.0,0.0,0.0,0.0,8.39126968383789,0.0,0.0,0.0,0.0,0.0,0.0,11.357914924621582,9.11950397491455,45.073421478271484,0.0,0.0,0.0,0.0,0.0,0.0,0.0,0.0,0.0,0.0,0.0,0.0,0.0,0.0,0.0,0.0,0.0,0.0,0.0,0.0,0.0,0.0,0.0,0.0,0.0,0.0,0.0,0.0,0.0,0.0,0.0,6.136112213134766,0.0,0.0,0.0,0.0,0.0,0.0,0.0,0.0,0.0,0.0,0.0,0.0,0.0,0.0,0.0,0.0,0.0,0.0,0.0,0.0,0.0,0.0,0.0,0.0,0.0,27.35576057434082,3.291473388671875,0.0,5.584224224090576,0.0,0.0,0.0,0.0,0.0,0.0,0.0,0.0,0.0,0.0,0.0,0.0,0.0,0.0,0.0,0.0,0.0,0.0,0.0,0.0,0.0,0.0,0.0,0.0,0.0,0.0,0.0,0.0,0.0,0.0,0.0,0.0,0.0,0.0,0.0,0.0,3.7563705444335938,0.0,0.0,0.0,0.0,0.0,0.0,0.0,0.0,0.0,0.0,0.0,0.0,0.0,0.0,0.0,0.0,0.0,0.0,0.0,0.0,0.0,0.0,0.0,0.0,0.0,0.0,1.178481936454773,1.0497938394546509,0.0,0.0,0.0,0.0,0.0,0.0,0.0,0.0,5.708759307861328,0.0,0.0,0.0,0.0,0.0,0.0,0.0,0.0,0.5411707162857056,0.0,0.0,0.0,0.0,0.0,0.0,0.0,0.0,0.0,0.0,0.0,0.0,0.0,0.0,0.0,7.2123541831970215,0.0,0.0,0.0,0.0,0.0,0.0,0.0,0.0,49.7645149230957,0.0,0.0,0.0,0.0,3.1660101413726807,0.0,0.0,0.0,0.0,0.0,0.0,0.0,0.0,0.0,0.0,0.0,0.0,0.0,0.0,0.0,0.0,0.0,0.0,21.815174102783203,0.0,0.0,0.0,0.0,0.0,0.0,0.0,0.0,0.0,0.0,0.0,0.0,0.0,0.0,0.0,0.0,0.0,0.0,0.0,0.0,0.0,0.0,59.99702453613281,0.0,0.0,0.0,0.0,0.0,0.0,0.0,0.0,0.0,0.0,0.0,0.0,0.0,0.0,0.0,0.0,0.0,0.0,0.0,10.883008003234863,0.0,0.0,0.0,0.0,0.0,0.0,0.0,0.0,0.0,0.0,0.0,0.0,0.0,0.0,0.0,0.0,0.0,0.0,0.0,0.0,0.0,0.0,0.0,0.0,0.0,0.0,0.0,0.0,0.0,0.0,0.0,0.0,0.0,0.0,0.0,0.0,0.0,0.0,0.0,0.0,0.0,0.0,0.0,0.0,0.0,0.0,0.0,1.1231788396835327,0.0,0.0,0.0,0.0,0.0,0.0,0.0,0.0,0.0,0.0,0.0,0.0,0.0,0.0,0.0,37.31956100463867,0.0,0.0,0.0,0.0,2.5041630268096924,0.0,0.0,0.0,24.361337661743164,0.0,0.0,0.0,0.0,0.0,0.0,0.0,0.0,0.0,0.0,0.0,0.0,0.0,0.0,0.0,51.525672912597656,0.0,0.0,0.0,0.0,0.0,0.0,0.0,0.0,0.0,0.0,0.0,0.0,0.0,0.0,0.0,0.0,0.0,0.0,0.0,0.0,0.0,0.0,0.0,0.0,0.0,0.0,0.0,0.0,0.0,0.0,0.0,0.0,0.20218558609485626,0.0,0.0,0.0,0.0,0.0,0.0,0.0,0.0,0.0,0.0,0.0,0.0,0.0,0.0,0.0,8.086946487426758,0.0,0.0,0.0,0.0,0.0,0.0,0.0,0.0,0.0,0.0,0.0,0.0,0.0,0.0,0.0,0.0,0.0,38.635929107666016,0.0,0.0,0.0,0.0,0.0,0.0,0.0,0.0,0.0,0.0,0.0,8.151955604553223,5.750065326690674,0.0,0.0,0.0,0.0,0.0,0.0,0.0,0.0,0.0,0.0,0.0,0.0,0.0,0.0,0.0,0.0,0.0,0.0,0.0,0.0,0.0,0.0,0.0,0.0,0.0,0.0,0.0,0.0,0.0,0.0,0.0,0.0,0.0,0.0,0.0,0.0,0.0,0.0,0.0,6.233315467834473,0.0,0.0,0.0,0.0,0.0,0.0,0.0,0.0,0.0,0.0,0.0,0.0,0.0,0.0,0.0,0.0,0.0,0.0,0.0,0.0,0.0,0.0,0.0,0.0,0.0,0.0,0.0,0.0,0.0,0.0,0.0,0.0,0.0,0.0,0.0,0.0,0.0,0.0,0.0,0.0,0.0,0.0,0.0,0.0,0.0,0.0,0.0,0.0,0.0,0.0,0.0,0.0,0.0,0.0,0.0,0.0,0.0,10.161272048950195,0.0,0.0,0.0,0.0,0.0,0.0,0.0,7.712830066680908,12.15057373046875,0.0,0.0,0.0,0.0,0.0,0.0,0.0,0.0,0.0,0.0,0.0,0.0,0.0,0.0,0.0,0.0,0.0,0.0,0.0,0.0,0.0,0.0,0.0,0.0,0.0,0.0,0.0,0.0,0.0,0.0,0.0,11.261685371398926,0.0,0.0,0.0,0.0,0.0,0.0,0.0,0.0,0.0,0.0,0.0,0.0,0.0,0.0,0.0,0.0,0.0,0.0,0.0,0.0,0.0,0.0,0.0,0.0,0.0,0.0,0.0,0.0,0.0,0.0,0.0,0.0,0.0,0.0,0.0,0.0,0.0,0.0,0.0,0.0,0.0,0.0,0.0,0.0,0.0,0.0,0.0,0.0,0.0,0.0,0.0,0.0,0.0,0.0,0.0,0.0,0.0,0.0,0.0,0.0,0.0,0.0,0.0,0.0,0.0,0.0,0.0,0.0,0.0,0.0,0.0,0.0,0.0,0.0,0.0,0.0,0.0,0.0,0.0,0.0,0.0,0.0,0.0,0.0,0.0,0.0,0.0,0.0,0.0,0.0,0.0,0.0,0.0,0.0,0.0,0.0,0.0,0.0,0.0,0.0,0.0,0.0,0.0,0.0,0.0,0.0,0.0,0.0,0.0,0.0,0.0,0.0,0.0,0.0,0.0,0.0,0.0,0.0,0.0,0.0,0.0,0.0,0.0,0.0,0.0,0.0,0.0,11.438192367553711,0.0,0.0,0.0,0.0,0.0,0.0,0.0,0.0,50.107177734375,0.0,0.0,0.0,0.0,0.0,0.0,0.0,0.0,0.0,0.0,0.0,0.0,0.0,0.0,0.0,0.0,0.0,0.0,0.0,0.0,0.0,0.0,0.0,8.05169677734375,0.0,0.0,0.0,0.0,0.0,0.0,0.0,0.0,0.0,0.0,0.0,0.0,0.0,0.0,0.0,0.0,1.5736535787582397,0.0,0.0,0.0,0.0,0.0,80.613037109375,0.0,0.0,0.0,0.0,0.0,0.0,0.0,0.0,0.0,0.0,0.0,0.0,0.0,0.0,0.0,0.0,0.0,0.0,1.2920113801956177,1.7559661865234375,0.0,0.0,0.0,0.0,0.0,0.0,0.0,0.0,0.0,0.0,0.0,0.0,0.0,0.0,0.0,0.0,0.0,0.0,0.0,0.0,0.0,0.0,0.0,0.0,0.0,0.0,0.0,0.0,0.0,0.0,0.0,0.0,0.0,0.0,0.0,0.0,0.0,0.0,0.0,0.0,0.0,0.0,0.0,0.0,0.0,0.0,0.0,0.0,0.0,0.0,0.0,0.0,0.0,0.0,0.0,0.0,0.0,0.0,0.0,0.0,0.0,0.0,0.0,24.645238876342773,0.0,0.0,0.0,0.0,0.0,0.0,0.0,0.0,0.0,0.0,0.0,0.0,0.0,0.0,0.0,0.0,0.0,0.0,0.0,0.0,0.0,0.0,0.0,0.0,20.439855575561523,0.0,0.0,0.0,0.0,0.0,0.0,0.0,0.0,0.0,0.0,1.2621339559555054,0.0,0.0,0.0,0.0,0.0,0.0,0.0,0.0,0.0,0.0,0.0,0.0,0.0,0.0,0.0,0.0,0.0,0.0,0.0,0.0,0.0,0.0,0.0,0.0,0.0,0.0,0.0,0.0,0.0,0.0,0.0,0.0,0.0,0.0,0.0,0.0,0.0,2.4234724044799805,0.0,0.0,0.0,0.0,0.0,0.0,0.0,0.0,0.0,0.0,0.0,0.0,0.0,0.0,0.0,0.0,0.0,19.48238182067871,0.0,0.0,0.0,0.0,0.0,0.0,0.0,0.0,0.0,0.0,0.0,0.0,0.0,0.0,0.0,0.0,0.0,0.0,0.0,0.0,0.0,0.0,0.0,0.0,0.0,0.0,0.0,0.0,0.0,0.0,0.0,0.0,0.0,0.0,0.0,0.0,0.0,0.0,0.0,0.0,0.0,0.0,0.0,11.692981719970703,0.0,0.0,0.0,0.0,0.0,0.0,0.0,0.0,0.0,0.0,0.0,0.0,0.0,0.0,0.0,0.0,0.0,0.0,0.0,0.0,0.0,0.0,0.0,0.0,0.0,0.0,0.0,0.0,0.0,0.0,0.0,0.0,0.0,0.0,0.0,0.0,0.0,0.0,0.0,0.0,0.0,0.0,0.0,0.0,0.0,0.0,0.0,0.0,0.0,0.0,0.0,0.0,0.0,0.0,0.0,0.0,0.0,0.0,0.0,0.0,0.0,0.0,0.0,0.0,0.0,0.0,0.0,0.0,0.0,0.0,0.0,0.0,0.0,0.0,0.0,8.108038902282715,0.0,0.0,0.0,0.0,0.0,0.0,0.0,0.0,0.0,0.0,0.0,0.0,0.0,0.0,0.0,0.0,0.0,0.0,0.0,0.0,0.0,0.0,0.0,0.0,0.0,0.0,0.0,0.0,0.0,0.0,0.0,6.922547340393066,0.0,0.0,0.0,0.0,0.0,0.0,0.0,0.0,0.0,0.0,0.0,0.0,0.0,0.0,0.0,0.0,0.0,0.0,0.0,0.0,0.0,0.0,0.0,0.0,0.0,0.0,0.0,0.0,0.0,0.0,0.0,0.0,0.0,0.0,0.0,0.0,0.0,0.0,0.0,0.0,0.0,0.0,0.0,0.0,0.0,0.0,0.0,0.0,0.0,0.0,0.0,0.0,0.0,0.0,0.0,0.0,0.0,0.0,0.0,0.0,0.0,0.0,0.0,0.0,0.0,0.0,0.0,0.0,0.0,0.0,0.0,0.0,0.0,0.0,0.0,0.0,0.0,0.0,0.0,0.0,0.0,0.0,0.0,0.0,0.0,0.0,0.0,0.0,0.0,0.0,0.0,0.0,0.0,0.0,0.0,0.0,0.0,0.0,0.0,0.0,0.0,0.0,0.0,0.0,0.0,0.0,0.0,0.0,0.0,0.0,0.0,0.0,0.0,0.0,0.0,0.0,0.0,0.0,0.0,0.0,0.0,0.0,0.0,0.0,0.0,0.0,0.0,5.547518730163574,0.0,0.0,0.0,0.0,0.0,0.0,0.0,0.0,43.49003982543945,0.0,0.0,0.0,0.0,0.0,0.0,0.0,0.0,0.0,0.0,0.0,0.0,0.0,0.0,0.0,0.0,0.0,0.0,0.0,0.0,0.0,0.0,0.0,0.0,0.0,0.0,0.0,0.0,0.0,0.0,0.0,0.0,0.0,0.0,0.0,0.0,0.0,0.0,0.0,0.0,0.0,0.0,0.0,0.0,0.0,0.0,105.70329284667969,0.0,0.0,0.0,0.0,0.0,0.0,0.0,0.0,0.0,0.0,0.0,0.0,0.0,0.0,0.0,0.0,0.0,0.0,0.0,0.0,0.0,0.0,0.0,0.0,0.0,0.0,0.0,0.0,0.0,0.0,0.0,0.0,0.0,0.0,0.0,0.0,0.0,0.0,0.0,0.0,0.0,0.0,0.0,0.0,0.0,0.0,0.0,0.0,0.0,0.0,0.0,0.0,0.0,0.0,0.0,0.0,0.0,0.0,0.0,0.0,0.0,0.0,0.0,0.0,0.0,0.0,0.0,0.0,0.0,0.0,0.0,0.0,0.0,0.0,0.0,0.0,0.0,0.0,0.0,0.0,0.0,0.0,0.0,49.03215408325195,0.0,0.0,0.0,0.0,0.0,0.0,0.0,0.0,0.0,0.0,0.0,0.0,0.0,0.0,0.0,0.0,0.0,0.0,0.0,0.0,0.0,0.0,0.0,0.0,0.0,0.0,0.0,0.0,0.0,0.0,0.0,0.0,0.0,0.0,0.0,10.305415153503418,0.0,0.0,0.0,0.0,0.0,0.0,0.0,0.0,0.0,0.0,0.0,0.0,0.0,0.0,0.0,0.0,0.0,0.0,0.0,0.0,0.0,0.0,0.0,0.0,0.0,0.0,0.0,0.0,0.0,0.0,0.0,0.0,0.0,0.0,0.0,0.0,0.0,0.0,0.0,0.0,0.0,0.0,0.0,0.0,0.0,0.0,0.0,0.0,0.0,0.0,0.0,0.0,0.0,0.0,0.0,0.0,0.0,0.0,0.0,0.0,0.0,0.0,0.0,0.0,0.0,0.0,0.0,0.0,0.0,0.0,0.0,0.0,0.0,0.0,0.0,0.0,0.0,0.0,0.0,0.0,0.0,0.0,0.0,0.0,0.0,0.0,0.0,0.0,0.0,0.0,0.0,0.0,0.0,0.0,0.0,0.0,0.0,0.0,0.0,5.461375713348389,0.0,0.0,0.0,0.0,0.0,0.0,0.0,0.0,0.0,0.0,0.0,0.0,0.0,0.0,0.0,0.0,0.0,0.0,0.0,0.0,0.0,0.0,0.0,0.0,0.0,0.0,0.0,0.0,0.0,0.0,0.0,0.0,0.0,0.0,0.0,0.0,0.0,0.0,0.0,0.0,0.0,0.0,0.0,0.0,0.0,0.0,0.0,0.0,0.0,0.0,0.0,0.0,0.0,0.0,0.0,0.0,0.0,0.0,0.0,0.0,0.0,0.0,0.0,0.0,0.0,0.0,0.0,0.0,0.0,0.0,0.0,0.0,0.0,0.0,0.0,17.748950958251953,0.0,0.0,0.0,0.0,0.0,0.0,0.0,0.0,0.0,0.0,0.0,0.0,0.0,0.0,0.0,0.0,0.0,0.0,0.0,0.0,0.0,0.0,0.0,0.0,0.0,0.0,0.0,0.0,0.0,0.0,0.0,8.396153450012207,0.0,0.0,0.0,0.0,0.0,0.0,0.0,0.0,0.0,0.0,0.0,0.0,0.0,0.0,0.0,0.0,0.0,0.0,0.0,0.0,0.0,0.0,0.0,0.0,0.0,0.0,0.0,0.0,0.0,0.0,0.0,0.0,0.0,0.0,0.0,0.0,0.0,0.0,0.0,0.0,0.0,0.0,0.0,0.0,0.0,0.0,0.0,0.0,0.0,0.0,0.0,0.0,0.0,0.0,0.0,0.0,0.0,0.0,0.0,0.0,0.0,0.0,0.0,0.0,0.0,0.0,0.0,0.0,0.0,0.0,0.0,0.0,0.0,0.0,0.0,0.0,0.0,0.0,0.0,0.0,0.0,0.0,0.0,0.0,0.0,0.0,0.0,0.0,0.0,0.0,0.0,0.0,0.0,0.0,0.0,0.0,0.0,0.0,0.0,0.0,0.0,0.0,0.0,0.0,0.0,0.0,0.0,0.0,0.0,0.0,0.0,0.0,0.0,0.0,0.0,0.0,0.0,0.0,0.0,0.0,0.0,0.0,0.0,0.0,0.0,0.0,0.0,0.0,0.0,0.0,0.0,0.0,0.0,0.0,0.0,0.0,28.407150268554688,0.0,0.0,0.0,0.0,0.0,0.0,0.0,0.0,0.0,0.0,0.0,0.0,0.0,0.0,0.0,0.0,0.0,0.0,0.0,0.0,0.0,0.0,0.0,3.9362847805023193,0.0,0.0,0.0,0.0,0.0,0.0,0.0,0.0,0.0,0.0,0.0,0.0,0.0,0.0,0.0,0.0,0.0,0.0,0.0,0.0,0.0,0.0,98.43487548828125,0.0,0.0,0.0,0.0,0.0,0.0,0.0,0.0,0.0,0.0,0.0,0.0,0.0,0.0,0.0,0.0,0.0,0.0,0.0,0.0,0.0,0.0,0.0,0.0,0.0,0.0,0.0,0.0,0.0,0.0,0.0,0.0,0.0,0.0,0.0,0.0,0.0,0.0,0.0,0.0,0.0,0.0,0.0,0.0,0.0,0.0,0.0,0.0,0.0,0.0,0.0,0.0,0.0,0.0,0.0,0.0,0.0,0.0,0.0,0.0,0.0,0.0,0.0,0.0,0.0,0.0,0.0,0.0,0.0,0.0,0.0,0.0,0.0,0.0,0.0,0.0,0.0,0.0,0.0,0.0,0.0,0.0,0.0,69.9166488647461,0.0,0.0,0.0,0.0,0.0,0.0,0.0,0.0,0.0,0.0,0.0,0.0,0.0,0.0,0.0,0.0,0.0,0.0,0.0,0.0,0.0,0.0,0.0,0.0,0.0,0.0,0.0,0.0,0.0,0.0,0.0,0.0,0.0,0.0,0.0,0.7635065317153931,0.0,0.0,0.0,0.0,0.0,0.0,0.0,0.0,0.0,0.0,0.0,0.0,0.0,0.0,0.0,0.0,0.0,0.0,0.0,0.0,0.0,0.0,0.0,0.0,0.0,0.0,0.0,0.0,0.0,0.0,0.0,0.0,0.0,0.0,0.0,0.0,0.0,0.0,0.0,0.0,0.0,0.0,0.0,0.0,0.0,0.0,0.0,0.0,0.0,0.0,0.0,0.0,0.0,0.0,0.0,11.37155818939209,0.0,0.0,0.0,0.0,0.0,0.0,0.0,0.0,0.0,0.3577950894832611,0.0,0.0,9.309455871582031,0.0,0.0,0.0,0.0,0.0,0.0,0.0,0.0,0.0,0.0,0.0,0.0,0.0,0.0,0.0,0.0,0.0,0.0,0.0,0.0,0.0,0.0,0.0,0.0,0.0,0.0,0.0,0.0,0.0,0.0,0.0,0.0,0.0,0.0,0.0,0.0,0.0,6.1675004959106445,0.0,0.0,0.0,0.0,0.0,0.0,0.0,0.0,0.0,0.0,0.0,0.0,0.0,0.0,0.0,0.0,0.0,0.0,0.0,0.0,0.0,0.0,0.0,0.0,0.0,0.0,0.0,0.0,0.0,0.0,0.0,0.0,0.0,0.0,0.0,0.0,0.0,7.7182207107543945,0.0,0.0,0.0,0.0,0.0,0.0,0.0,0.0,0.0,0.0,0.0,0.0,0.0,0.0,0.0,0.0,0.0,0.0,0.0,0.0,0.0,0.0,0.0,0.0,0.0,0.0,0.0,0.0,0.0,0.0,24.636722564697266,0.0,0.0,0.0,0.0,0.0,0.0,0.0,0.0,0.0,0.0,0.0,0.0,0.0,0.0,0.0,0.0,0.0,0.0,0.0,0.0,0.0,0.0,0.0,0.0,0.0,0.0,0.0,0.0,0.0,0.0,0.0,0.27820083498954773,0.0,0.0,0.0,0.0,0.0,0.0,0.0,0.0,0.0,0.0,0.0,0.0,0.0,0.0,0.7363471388816833,0.0,0.0,0.0,0.0,0.0,0.0,0.0,0.0,0.0,0.0,0.0,0.0,0.0,0.0,0.0,0.0,0.0,0.0,0.0,0.0,0.0,0.0,0.0,0.0,0.0,0.0,0.0,0.0,0.0,0.0,0.0,0.0,0.0,0.0,0.0,0.0,0.0,0.0,0.0,0.0,0.0,0.0,0.0,0.0,0.0,0.0,0.0,0.0,0.0,0.0,0.0,0.0,0.0,0.0,0.0,0.0,0.0,0.0,0.0,0.0,0.0,0.0,0.0,0.0,0.0,0.0,0.0,0.0,0.0,0.0,0.0,0.0,0.0,0.0,0.0,0.0,0.0,0.0,0.0,0.0,0.0,0.0,0.0,0.0,0.0,0.0,0.0,0.0,0.0,0.0,0.0,0.0,0.0,0.0,0.0,0.0,0.0,0.0,0.0,0.0,0.0,0.0,0.0,40.722816467285156,0.0,0.0,0.0,0.0,0.0,0.0,0.0,0.0,16.989303588867188,0.0,0.0,0.0,0.0,0.0,0.0,0.0,0.0,0.0,0.0,0.0,0.0,0.0,0.0,0.0,0.0,0.0,0.0,0.0,0.0,0.0,0.0,0.0,0.0,0.0,0.0,0.0,0.0,0.0,0.0,0.0,0.0,27.424028396606445,0.0,0.0,0.0,0.0,0.0,0.0,0.0,0.0,0.0,0.0,0.0,0.0,0.0,0.0,0.0,0.0,0.0,0.0,0.0,0.0,0.0,0.0,76.37344360351562,0.0,0.0,0.0,0.0,0.0,0.0,0.0,0.0,0.0,0.0,0.0,0.0,0.0,0.0,0.0,0.0,0.0,0.0,3.349058151245117,0.0,0.0,0.0,0.0,0.0,0.0,0.0,0.0,0.0,0.0,0.0,0.0,0.0,0.0,0.0,0.0,0.0,0.0,0.0,0.0,0.0,0.0,0.0,0.0,0.0,0.0,0.0,0.0,0.0,0.0,0.0,0.0,0.0,0.0,0.0,0.0,0.0,0.0,0.0,0.0,0.0,0.0,0.0,0.0,0.0,0.0,0.0,0.0,0.0,0.0,0.0,0.0,0.0,0.0,0.0,0.0,0.0,0.0,0.0,0.0,0.0,0.0,0.0,0.0,90.80494689941406,0.0,0.0,0.0,0.0,15.34199047088623,0.0,0.0,0.0,0.0,0.0,0.0,0.0,0.0,0.0,0.0,0.0,0.0,0.0,0.8692799806594849,0.0,0.0,0.0,0.0,0.0,0.0,0.0,0.0,0.0,0.0,0.0,0.0,0.0,0.0,0.0,0.0,3.955620765686035,0.0,0.0,8.425551414489746,0.0,0.0,0.0,0.0,0.0,0.0,0.0,0.0,3.3197743892669678,0.0,0.0,0.0,0.0,0.0,0.0,0.0,0.0,0.0,8.669244766235352,0.0,0.0,0.0,0.0,0.0,0.0,0.0,0.0,0.0,0.0,0.0,0.0,0.0,0.0,0.0,0.0,0.0,0.0,0.0,0.0,0.0,0.0,0.0,0.0,0.0,0.0,0.0,0.0,0.0,0.0,0.0,0.0,0.0,38.35322570800781,0.0,0.0,0.0,0.0,0.0,0.0,0.0,0.0,0.0,5.299881935119629,31.09710121154785,0.0,19.438987731933594,0.0,15.94368839263916,0.0,0.0,0.0,0.0,0.0,0.0,1.9453651905059814,0.0,0.0,0.0,0.0,0.0,0.0,0.0,0.0,0.0,0.0,0.0,0.0,0.0,0.0,0.0,0.0,0.0,0.0,0.0,0.0,0.0,0.0,0.0,0.0,0.0,0.0,0.0,0.0,22.480655670166016,0.0,0.0,0.0,5.200427532196045,0.0,0.0,16.562602996826172,0.0,0.0,0.0,0.0,0.0,5.488742351531982,0.0,0.0,0.0,0.0,0.0,0.0,0.0,0.0,0.0,0.0,0.0,0.0,0.0,0.0,0.0,0.0,0.0,0.0,0.0,2.739743232727051,0.0,0.0,0.0,0.0,17.26657485961914,0.0,0.0,0.0,0.0,0.0,0.0,0.0,0.0,0.0,0.0,0.0,0.0,2.8369407653808594,0.0,6.854221820831299,11.788625717163086,0.0,0.0,0.0,0.0,0.0,30.16862678527832,0.0,0.0,0.0,0.0,0.0,0.0,10.192049026489258,0.0,26.76850700378418,0.0,0.0,0.0,0.0,0.0,0.0,0.14868122339248657,0.0,0.0,0.0,0.0,0.0,0.0,0.0,0.0,0.0,0.0,0.0,0.0,0.0,0.0,0.0,0.0,0.0,0.0,0.0,0.0,0.0,0.0,0.0,0.0,0.0,0.0,23.368453979492188,0.0,0.0,0.0,0.0,0.0,0.0,0.0,0.0,0.0,0.0,0.0,0.0,0.0,0.0,0.0,0.0,0.0,0.0,0.0,0.0,0.0,0.0,0.0,0.0,0.0,0.0,0.0,0.0,0.0,0.0,0.0,0.0,0.0,0.0,0.0,0.0,0.0,0.0,0.0,0.0,0.0,0.0,0.0,0.0,0.0,0.0,0.0,0.0,0.0,0.0,0.0,0.0,0.0,0.0,0.0,0.0,0.0,0.0,6.130918502807617,0.0,0.0,0.0,0.0,0.0,0.0,0.0,0.0,0.0,25.210737228393555,0.0,0.0,0.0,0.0,0.0,0.0,0.0,0.0,0.0,0.0,0.0,0.0,0.0,0.0,0.0,0.0,0.0,0.0,0.0,0.0,0.0,0.0,4.018590927124023,0.0,0.0,0.0,0.0,0.0,0.0,0.0,0.9874869585037231,0.0,0.0,0.0,0.0,0.0,0.0,0.0,0.0,0.0,25.75634002685547,0.0,0.0,0.0,0.0,0.0,0.0,43.5313835144043,0.0,0.0,0.0,13.011564254760742,0.0,0.0,0.0,0.0,0.0,0.0,0.0,0.0,0.0,0.0,0.0,0.0,0.0,0.0,0.0,0.0,0.0,0.0,2.5997605323791504,0.0,0.0,0.0,0.0,0.0,0.0,0.0,0.0,3.7254247665405273,8.853535652160645,15.475818634033203,0.0,0.2968260645866394,0.0,0.0,0.0,0.0,0.0,45.13997268676758,11.446104049682617,0.0,0.0,0.0,0.0,0.0,0.0,0.0,0.0,0.0,0.0,0.0,0.0,0.0,0.0,0.0,0.0,0.0,0.0,0.0,0.0,0.0,82.14398193359375,0.0,0.0,0.0,0.0,2.8372156620025635,0.0,0.0,0.0,0.0,0.0,0.0,0.0,0.0,0.0,0.0,0.0,0.0,0.0,14.27035140991211,5.177120685577393,0.0,0.0,0.0,0.0,0.0,0.0,0.0,0.0,0.0,0.0,0.0,0.0,0.5915670990943909,0.0,0.0,0.0,4.354419231414795,0.0,0.0,0.0,0.0,0.0,0.0,0.0,0.0,0.0,0.0,0.0,0.0,0.0,0.0,0.0,0.0,0.0,0.0,0.0,0.0,0.0,0.0,0.0,0.0,0.0,0.0,0.0,0.0,0.0,0.0,0.0,0.0,0.0,0.0,0.0,0.0,0.0,0.0,0.0,0.0,0.0,0.0,0.0,0.0,0.0,0.0,23.20703125,0.0,0.0,0.0,0.0,0.0,0.0,0.0,0.0,0.0,0.0,0.0,0.0,0.0,0.0,0.0,0.0,0.0,0.0,0.0,0.0,0.0,0.0,0.0,0.0,13.497236251831055,0.0,0.0,0.0,0.0,0.0,0.0,0.0,0.0,0.0,0.0,0.0,0.0,0.0,0.0,0.0,0.0,0.0,0.0,0.0,0.0,0.0,3.005906820297241,0.0,0.0,0.0,0.0,0.0,0.0,0.0,0.0,0.0,0.0,0.0,0.0,0.0,0.0,0.0,0.0,0.0,0.0,0.0,0.0,0.0,0.0,0.0,0.0,0.0,0.0,0.0,0.0,0.0,0.0,0.0,0.0,0.0,0.0,0.0,0.0,0.0,0.0,0.0,0.0,0.0,0.0,0.0,0.0,64.54280853271484,0.0,0.0,0.0,0.0,0.0,0.0,0.0,0.0,0.0,0.0,0.0,0.0,32.46162033081055,0.0,0.0,0.0,0.0,0.0,0.0,0.0,0.0,0.0,0.0,0.0,0.0,0.0,0.0,0.0,0.0,0.0,0.0,0.0,0.0,0.0,0.0,0.0,0.0,0.0,0.0,0.0,0.0,0.0,0.0,0.0,0.0,0.0,0.0,0.0,0.0,0.0,0.0,0.0,11.811288833618164,0.0,0.0,0.0,0.0,0.0,0.0,0.0,0.0,0.0,0.0,0.0,0.0,0.0,0.0,0.0,0.0,0.0,0.0,0.0,0.0,0.0,0.0,0.0,0.0,0.0,0.0,0.0,0.0,0.0,0.0,0.0,0.0,0.0,0.0,0.0,0.0,0.0,0.0,0.0,0.0,0.0,0.0,0.0,0.0,0.0,0.0,0.0,0.0,0.0,0.0,0.0,0.0,0.0,0.0,0.0,0.0,0.0,0.0,0.0,0.0,0.0,0.0,0.0,0.0,0.0,0.0,25.578750610351562,0.0,0.0,0.0,0.0,0.0,0.0,0.0,0.0,0.0,0.0,0.0,0.0,0.0,0.0,0.0,0.0,0.0,0.0,0.0,0.0,0.0,0.0,0.0,0.0,0.0,0.0,0.0,0.0,0.0,0.0,0.0,0.0,0.0,0.0,0.0,0.0,0.0,0.0,0.0,0.0,0.0,0.0,0.0,0.0,0.0,0.0,0.0,0.0,0.0,0.0,0.0,0.0,0.0,0.0,0.0,0.0,0.0,1.1817680597305298,0.0,0.0,0.0,0.0,0.0,0.0,0.0,0.0,0.0,0.0,0.0,0.0,0.0,0.0,0.0,0.0,0.0,0.0,0.0,0.0,0.0,0.0,0.0,0.0,0.0,0.0,0.0,0.0,0.0,0.0,0.0,0.0,0.0,0.0,0.0,0.0,0.0,0.0,0.0,0.0,0.0,0.0,15.801190376281738,0.0,0.0,0.0,0.0,0.0,0.0,0.0,0.0,0.0,0.0,0.0,0.0,0.0,0.0,0.0,0.0,0.0,0.0,0.0,0.0,0.0,0.0,0.0,0.0,0.0,0.0,0.0,0.0,0.0,0.0,0.0,0.0,0.0,0.0,0.0,0.0,0.0,0.0,0.0,0.0,0.0,0.0,0.0,0.0,0.0,0.0,0.0,0.0,0.0,0.0,0.0,0.0,0.0,0.0,0.0,0.0,0.0,0.0,20.284059524536133,0.0,5.454524993896484,0.0,0.0,0.0,0.0,0.0,0.0,43.070838928222656,0.0,0.0,0.0,0.0,0.0,0.0,0.0,0.0,0.0,0.0,0.0,0.0,0.0,0.0,1.3030331134796143,0.0,0.0,0.0,0.0,0.0,0.0,0.0,0.0,0.0,0.0,0.0,0.0,0.0,0.0,0.0,0.0,0.0,0.0,0.0,0.0,0.0,0.0,0.0,0.0,0.0,0.0,0.0,0.0,1.5059521198272705,0.0,0.0,42.230899810791016,0.0,0.0,0.0,0.0,0.0,0.0,0.0,0.0,0.0,0.0,0.0,0.0,0.0,0.0,0.0,0.0,0.0,0.0,0.0,0.0,0.0,0.0,0.0,0.0,0.0,0.0,0.0,0.0,0.0,0.0,0.0,0.0,0.0,0.0,0.0,0.0,0.0,0.0,0.0,0.0,0.0,0.0,0.0,0.0,0.0,0.0,0.0,0.0,32.219303131103516,0.0,0.0,0.0,0.0,0.0,0.0,0.0,0.0,0.0,0.0,0.0,0.0,0.0,0.0,0.0,0.0,0.0,0.0,0.0,0.0,0.0,0.0,0.0,0.0,0.0,0.0,0.0,0.0,0.0,0.0,0.0,0.0,0.0,0.0,0.0,0.0,0.0,0.0,0.0,0.0,0.0,0.0,0.0,0.0,0.0,0.0,0.0,24.423067092895508,0.0,0.0,0.0,0.0,0.0,0.0,0.0,0.0,0.0,0.0,0.0,0.0,0.0,0.0,0.0,0.0,0.0,0.0,0.0,0.0,0.0,0.0,0.0,0.0,0.0,0.0,0.0,0.0,0.0,0.0,0.0,0.0,0.0,0.0,0.0,0.0,0.0,0.0,0.0,0.0,0.0,0.0,0.0,0.0,0.0,0.0,0.0,0.0,0.0,0.0,0.0,0.0,0.0,0.0,0.0,0.0,0.0,0.0,0.0,0.0,0.0,0.0,0.0,0.0,0.0,0.0,0.0,0.0,0.0,0.0,0.0,0.0,0.0,0.0,20.975317001342773,0.0,0.0,0.0,45.77986145019531,0.0,0.0,0.0,0.0,0.0,0.0,0.0,0.0,0.0,0.0,0.0,0.0,6.58073616027832,0.0,0.0,0.0,0.0,0.0,0.0,0.0,0.0,0.0,0.0,0.0,0.0,0.0,0.0,0.0,0.0,0.0,0.0,0.0,0.0,0.0,0.0,0.0,0.0,0.0,0.0,0.0,0.0,0.0,0.0,0.0,0.0,0.0,0.0,0.0,0.0,0.0,0.0,4.750086307525635,1.2575691938400269,0.0,0.0,0.0,0.0,0.0,0.0,0.0,0.0,0.0,0.0,0.0,0.0,0.0,0.0,0.0,0.0,0.0,0.0,0.0,0.0,0.0,0.0,0.0,0.0,0.0,0.0,0.0,0.0,0.0,0.0,0.0,0.0,0.0,0.0,0.0,0.0,0.0,0.0,0.0,0.0,0.0,0.0,0.0,0.0,0.0,0.0,0.0,0.0,0.0,0.0,0.0,0.0,0.0,0.0,14.265090942382812,0.0,0.0,0.0,0.0,0.0,0.0,0.0,0.0,0.0,0.0,0.0,40.4661979675293,0.0,0.0,0.0,0.0,0.0,0.0,0.0,8.250913619995117,0.0,0.0,0.0,0.0,0.0,0.0,0.0,0.0,0.0,0.0,0.0,0.0,0.0,0.0,0.0,0.0,0.0,0.0,0.0,0.0,0.0,0.0,0.0,0.0,0.0,0.0,0.0,0.0,0.0,0.0,0.0,0.0,0.0,0.0,0.0,0.0,0.0,0.0,0.0,0.0,0.0,0.0,0.0,0.0,0.0,0.0,0.0,0.0,0.0,0.0,0.0,0.0,0.0,0.0,0.0,0.0,0.0,0.0,0.0,0.0,0.0,0.0,0.0,0.0,0.0,0.0,0.0,0.0,0.0,0.0,0.0,0.0,0.0,0.0,0.0,0.0,0.0,0.0,0.0,0.0,0.0,0.0,0.0,0.0,0.0,0.0,0.0,0.0,0.0,0.0,0.0,0.0,7.63209342956543,0.0,0.0,0.0,0.0,0.0,0.0,0.0,0.0,0.0,0.0,0.0,0.0,0.0,0.0,0.0,0.0,0.0,0.0,0.0,0.0,0.0,0.0,0.0,0.0,0.0,0.0,0.0,0.0,0.0,0.0,0.0,0.0,0.0,0.0,0.0,0.0,0.0,0.0,0.0,0.0,0.0,0.0,0.0,0.0,0.0,0.0,0.0,0.0,0.0,0.0,0.0,0.0,0.0,0.0,0.0,0.0,0.0,0.0,53.7534294128418,0.0,0.0,0.0,0.0,0.0,0.0,0.0,0.0,71.9578857421875,0.0,0.0,0.0,0.0,0.0,0.0,0.0,0.0,0.0,0.0,0.0,0.0,0.0,0.0,0.0,0.0,0.0,0.0,0.0,0.0,0.0,0.0,0.0,0.0,0.0,0.0,0.0,0.0,0.0,0.0,0.0,0.0,0.0,0.0,0.0,0.0,0.0,0.0,0.0,0.0,0.0,0.0,0.0,4.737240314483643,0.0,0.0,54.44844436645508,0.0,0.0,0.0,0.0,0.0,0.0,0.0,0.0,0.0,0.0,0.0,0.0,0.0,0.0,0.0,0.0,0.0,0.0,0.0,0.0,0.0,0.0,0.0,0.0,0.0,0.0,0.0,0.0,0.0,0.0,0.0,0.0,0.0,0.0,0.0,0.0,0.0,0.0,0.0,0.0,0.0,0.0,0.0,0.0,0.0,0.0,0.0,0.0,34.72599792480469,0.0,0.0,0.0,0.0,0.0,0.0,0.0,0.0,0.0,0.0,0.0,0.0,0.0,0.0,0.0,0.0,0.0,0.0,4.1293768882751465,0.0,0.0,0.0,0.0,0.0,0.0,0.0,0.0,0.0,0.0,0.0,0.0,0.0,0.0,0.0,0.0,0.0,0.0,0.0,0.0,0.0,0.0,0.0,0.0,0.0,0.0,0.0,0.0,18.12360954284668,0.0,0.0,0.0,0.0,0.0,0.0,0.0,0.0,0.0,0.0,0.0,0.0,0.0,0.0,0.0,0.0,0.0,0.0,0.0,0.0,0.0,0.0,0.0,0.0,0.0,0.0,0.0,0.0,0.0,0.0,0.0,0.0,0.0,0.0,2.0985605716705322,0.0,0.0,0.0,0.0,0.0,0.0,0.0,0.0,0.0,0.0,0.0,0.0,0.0,0.0,0.0,0.0,0.0,0.0,0.0,0.0,0.0,0.0,0.0,0.0,0.0,2.250265121459961,0.0,0.0,0.0,0.0,0.0,0.0,0.0,0.0,0.0,0.0,0.0,0.0,0.0,12.615281105041504,0.0,0.0,0.0,0.0,0.0,0.0,0.0,0.0,0.0,0.0,0.0,0.0,0.0,0.0,0.0,0.0,8.984111785888672,0.0,0.0,0.0,0.0,0.0,0.0,0.0,0.0,0.0,0.0,0.0,0.0,0.0,0.0,0.0,0.0,0.0,0.0,0.0,0.0,0.0,0.0,0.0,0.0,0.0,0.0,0.0,0.0,0.0,0.0,0.0,0.0,0.0,0.0,0.0,0.0,0.0,0.0,7.290660858154297,15.817098617553711,0.0,0.0,0.0,0.0,0.0,0.0,0.0,0.0,0.0,0.0,0.0,0.0,0.0,0.0,0.0,0.0,0.0,0.0,0.0,0.0,0.0,0.0,0.0,0.0,0.0,0.0,0.0,0.0,0.0,0.0,0.0,0.0,0.0,0.0,0.0,0.0,0.0,0.0,0.0,0.0,0.0,0.0,0.0,0.0,0.0,0.0,0.0,0.0,0.0,0.0,0.0,0.0,0.0,0.0,0.0,0.0,0.0,0.0,0.0,0.0,0.0,0.0,0.0,0.0,0.0,0.0,14.040846824645996,0.0,0.0,0.0,0.0,0.0,0.0,0.0,8.385331153869629,0.0,0.0,0.0,0.0,0.0,0.0,0.0,0.0,0.0,0.0,0.0,0.0,0.0,0.0,0.0,0.0,0.0,0.0,0.0,0.0,0.0,0.0,0.0,0.0,0.0,0.0,0.0,0.0,0.0,0.0,0.0,0.0,0.0,0.0,0.0,0.0,0.0,0.0,0.0,0.0,0.0,0.0,0.0,0.0,0.0,0.0,0.0,0.0,0.0,0.0,0.0,0.0,0.0,0.0,0.0,0.0,0.0,0.0,0.0,0.0,0.0,0.0,0.0,0.0,0.0,0.0,0.0,0.0,0.0,0.0,0.0,0.0,0.0,0.0,0.0,0.0,0.0,0.0,0.0,0.0,0.0,0.0,0.0,0.0,0.0,0.0,0.0,0.0,0.0,0.0,0.0,0.0,0.0,0.0,0.0,0.0,0.0,0.0,0.0,0.0,0.0,0.0,0.0,0.0,0.0,0.0,0.0,0.0,0.0,0.0,0.0,0.0,0.0,0.0,0.0,0.0,0.0,0.0,0.0,0.0,0.0,0.0,0.0,0.19591885805130005,0.0,0.0,0.0,0.0,0.0,0.0,0.0,0.0,0.0,0.0,0.0,0.0,0.0,0.0,0.0,0.0,0.0,0.0,0.0,0.0,0.0,0.0,0.0,0.0,0.6892313361167908,0.0,0.0,59.44279861450195,0.0,0.0,0.0,0.0,0.0,0.0,0.0,0.0,60.71366500854492,0.0,0.0,0.0,0.0,0.0,0.0,0.0,0.0,0.0,0.0,0.0,0.0,0.0,0.0,0.0,0.0,0.0,0.0,0.0,0.0,0.0,0.0,0.0,0.0,0.0,0.0,0.0,0.0,0.0,0.0,0.0,0.0,0.0,0.0,0.0,0.0,0.0,0.0,0.0,0.0,0.0,0.0,0.0,0.0,0.0,0.0,61.287410736083984,0.0,0.0,0.0,0.0,0.0,0.0,0.0,0.0,0.0,0.0,0.0,0.0,0.0,0.0,0.0,0.0,0.0,0.0,0.0,0.0,0.0,0.0,0.0,0.0,0.0,0.0,0.0,0.0,0.0,0.0,0.0,0.0,0.0,0.0,0.0,0.0,0.0,0.0,0.0,0.0,0.0,0.0,0.0,0.0,0.0,0.0,0.0,0.0,11.353790283203125,0.0,0.0,0.0,0.0,0.0,0.0,0.0,0.0,0.0,0.0,0.0,0.0,0.0,0.0,0.0,0.0,0.0,0.0,6.473839282989502,0.0,0.0,0.0,0.0,0.5418707728385925,0.0,0.0,0.0,0.0,0.0,0.0,0.0,0.0,0.0,0.0,0.0,0.0,0.0,0.0,0.0,0.0,0.0,0.0,0.0,0.0,0.0,0.0,0.0,0.0,0.0,0.0,0.0,0.0,0.0,0.0,0.0,0.0,0.0,0.0,0.0,0.0,0.0,0.0,0.0,0.0,0.0,0.0,0.0,0.0,0.0,0.0,0.0,0.0,0.0,0.0,0.0,0.0,0.0,0.0,0.0,0.0,0.0,0.0,17.27257537841797,0.0,0.0,0.0,0.0,0.0,0.0,0.0,0.0,0.0,0.0,0.0,0.0,0.0,0.0,0.0,0.0,0.0,0.0,0.0,0.0,0.0,0.0,0.0,0.0,0.0,18.640342712402344,0.0,0.0,0.0,0.0,0.0,0.0,0.0,0.0,0.0,0.0,0.0,0.0,0.0,0.0,0.0,0.0,0.0,0.0,0.0,0.0,0.0,0.0,0.0,0.0,0.0,0.0,0.0,0.0,0.0,0.0,0.0,0.0,0.0,0.0,0.0,0.0,0.0,0.0,0.0,0.0,0.0,0.0,0.0,0.0,0.0,0.0,0.0,0.0,0.0,0.0,0.0,0.0,0.0,0.0,0.0,0.0,0.0,0.0,0.0,0.0,0.0,0.0,0.0,0.0,0.0,0.0,0.0,0.0,0.0,22.680919647216797,0.0,0.0,0.0,0.0,0.0,0.0,0.0,0.0,0.0,0.0,0.0,0.0,0.0,0.0,0.0,0.0,0.0,0.0,0.0,0.0,0.0,0.0,0.0,0.0,0.0,0.0,0.0,0.0,0.0,0.0,0.0,0.0,0.0,0.0,0.0,0.0,0.0,0.0,0.0,0.0,0.0,0.0,0.0,0.0,0.0,0.0,0.0,0.0,0.0,0.0,0.0,0.0,0.0,0.0,0.0,0.0,0.0,0.0,0.0,0.0,0.0,0.0,0.0,9.610153198242188,0.0,0.0,0.0,0.0,0.0,0.0,0.0,0.0,0.0,0.0,0.0,0.0,0.0,20.3625545501709,0.0,0.0,0.0,0.0,0.0,0.0,0.0,0.0,0.0,0.0,0.0,0.0,0.0,0.0,0.0,0.0,0.0,0.0,0.0,0.0,0.0,0.0,0.0,0.0,0.0,0.0,0.0,0.0,0.0,0.0,0.0,0.0,0.0,0.0,0.0,0.0,12.802528381347656,0.0,0.0,0.0,0.0,0.0,0.0,0.0,0.0,0.0,0.0,0.0,0.0,0.0,0.0,0.0,0.0,0.0,0.0,0.0,0.0,0.0,0.0,0.0,0.0,0.0,0.0,0.0,0.0,0.0,0.0,0.0,0.0,0.0,0.0,0.0,0.0,0.0,0.0,0.0,0.0,0.0,0.0,0.0,0.0,0.0,0.0,0.0,0.0,0.0,0.0,0.0,0.0,0.0,0.0,0.0,0.0,0.0,0.0,0.0,0.0,0.0,0.0,0.0,0.0,0.0,0.0,0.0,0.0,0.0,0.0,0.0,0.0,0.0,0.0,0.0,0.0,0.0,0.0,0.0,0.0,0.0,0.0,0.0,0.0,3.7851736545562744,0.0,0.0,0.0,0.0,0.0,0.0,0.0,0.0,0.0,0.0,0.0,0.0,0.0,0.0,0.0,0.0,0.0,0.0,0.0,0.0,0.0,0.0,0.0,0.0,0.0,0.0,0.0,5.214829921722412,0.0,0.0,0.0,0.0,0.0,0.0,0.0,0.0,0.0,0.0,0.0,0.0,0.0,0.0,0.0,0.0,0.0,0.0,0.0,0.0,0.0,0.0,0.0,0.0,0.0,0.0,0.0,0.0,0.0,0.0,0.0,0.0,0.0,0.0,0.0,0.0,0.0,0.0,0.0,0.0,0.0,0.0,0.0,0.0,0.0,0.0,0.0,0.0,0.0,0.0,0.0,0.0,0.0,0.0,0.0,53.1832160949707,0.0,0.0,0.0,0.0,0.0,0.0,0.0,0.0,0.0,0.0,0.0,0.0,0.0,0.0,0.0,0.0,0.0,0.0,0.0,0.0,0.0,0.0,0.0,0.0,0.0,0.0,0.0,0.0,0.0,0.0,0.0,0.0,0.0,0.0,0.0,0.0,0.0,0.0,0.0,0.0,0.0,0.0,0.0,0.0,0.0,0.0,0.0,0.0,0.0,0.0,0.0,0.0,0.0,0.0,0.0,0.0,0.0,0.0,0.0,0.0,0.0,0.0,0.0,0.0,0.0,0.0,0.0,0.0,0.0,0.0,0.0,0.0,0.0,0.0,0.0,0.0,0.0,0.0,0.0,0.0,0.0,0.0,0.0,0.0,0.0,0.0,0.0,0.0,0.0,0.0,0.0,0.0,0.0,0.0,0.0,0.0,0.0,0.0,0.0,0.0,0.0,0.0,0.0,0.0,0.0,0.0,0.0,0.0,0.0,0.0,0.0,0.0,0.0,0.0,0.0,0.0,0.0,0.0,0.0,0.0,0.0,0.0,0.0,0.0,0.0,0.0,0.0,0.0,0.0,0.0,0.0,8.186245918273926,0.0,0.0,0.0,0.0,0.0,0.0,0.0,0.0,0.0,0.0,0.0,0.0,0.0,0.0,0.0,0.0,0.0,0.0,0.0,0.0,0.0,0.0,0.0,0.0,0.0,10.091411590576172,0.0,0.0,0.0,0.0,0.0,0.0,0.0,0.0,0.0,0.0,0.0,0.0,0.0,0.0,0.0,0.0,0.0,0.0,0.0,0.0,0.0,0.0,0.0,0.0,0.0,0.0,0.0,0.0,0.0,0.0,1.551711082458496,0.0,0.0,0.0,0.0,0.0,0.0,0.0,0.0,0.0,0.0,0.0,0.0,0.0,0.0,0.0,0.0,0.0,0.0,0.0,0.0,0.0,0.0,0.0,0.0,0.0,0.0,0.0,0.0,0.0,0.0,0.0,0.0,0.0,0.0,0.0,0.0,0.0,0.0,5.833439350128174,0.0,0.0,0.0,0.0,0.0,0.0,0.0,0.0,0.0,0.0,0.0,0.0,0.0,0.0,0.0,0.0,0.0,0.0,0.0,0.0,0.0,0.0,0.0,0.0,0.0,0.0,0.0,0.0,0.0,0.0,0.0,0.0,0.0,0.0,0.0,0.0,0.0,0.0,0.0,0.0,0.0,0.0,0.0,0.0,0.0,0.0,0.0,0.0,0.0,0.0,0.0,0.0,0.0,0.0,0.0,0.0,0.0,0.0,0.0,0.0,0.0,0.0,0.0,10.269780158996582,0.0,0.0,0.0,0.0,0.0,0.0,0.0,0.0,0.0,0.0,0.0,0.0,0.0,19.818134307861328,0.0,0.0,0.0,0.0,0.0,0.0,0.0,0.0,0.0,0.0,0.0,0.0,0.0,0.0,0.0,0.0,0.0,0.0,0.0,0.0,0.0,0.0,0.0,0.0,0.0,0.0,0.0,0.0,0.0,0.0,0.0,0.0,0.0,0.0,0.0,0.0,0.0,0.0,0.0,0.0,0.0,0.0,0.0,0.0,0.0,0.0,0.0,0.0,0.0,0.0,0.0,0.0,0.0,0.0,0.0,0.0,0.0,0.0,0.0,0.0,0.0,0.0,0.0,0.0,0.0,0.0,0.0,0.0,0.0,0.0,0.0,0.0,0.0,0.0,0.0,0.0,0.0,0.0,0.0,0.0,0.0,0.0,0.0,0.0,0.0,0.0,0.0,0.0,0.0,0.0,0.0,0.0,0.0,0.0,0.0,0.0,0.0,0.0,0.0,0.0,0.0,0.0,0.0,0.0,0.0,0.0,0.0,0.0,0.0,0.0,0.0,0.0,0.0,0.0,0.0,0.0,0.0,0.0,0.0,0.0,0.0,0.0,0.0,0.0,0.0,0.0,0.0,0.0,0.0,0.0,0.0,0.0,0.0,0.0,0.0,0.0,0.0,0.0,0.0,0.0,0.0,0.0,0.0,0.0,0.0,0.0,0.0,0.0,0.0,7.984403133392334,0.0,0.0,0.0,0.0,0.0,0.0,0.0,0.0,0.0,0.0,0.0,0.0,0.0,0.0,0.0,0.0,0.0,0.0,0.0,0.0,0.0,0.0,0.0,0.0,0.0,0.0,0.0,0.0,0.0,0.0,0.0,0.0,0.0,0.0,0.0,0.0,0.0,0.0,0.0,0.0,0.0,0.0,0.0,0.0,0.0,0.0,0.0,0.0,0.0,0.0,0.0,0.0,0.0,0.0,0.0,36.94820022583008,0.0,0.0,0.0,0.0,0.0,0.0,0.0,0.0,0.0,0.0,0.0,0.0,0.0,0.0,0.0,0.0,0.0,0.0,0.0,0.0,0.0,0.0,0.0,0.0,0.0,0.0,0.0,0.0,0.0,0.0,0.0,0.0,0.0,0.0,0.0,0.0,0.0,0.0,0.0,0.0,0.0,0.0,0.0,0.0,0.0,0.0,0.0,0.0,0.0,0.0,0.0,0.0,0.0,0.0,0.0,0.0,0.0,0.0,0.0,0.0,0.0,0.0,0.0,0.0,0.0,0.0,0.0,0.0,0.0,0.0,0.0,0.0,0.0,0.0,0.0,0.0,0.0,0.0,0.0,0.0,0.0,0.0,0.0,0.0,0.0,0.0,0.0,0.0,0.0,0.0,0.0,0.0,0.0,0.0,0.0,0.0,0.0,0.0,0.0,0.0,0.0,0.0,0.0,0.0,0.0,0.0,0.0,0.0,0.0,0.0,0.0,0.0,0.0,0.0,0.0,0.0,0.0,0.0,0.0,0.0,0.0,0.0,0.0,0.0,0.0,0.0,0.0,0.0,0.0,0.0,0.0,0.0,0.0,0.0,0.0,0.0,0.0,0.0,0.0,0.0,0.0,0.0,0.0,0.0,0.0,0.0,0.0,0.0,0.0,0.0,0.0,0.0,0.0,0.0,0.0,0.0,0.0,0.0,0.0,0.0,0.0,0.0,0.0,0.0,0.0,0.0,0.0,0.0,0.0,0.0,0.0,0.0,0.0,0.0,0.0,0.0,0.0,0.0,0.0,0.0,0.0,0.0,0.0,0.0,0.0,0.0,0.0,0.0,12.79995059967041,0.0,0.0,0.0,0.0,0.0,0.0,0.0,0.0,0.0,0.0,0.0,0.0,0.0,0.0,0.0,0.0,0.0,0.0,0.0,0.0,0.0,0.0,0.0,0.0,0.0,0.0,0.0,0.0,0.0,0.0,0.0,0.0,0.0,0.0,0.0,0.0,0.0,0.0,0.0,0.0,0.0,0.0,0.0,0.0,0.0,0.0,0.0,0.0,0.0,0.0,0.0,0.0,0.0,0.0,0.0,0.0,0.0,0.0,0.0,0.0,0.0,0.0,0.0,0.0,0.0,0.0,0.0,0.0,0.0,0.0,0.0,0.0,0.0,0.0,0.0,0.0,0.0,0.0,0.0,0.0,0.0,0.0,0.0,0.0,0.0,0.0,0.0,0.0,0.0,0.0,0.0,0.0,0.0,0.0,0.0,0.0,0.0,0.0,0.0,0.0,0.0,0.0,0.0,0.0,0.0,0.0,18.449745178222656,0.0,0.0,0.0,0.0,0.0,0.0,0.0,20.789424896240234,0.0,0.0,0.0,0.0,0.0,0.0,0.0,0.0,0.0,0.0,0.0,0.0,0.0,0.0,0.0,0.0,0.0,0.0,0.0,0.0,0.0,0.0,0.0,0.0,0.0,0.0,0.0,0.0,0.0,0.0,0.0,0.0,0.0,0.0,0.0,0.0,0.0,0.0,0.0,0.0,0.0,0.0,0.0,0.0,0.0,0.0,0.0,0.0,0.0,0.0,0.0,0.0,0.0,0.0,0.0,0.0,0.0,0.0,0.0,0.0,0.0,0.0,0.0,0.0,0.0,0.0,0.0,0.0,0.0,0.0,0.0,0.0,0.0,0.0,0.0,0.0,0.0,0.0,0.0,0.0,0.0,0.0,0.0,0.0,0.0,0.0,0.0,0.0,0.0,0.0,0.0,0.0,0.0,0.0,0.0,0.0,0.0,0.0,0.0,0.0,0.0,0.0,0.0,0.0,0.0,0.0,0.0,0.0,0.0,0.0,0.0,0.0,0.0,0.0,0.0,0.0,0.0,0.0,0.0,0.0,0.0,0.0,0.0,0.0,0.0,0.0,0.0,0.0,0.0,0.0,0.0,0.0,0.0,0.0,0.0,0.0,0.0,0.0,0.0,0.0,0.0,0.0,0.0,0.0,0.0,0.0,0.0,0.0,0.0,0.0,0.0,43.463436126708984,0.0,0.0,0.0,0.0,0.0,0.0,0.0,0.0,0.0,0.0,0.0,0.0,0.0,0.0,0.0,0.0,0.0,0.0,0.0,0.0,0.0,0.0,0.0,0.0,0.0,0.0,0.0,0.0,0.0,0.0,0.0,0.0,2.4730064868927,0.0,0.0,0.0,0.0,0.0,0.0,0.0,0.0,0.0,0.0,0.0,0.0,0.0,0.0,0.0,0.0,0.0,0.0,0.0,0.0,0.0,0.0,56.75352096557617,0.0,0.0,0.0,0.0,0.0,0.0,0.0,0.0,0.0,0.0,0.0,0.0,0.0,0.0,0.0,0.0,0.0,0.0,0.0,0.0,0.0,0.0,0.0,0.0,0.0,0.0,0.0,0.0,0.0,0.0,0.0,0.0,0.0,0.0,0.0,0.0,0.0,0.0,0.0,0.0,0.0,0.0,0.0,0.0,0.0,0.0,0.0,0.0,0.0,0.0,0.0,0.0,0.0,0.0,0.0,0.0,0.0,0.0,0.0,0.0,0.0,0.0,0.0,0.0,0.0,0.0,0.0,0.0,0.0,0.0,0.0,0.0,0.0,0.0,0.0,0.0,0.0,0.0,0.0,0.0,0.0,0.0,0.0,43.932437896728516,0.0,0.0,0.0,0.0,0.0,0.0,0.0,0.0,0.0,0.0,0.0,0.0,0.0,0.0,0.0,0.0,0.0,0.0,0.0,0.0,0.0,0.0,0.0,0.0,0.0,0.0,0.0,0.0,0.0,0.0,0.0,0.0,0.0,0.0,0.0,0.0,0.0,0.0,0.0,0.0,0.0,0.0,0.0,0.0,0.0,0.0,0.0,0.0,0.0,0.0,0.0,0.0,0.0,0.0,0.0,0.0,0.0,0.0,0.0,0.0,0.0,0.0,0.0,0.0,0.0,0.0,0.0,0.0,0.0,0.0,0.0,0.0,0.0,0.0,0.0,0.0,0.0,0.0,0.0,0.0,0.0,0.0,0.0,0.0,0.0,0.0,0.0,0.0,0.0,0.0,0.0,19.41871452331543,0.0,0.0,0.0,0.0,0.0,0.0,0.0,0.0,0.0,0.0,0.0,0.0,15.654343605041504,0.0,0.0,0.0,0.0,0.0,0.0,0.0,0.0,0.0,0.0,0.0,0.0,0.0,0.0,0.0,0.0,0.0,0.0,0.0,0.0,0.0,0.0,0.0,0.0,0.0,0.0,0.0,0.0,0.0,0.0,0.0,0.0,0.0,0.0,0.0,0.0,0.0,0.0,0.0,0.0,0.0,0.0,0.0,0.0,0.0,0.0,0.0,0.0,0.0,0.0,0.0,0.0,0.0,0.0,0.0,0.0,0.0,0.0,0.0,0.0,0.0,0.0,0.0,0.0,0.0,0.0,0.0,0.0,0.0,0.0,0.0,0.0,0.0,0.0,0.0,0.0,0.0,0.0,0.0,0.0,0.0,0.0,0.0,0.0,0.0,0.0,0.0,0.0,0.0,0.0,0.0,0.0,0.0,0.0,0.0,0.0,0.0,5.855118274688721,0.0,0.0,0.0,0.0,0.0,0.0,0.0,0.0,45.40530014038086,0.0,0.0,0.0,0.0,0.0,0.0,0.0,36.02029037475586,0.0,0.0,0.0,0.0,0.0,0.0,0.0,0.0,0.0,0.0,0.0,0.0,0.0,0.0,0.0,0.0,0.0,0.0,0.0,0.0,0.0,0.0,0.0,0.0,0.0,0.0,0.0,0.0,0.0,0.0,0.0,0.0,0.0,0.0,0.0,0.0,0.0,0.0,0.0,0.0,0.0,0.0,0.0,0.0,0.0,0.0,0.0,0.0,0.0,0.0,0.0,0.0,0.0,0.0,0.0,0.0,0.0,0.0,0.0,0.0,0.0,0.0,0.0,0.0,0.0,0.0,0.0,0.0,0.0,0.0,0.0,0.0,0.0,0.0,0.0,0.0,0.0,0.0,0.0,0.0,0.0,0.0,0.0,0.0,0.0,0.0,0.0,0.0,0.0,0.0,0.0,0.0,0.0,0.0,0.0,0.0,0.0,0.0,0.0,0.0,0.0,0.0,0.0,0.0,0.0,0.0,0.0,0.0,0.0,0.0,0.0,0.0,0.0,0.0,0.0,0.0,0.0,0.0,0.0,0.0,0.0,0.0,0.0,0.0,0.0,0.0,0.0,0.0,0.0,0.0,0.0,0.0,0.0,0.0,0.0,0.0,0.0,0.0,0.0,0.0,0.0,0.0,0.0,0.0,0.0,0.0,0.0,0.0,0.0,0.0,0.0,28.2099609375,0.0,0.0,0.0,0.0,0.0,0.0,0.0,0.0,16.624576568603516,0.0,0.0,0.0,0.0,0.0,0.0,0.0,0.0,0.0,0.0,0.0,0.0,0.0,0.0,0.0,0.0,0.0,0.0,0.0,0.0,0.0,0.0,0.0,37.37840270996094,0.0,0.0,0.0,0.0,0.0,0.0,0.0,0.0,0.0,0.0,0.0,0.0,0.0,0.0,0.0,0.0,0.0,0.0,0.0,0.0,0.0,0.0,80.59666442871094,0.0,0.0,0.0,0.0,17.352170944213867,0.0,0.0,0.0,0.0,0.0,0.0,0.0,0.0,0.0,0.0,0.0,0.0,0.0,0.0,0.0,0.0,0.0,0.0,0.0,0.0,0.0,0.0,0.0,0.0,0.0,0.0,0.0,0.0,0.0,0.0,0.0,0.0,0.0,0.0,0.0,0.0,0.0,0.0,0.0,0.0,0.0,0.0,0.0,0.0,0.0,0.0,0.0,0.0,0.0,0.0,0.0,0.0,0.0,0.0,0.0,0.0,0.0,0.0,0.0,0.0,0.0,0.0,0.0,0.0,0.0,0.0,0.0,0.0,0.0,0.0,0.0,0.0,0.0,0.0,0.0,0.0,0.0,0.0,0.0,0.0,0.0,0.0,0.0,0.0,0.0,0.0,0.0,0.0,0.0,0.0,0.0,0.0,0.0,0.0,0.0,0.0,0.0,0.0,0.0,0.0,0.0,0.0,0.0,0.0,0.0,0.0,0.0,0.0,0.0,0.0,0.0,0.0,0.0,0.0,0.0,0.0,0.0,0.0,0.0,0.0,0.0,0.0,0.0,0.0,0.0,0.9328678250312805,0.0,0.0,0.0,0.0,0.0,0.0,0.0,0.0,0.0,0.0,0.0,0.0,0.0,0.0,0.0,0.0,0.0,0.0,0.0,0.0,0.0,0.0,0.0,0.0,0.0,0.0,0.0,0.0,0.0,0.0,0.0,0.0,0.0,0.0,0.0,0.0,0.0,0.0,0.0,0.0,0.0,0.0,0.0,0.0,0.0,0.0,0.0,0.0,0.0,0.0,0.0,0.0,0.0,0.0,0.0,0.0,0.0,21.378129959106445,0.0,0.0,0.0,0.0,0.0,0.0,0.0,0.0,0.0,0.0,0.0,0.0,0.0,0.0,0.0,0.0,0.0,0.0,0.0,0.0,0.0,0.0,0.0,0.0,0.0,0.0,0.0,0.0,0.0,0.0,0.0,0.0,0.0,0.0,0.0,0.0,0.0,0.0,10.764311790466309,0.0,0.0,0.0,0.0,0.0,0.0,0.0,0.0,0.0,0.0,0.0,0.0,0.0,0.0,0.0,0.0,0.0,0.0,0.0,0.0,0.0,0.0,0.0,0.0,0.0,0.0,0.0,0.0,0.0,0.0,0.0,0.0,0.0,0.0,0.0,0.0,0.0,0.0,0.0,0.0,0.0,0.0,0.0,0.0,0.0,0.0,0.0,0.0,0.0,0.0,0.0,0.0,0.0,0.0,0.0,0.0,0.0,0.0,0.0,0.0,0.0,0.0,0.0,0.0,0.0,0.0,0.0,6.03680944442749,0.0,0.0,0.0,0.0,0.0,0.0,0.0,0.0,0.0,0.0,0.0,0.0,0.0,0.0,0.0,0.0,0.0,0.0,0.0,0.0,0.0,0.0,0.0,0.0,0.0,0.0,0.0,0.0,0.0,0.0,0.0,0.0,0.0,0.0,0.0,0.0,0.0,0.0,0.0,0.0,0.0,0.0,0.0,0.0,0.0,0.0,0.0,0.0,0.0,0.0,0.0,0.0,0.0,0.0,0.0,0.0,0.0,0.0,0.0,0.0,0.0,0.0,0.0,0.0,0.0,0.0,0.0,0.0,0.0,0.0,0.0,0.0,0.0,0.0,0.0,0.0,0.0,0.0,0.0,0.0,0.0,0.0,0.0,0.0,0.0,0.0,0.0,0.0,0.0,0.0,0.0,0.0,0.0,0.0,0.0,0.0,0.0,0.0,0.0,0.0,14.6462984085083,0.0,0.0,0.0,0.0,0.0,0.0,0.0,0.0,0.0,0.0,0.0,0.0,0.0,0.0,0.0,0.0,0.0,0.0,0.0,0.0,0.0,0.0,0.0,0.0,0.0,0.0,0.0,0.0,0.0,0.0,0.0,0.0,0.0,0.0,0.0,0.0,0.0,0.0,0.0,0.0,0.0,0.0,0.0,0.0,0.0,0.0,0.0,0.0,0.0,0.0,0.0,0.0,0.0,0.0,0.0,0.0,0.0,0.0,0.0,0.0,2.2478370666503906,0.0,0.0,0.0,0.0,0.0,0.0,30.27544403076172,0.0,0.0,0.0,0.0,0.0,0.0,0.0,0.0,0.0,0.0,0.0,0.0,0.0,0.0,0.0,0.0,0.0,0.0,0.0,0.0,0.0,0.0,0.0,0.0,0.0,0.0,0.0,0.0,0.0,0.0,0.0,0.0,0.0,0.0,0.0,0.0,0.0,0.0,0.0,0.0,0.0,0.0,0.0,0.0,0.0,0.0,34.774959564208984,0.0,0.0,0.0,0.0,0.0,0.0,0.0,0.0,0.0,0.0,0.0,0.0,0.0,0.0,0.0,0.0,0.0,0.0,0.0,0.0,0.0,0.0,0.0,0.0,0.0,0.0,0.0,0.0,0.0,0.0,0.0,0.0,0.0,0.0,0.0,0.0,0.0,0.0,0.0,0.0,0.0,0.0,0.0,0.0,0.0,0.0,0.0,0.0,0.0,0.0,0.0,0.0,0.0,0.0,0.0,0.0,0.0,0.0,0.0,0.0,0.0,0.0,0.0,0.0,0.0,0.0,0.0,0.0,0.0,0.0,0.0,0.0,0.0,0.0,0.0,0.0,0.0,0.0,0.0,0.0,0.0,0.0,0.0,0.0,0.0,0.0,0.0,0.0,0.0,0.0,0.0,0.0,0.0,0.0,0.0,0.0,0.0,0.0,0.0,0.0,0.0,0.0,0.0,0.0,0.0,0.0,0.0,0.0,0.0,0.0,0.0,0.0,0.0,0.0,0.0,0.0,0.0,0.0,0.0,0.0,0.0,0.0,0.0,0.0,0.0,0.0,0.0,0.0,0.0,0.0,0.0,0.0,0.0,0.0,0.0,0.0,0.0,0.0,0.0,0.0,0.0,0.0,0.0,0.0,0.0,0.0,0.0,0.0,0.0,0.0,0.0,0.0,0.0,0.0,0.0,0.0,0.0,0.0,0.0,0.0,0.0,0.0,0.0,0.0,0.0,0.0,0.0,0.0,0.0,0.0,0.0,0.0,0.0,0.0,0.0,0.0,0.0,0.0,0.0,0.0,0.0,0.0,0.0,0.0,0.0,0.0,0.0,0.0,0.0,0.0,0.0,0.0,0.0,0.0,0.0,0.0,0.0,0.0,0.0,0.0,0.0,0.0,0.0,0.0,0.0,0.0,0.0,0.0,0.0,0.0,0.0,0.0,0.0,0.0,0.0,0.0,0.0,0.0,0.0,0.0,0.0,0.0,0.0,0.0,0.0,0.0,0.0,39.87211608886719,0.0,0.0,0.0,0.0,0.0,0.0,0.0,0.0,0.0,0.0,0.0,0.0,0.0,0.0,0.0,0.0,0.0,0.0,0.0,0.0,0.0,0.0,0.0,0.0,0.0,0.0,0.0,0.0,0.0,0.0,0.0,0.0,0.0,0.0,0.0,0.0,0.0,0.0,0.0,0.0,0.0,0.0,0.0,0.0,0.0,0.0,0.0,0.0,0.0,0.0,0.0,0.0,0.0,0.0,0.0,0.0,0.0,0.0,0.0,0.0,0.0,0.0,0.0,0.0,0.0,0.0,0.0,0.0,0.0,0.0,0.0,0.0,0.0,0.0,0.0,0.0,0.0,0.0,0.0,0.0,0.0,0.0,0.0,0.0,0.0,0.0,0.0,0.0,0.0,0.0,0.0,0.0,0.0,0.0,0.0,0.0,0.0,0.0,0.0,0.0,0.0,0.0,0.0,0.0,0.0,0.0,0.0,0.0,0.0,0.0,0.0,0.0,0.0,0.0,0.0,0.0,0.0,0.0,0.0,0.0,0.0,0.0,0.0,0.0,0.0,0.0,0.0,0.0,0.0,0.0,0.0,0.0,0.0,0.0,0.0,0.0,0.0,0.0,0.0,0.0,0.0,0.0,0.0,0.0,0.0,0.0,0.0,0.0,0.0,0.0,0.0,0.0,0.0,0.0,0.0,0.0,0.0,0.0,0.0,0.0,0.0,0.0,0.0,0.0,0.0,0.0,0.0,0.0,12.519835472106934,0.0,0.0,0.0,0.0,0.0,0.0,0.0,0.0,0.0,0.0,0.0,0.0,0.0,0.0,0.0,0.0,0.0,0.0,0.0,0.0,0.0,0.0,0.0,0.0,0.0,0.0,0.0,0.0,0.0,0.0,0.0,0.0,0.0,0.0,0.0,0.0,0.0,0.0,0.0,0.0,0.0,0.0,0.0,0.0,0.0,0.0,0.0,0.0,0.0,0.0,0.0,0.0,0.0,0.0,0.0,0.0,0.0,0.0,0.0,0.0,0.0,0.0,0.0,0.0,0.0,0.0,0.0,0.0,0.0,0.0,0.0,0.0,0.0,0.0,0.0,0.0,0.0,0.0,0.0,0.0,0.0,0.0,0.0,0.0,0.0,0.0,0.0,0.0,0.0,0.0,0.0,0.0,0.0,0.0,0.0,0.0,0.0,0.0,0.0,0.0,0.0,0.0,0.0,0.0,0.0,0.0,0.0,0.0,0.0,0.0,0.0,0.0,0.0,0.0,0.0,0.0,0.0,0.0,0.0,0.0,0.0,0.0,0.0,0.0,0.0,0.0,0.0,0.0,0.0,0.0,0.0,0.0,0.0,0.0,0.0,0.0,0.0,0.0,0.0,0.0,0.0,0.0,0.0,0.0,0.0,0.0,0.0,0.0,0.0,0.0,0.0,0.0,0.0,0.0,0.0,0.0,0.0,0.0,0.0,0.0,0.0,0.0,0.0,0.0,0.0,0.0,0.0,0.0,0.0,0.0,0.0,0.0,0.0,0.0,0.0,0.0,0.0,0.0,0.0,0.0,0.0,0.0,0.0,0.0,0.0,0.0,0.0,11.618537902832031,0.0,0.0,0.0,0.0,0.0,0.0,0.0,0.0,0.0,0.0,0.0,0.0,0.0,0.0,0.0,0.0,0.0,0.0,0.0,0.0,0.0,0.0,0.0,0.0,0.0,0.0,0.0,0.0,0.0,0.0,0.0,0.0,0.0,0.0,0.0,0.0,0.0,0.0,0.0,0.0,0.0,0.0,0.0,0.0,0.0,0.0,0.0,0.0,0.0,0.0,0.0,0.0,0.0,0.0,0.0,0.0,0.0,0.0,0.0,0.0,0.0,0.0,0.0,0.0,0.0,0.0,0.0,0.0,0.0,0.0,0.0,0.0,0.0,0.0,0.0,0.0,0.0,0.0,0.0,0.0,0.0,0.0,0.0,0.0,0.0,0.0,0.0,0.0,0.0,0.0,0.0,0.0,0.0,0.0,0.0,0.0,0.0,0.0,0.0,0.0,0.0,0.0,0.0,0.0,0.0,0.0,0.0,0.0,0.0,0.0,0.0,0.0,0.0,0.0,0.0,0.0,0.0,0.0,0.0,0.0,0.0,0.0,0.0,0.0,0.0,0.0,0.0,0.0,0.0,0.0,0.0,0.0,0.0,0.0,0.0,0.0,0.0,0.0,0.0,0.0,0.0,0.0,0.0,0.0,0.0,0.0,0.0,0.0,0.0,0.0,0.0,0.0,0.0,0.0,29.860607147216797,0.0,0.0,0.0,0.0,0.0,0.0,0.0,0.0,0.0,0.0,0.0,0.0,0.0,0.0,0.0,0.0,0.0,0.0,0.0,0.0,0.0,0.0,0.0,0.0,0.0,0.0,0.0,0.0,0.0,0.0,0.0,0.0,0.0,0.0,0.0,0.0,0.0,0.0,0.0,0.0,0.0,0.0,0.0,0.0,0.0,0.0,0.0,0.0,0.0,0.0,0.0,0.0,0.0,0.0,0.0,0.0,0.0,0.0,0.0,0.0,0.0,0.0,0.0,0.0,0.0,0.0,0.0,0.0,0.0,0.0,0.0,0.0,0.0,0.0,0.0,0.0,0.0,0.0,0.0,0.0,0.0,0.0,0.0,0.0,0.0,0.0,0.0,0.0,0.0,0.0,0.0,0.0,0.0,0.0,0.0,0.0,0.0,0.0,0.0,0.0,0.0,0.0,0.0,0.0,0.0,0.0,0.0,0.0,0.0,0.0,0.0,0.0,0.0,0.0,0.0,0.0,0.0,0.0,0.0,0.0,0.0,0.0,0.0,0.0,0.0,0.0,0.0,0.0,0.0,0.0,0.0,0.0,0.0,0.0,0.0,0.0,0.0,0.0,0.0,0.0,0.0,0.0,0.0,0.0,0.0,0.0,0.0,0.0,0.0,0.0,0.0,0.0,0.0,0.0,0.0,0.0,0.0,0.0,0.0,0.0,0.0,0.0,0.0,0.0,0.0,0.0,0.0,0.0,0.0,0.0,0.0,0.0,0.0,0.0,0.0,0.0,0.0,0.0,0.0,0.0,0.0,0.0,0.0,0.0,0.0,0.0,0.0,0.0,0.0,0.0,0.0,0.0,0.0,0.0,0.0,0.0,0.0,0.0,0.0,0.0,0.0,0.0,0.0,0.0,0.0,0.0,0.0,0.0,0.0,0.0,0.0,0.0,0.0,0.0,0.0,0.0,0.0,0.0,0.0,0.0,0.0,0.0,0.0,0.0,0.0,0.0,0.0,0.0,0.0,0.0,0.0,0.0,0.0,0.0,0.0,0.0,0.0,0.0,0.0,0.0,0.0,0.0,0.0,0.0,0.0,0.0,0.0,0.0,0.0,0.0,0.0,0.0,0.0,0.0,0.0,0.0,0.0,0.0,0.0,0.0,0.0,0.0,0.0,0.0,0.0,0.0,0.0,0.0,0.0,0.0,0.0,0.0,0.0,0.0,0.0,0.0,0.0,0.0,0.0,0.0,0.0,0.0,0.0,0.0,0.0,0.0,0.0,0.0,0.0,0.0,0.0,0.0,0.0,0.0,0.0,0.0,0.0,0.0,0.0,0.0,0.0,0.0,0.0,0.0,0.0,0.0,0.0,0.0,0.0,0.0,0.0,0.0,0.0,0.0,0.0,0.0,0.0,0.0,0.0,0.0,0.0,0.0,0.0,0.0,0.0,0.0,0.0,0.0,0.0,0.0,0.0,0.0,0.0,6.635658264160156,0.0,0.0,0.0,0.0,0.0,0.0,0.0,0.0,0.0,0.0,0.0,0.0,0.0,0.0,0.0,0.0,0.0,0.0,0.0,0.0,0.0,0.0,3.2692220211029053,0.0,0.0,0.0,0.0,0.0,0.0,0.0,0.0,0.0,0.0,0.0,0.0,0.0,0.0,0.0,0.0,0.0,0.0,0.0,0.0,0.0,0.0,0.0,0.0,0.0,0.0,0.0,0.0,0.0,0.0,0.0,0.0,0.0,0.0,0.0,0.0,0.0,0.0,0.0,0.0,0.0,0.0,0.0,0.0,0.0,0.0,0.0,0.0,0.0,0.0,0.0,0.0,0.0,0.0,0.0,0.0,0.0,0.0,3.330585241317749,0.0,0.0,0.0,0.0,0.0,0.0,0.0,0.0,0.0,0.0,0.0,0.0,0.0,0.0,0.0,0.0,0.0,0.0,0.0,0.0,0.0,0.0,0.0,0.0,0.0,0.0,0.0,0.0,0.0,0.0,0.0,0.0,0.0,0.0,0.0,0.0,0.0,0.0,0.0,0.0,0.0,0.0,0.0,0.0,0.0,0.0,0.0,0.0,0.0,0.0,0.0,0.0,0.0,0.0,0.0,0.0,0.0,0.0,0.0,0.0,0.0,0.0,0.0,0.0,0.0,0.0,0.0,0.0,0.0,0.0,0.0,0.0,0.0,0.0,0.0,0.0,0.0,0.0,0.0,0.0,0.0,0.0,0.0,0.0,0.0,0.0,0.0,0.0,0.0,0.0,0.0,0.0,0.0,0.0,0.0,42.85773849487305,0.0,0.0,0.0,0.0,0.0,0.0,0.0,0.0,0.0,0.0,0.0,0.0,0.0,0.0,0.0,0.0,0.0,0.0,0.0,0.0,0.0,0.0,0.0,0.0,0.0,0.0,0.0,0.0,0.0,0.0,0.0,0.0,0.0,0.0,0.0,0.0,0.0,0.0,0.0,0.0,0.0,0.0,0.0,0.0,0.0,0.0,0.0,0.0,0.0,0.0,0.0,0.0,0.0,0.0,0.0,0.0,0.0,0.0,0.0,0.0,0.0,0.0,0.0,1.3257129192352295,0.0,0.0,0.0,0.0,0.0,0.0,0.0,0.0,0.0,0.0,0.0,0.0,0.0,0.0,0.0,0.0,0.0,0.0,0.0,0.0,0.0,0.0,0.0,0.0,0.0,0.0,0.0,0.0,0.0,0.0,0.0,0.0,0.0,0.0,0.0,0.0,0.0,0.0,0.0,0.0,0.0,0.0,0.0,0.0,0.0,0.0,0.0,0.0,0.0,0.0,44.96499252319336,0.0,0.0,0.0,0.0,0.0,0.0,0.0,0.0,0.0,0.0,0.0,0.0,0.0,0.0,0.0,0.0,0.0,0.0,0.0,0.0,0.0,0.0,0.0,0.0,0.0,0.0,0.0,0.0,0.0,0.0,0.0,0.0,0.0,0.0,0.0,0.0,0.0,0.0,0.0,0.0,0.0,0.0,0.0,0.0,0.0,0.0,0.0,0.0,0.0,0.0,0.0,0.0,0.0,0.0,0.0,0.0,0.0,0.0,0.0,0.0,0.0,0.0,0.0,0.0,0.0,0.0,0.0,0.0,0.0,0.0,0.0,0.0,0.0,0.0,0.0,0.0,0.0,0.0,0.0,0.0,0.0,0.0,0.0,0.0,0.0,0.0,0.0,0.0,0.0,0.0,0.0,0.0,0.0,0.0,0.0,0.0,0.0,0.0,0.0,0.0,0.0,0.0,0.0,0.0,0.0,0.0,0.0,0.0,0.0,0.0,0.0,0.0,0.0,0.0,0.0,0.0,0.0,0.0,0.0,0.0,0.0,0.0,0.0,0.0,0.0,0.0,0.0,0.0,0.0,0.0,0.0,0.0,0.0,0.0,0.0,0.0,0.0,0.0,0.0,0.0,0.0,0.0,0.0,0.0,0.0,0.0,0.0,0.0,0.0,0.0,0.0,0.0,0.0,0.0,0.0,0.0,0.0,0.0,0.0,0.0,0.0,0.0,2.1600043773651123,0.0,0.0,0.0,0.0,0.0,0.0,0.0,0.0,0.0,0.0,0.0,0.0,0.0,0.0,0.0,0.0,0.0,0.0,0.0,0.0,0.0,0.0,0.0,0.0,0.0,0.0,0.0,0.0,0.0,0.0,0.0,0.0,0.0,0.0,0.0,0.0,0.0,0.0,0.0,0.0,0.0,0.0,0.0,0.0,0.0,0.0,0.0,0.0,0.0,0.0,0.0,0.0,0.0,0.0,0.0,48.62934112548828,0.0,0.0,0.0,0.0,0.0,0.0,0.0,0.0,0.0,0.0,0.0,0.0,0.0,0.0,0.0,0.0,0.0,0.0,0.0,0.0,0.0,0.0,0.0,0.0,0.0,0.0,0.0,0.0,0.0,0.0,0.0,0.0,0.0,0.0,0.0,0.0,0.0,0.0,0.0,0.0,0.0,0.0,0.0,0.0,0.0,0.0,0.0,0.0,0.0,0.0,0.0,0.0,0.0,0.0,0.0,0.0,0.0,0.0,0.0,0.0,0.0,0.0,0.0,0.0,0.0,0.0,0.0,0.0,0.0,0.0,0.0,0.0,0.0,0.0,0.0,0.0,0.0,0.0,0.0,0.0,0.0,0.0,0.0,0.0,0.0,0.0,0.0,0.0,0.0,0.0,0.0,0.0,0.0,0.0,0.0,0.0,0.0,0.0,0.0,0.0,0.0,0.0,0.0,0.0,0.0,0.0,0.0,0.0,0.0,0.0,0.0,0.0,0.0,0.0,0.0,0.0,0.0,0.0,0.0,0.0,0.0,0.0,0.0,0.0,0.0,0.0,0.0,0.0,0.0,0.0,0.0,0.0,0.0,0.0,0.0,0.0,0.0,0.0,0.0,0.0,0.0,0.0,0.0,0.0,0.0,0.0,0.0,0.0,0.0,0.0,0.0,0.0,0.0,0.0,0.0,0.0,0.0,0.0,0.0,0.0,0.0,0.0,0.0,0.0,0.0,0.0,0.0,0.0,0.0,0.0,0.0,0.0,0.0,0.0,0.0,0.0,0.0,43.644344329833984,0.0,0.0,0.0,0.0,0.0,0.0,0.0,0.0,0.0,0.0,0.0,0.0,0.0,0.0,0.0,0.0,0.0,0.0,0.0,0.0,0.0,0.0,0.0,0.0,0.0,0.0,0.0,0.0,0.0,0.0,0.0,0.0,0.0,0.0,0.0,0.0,0.0,0.0,0.0,0.0,0.0,0.0,0.0,0.0,0.0,0.0,0.0,0.0,0.0,0.0,0.0,0.0,0.0,0.0,0.0,0.0,0.0,0.0,0.0,0.0,0.0,0.0,0.0,4.756378650665283,0.0,0.0,0.0,0.0,0.0,0.0,0.0,0.0,0.0,0.0,0.0,0.0,0.0,0.0,0.0,0.0,0.0,0.0,0.0,0.0,0.0,0.0,0.0,0.0,0.0,0.0,0.0,0.0,0.0,0.0,0.0,0.0,0.0,0.0,0.0,0.0,0.0,0.0,0.0,0.0,0.0,0.0,0.0,0.0,0.0,0.0,0.0,0.0,0.0,0.0,0.0,0.0,0.0,0.0,0.0,0.0,0.0,0.0,0.0,0.0,0.0,0.0,0.0,0.0,0.0,0.0,0.0,0.0,0.0,0.0,0.0,0.0,0.0,0.0,0.0,0.0,0.0,0.0,0.0,0.0,0.0,0.0,0.0,0.0,0.0,0.0,0.0,0.0,0.0,0.0,0.0,0.0,0.0,0.0,0.0,0.0,0.0,0.0,0.0,0.0,0.0,0.0,0.0,0.0,0.0,0.0,0.0,0.0,0.0,0.0,0.0,0.0,0.0,0.0,0.0,0.0,0.0,0.0,0.0,0.0,0.0,0.0,0.0,0.0,0.0,0.0,0.0,0.0,0.0,0.0,0.0,0.0,0.0,0.0,0.0,0.0,0.0,0.0,0.0,0.0,0.0,0.0,0.0,0.0,0.0,0.0,0.0,0.0,0.0,0.0,0.0,0.0,0.0,0.0,0.0,0.0,0.0,0.0,0.0,0.0,0.0,0.0,0.0,0.0,0.0,0.0,0.0,0.0,0.0,0.0,0.0,0.0,0.0,0.0,0.0,0.0,0.0,0.0,0.0,0.0,0.0,0.0,0.0,0.0,0.0,0.0,0.0,0.0,0.0,0.0,0.0,0.0,0.0,0.0,0.0,0.0,0.0,0.0,0.0,0.0,0.0,0.0,0.0,0.0,0.0,0.0,0.0,0.0,0.0,0.0,0.0,0.0,0.0,10.236763000488281,0.0,0.0,0.0,0.0,0.0,0.0,0.0,0.0,0.0,0.0,0.0,0.0,0.0,0.0,0.0,0.0,0.0,0.0,0.0,0.0,0.0,0.0,0.0,0.0,0.0,0.0,0.0,0.0,0.0,0.0,0.0,0.0,0.0,0.0,0.0,0.0,0.0,0.0,0.0,0.0,0.0,0.0,0.0,0.0,0.0,0.0,0.0,0.0,0.0,0.0,0.0,0.0,0.0,0.0,0.0,34.81238555908203,0.0,0.0,0.0,0.0,0.0,0.0,0.0,0.0,0.0,0.0,0.0,0.0,0.0,0.0,0.0,0.0,0.0,0.0,0.0,0.0,0.0,0.0,0.0,0.0,0.0,0.0,0.0,0.0,0.0,0.0,0.0,0.0,0.0,0.0,0.0,0.0,0.0,0.0,0.0,0.0,0.0,0.0,0.0,0.0,0.0,0.0,0.0,0.0,0.0,0.0,0.0,0.0,0.0,0.0,0.0,0.0,0.0,0.0,0.0,0.0,0.0,0.0,0.0,0.0,0.0,0.0,0.0,0.0,0.0,0.0,0.0,0.0,0.0,0.0,0.0,0.0,0.0,0.0,0.0,0.0,0.0,0.0,0.0,0.0,0.0,0.0,0.0,0.0,0.0,0.0,0.0,0.0,0.0,0.0,0.0,0.0,0.0,0.0,0.0,0.0,0.0,0.0,0.0,0.0,0.0,0.0,0.0,0.0,0.0,0.0,0.0,0.0,0.0,0.0,0.0,0.0,0.0,0.0,0.0,0.0,0.0,0.0,0.0,0.0,0.0,0.0,0.0,0.0,0.0,0.0,0.0,0.0,0.0,0.0,0.0,0.0,0.0,0.0,0.0,0.0,0.0,0.0,0.0,0.0,0.0,0.0,0.0,0.0,0.0,0.0,0.0,0.0,0.0,0.0,0.0,0.0,0.0,0.0,0.0,0.0,0.0,0.0,0.0,0.0,0.0,0.0,0.0,0.0,0.0,0.0,0.0,0.0,0.0,0.0,0.0,0.0,0.0,11.50169563293457,0.0,0.0,0.0,0.0,0.0,0.0,0.0,0.0,0.0,0.0,0.0,0.0,0.0,0.0,0.0,0.0,0.0,0.0,0.0,0.0,0.0,0.0,0.0,0.0,0.0,0.0,0.0,0.0,0.0,0.0,0.0,0.0,0.0,0.0,0.0,0.0,0.0,0.0,0.0,0.0,0.0,0.0,0.0,0.0,0.0,0.0,0.0,0.0,0.0,0.0,0.0,0.0,0.0,0.0,0.0,0.0,0.0,0.0,0.0,0.0,0.0,0.0,0.0,0.0,0.0,0.0,0.0,0.0,0.0,0.0,0.0,0.0,0.0,0.0,0.0,0.0,0.0,0.0,0.0,0.0,0.0,0.0,0.0,0.0,0.0,0.0,0.0,0.0,0.0,0.0,0.0,0.0,0.0,0.0,0.0,0.0,0.0,0.0,0.0,0.0,0.0,0.0,0.0,0.0,0.0,0.0,0.0,0.0,0.0,0.0,0.0,0.0,0.0,0.0,0.0,0.0,0.0,0.0,0.0,0.0,0.0,0.0,0.0,0.0,0.0,0.0,0.0,0.0,0.0,0.0,0.0,0.0,0.0,0.0,0.0,0.0,0.0,0.0,0.0,0.0,0.0,0.0,0.0,0.0,0.0,0.0,0.0,0.0,0.0,0.0,0.0,0.0,0.0,0.0,0.0,0.0,0.0,0.0,0.0,0.0,0.0,0.0,0.0,0.0,0.0,0.0,0.0,0.0,0.0,0.0,0.0,0.0,0.0,0.0,0.0,0.0,0.0,0.0,0.0,0.0,0.0,0.0,0.0,0.0,0.0,0.0,0.0,0.0,0.0,0.0,0.0,0.0,0.0,0.0,0.0,0.0,0.0,0.0,0.0,0.0,0.0,0.0,0.0,0.0,0.0,0.0,0.0,0.0,0.0,0.0,0.0,0.0,0.0,0.0,0.0,0.0,0.0,0.0,0.0,0.0,0.0,0.0,0.0,0.0,0.0,0.0,0.0,0.0,0.0,0.0,0.0,0.0,0.0,0.0,0.0,0.0,0.0,0.0,0.0,0.0,0.0,0.0,0.0,0.0,0.0,0.0,0.0,0.0,0.0,0.0,0.0,0.0,0.0,0.0,0.0,0.0,0.0,0.0,0.0,0.0,0.0,0.0,0.0,0.0,0.0,0.0,0.0,0.0,0.0,0.0,0.0,0.0,0.0,0.0,0.0,0.0,0.0,0.0,0.0,0.0,0.0,0.0,0.0,0.0,0.0,0.0,0.0,0.0,0.0,0.0,0.0,0.0,0.0,0.0,0.0,0.0,0.0,0.0,0.0,0.0,0.0,0.0,0.0,0.0,0.0,0.0,0.0,0.0,0.0,0.0,0.0,0.0,0.0,0.0,0.0,0.0,0.0,0.0,0.0,0.0,0.0,0.0,0.0,0.0,0.0,0.0,0.0,0.0,0.0,0.0,0.0,0.0,0.0,1.2699390649795532,0.0,0.0,0.0,0.0,0.0,0.0,0.0,0.0,0.0,0.0,0.0,0.0,0.0,0.0,0.0,0.0,0.0,0.0,0.0,0.0,0.0,0.0,0.0,0.0,0.0,0.0,0.0,0.0,0.0,0.0,0.0,0.0,0.0,0.0,0.0,0.0,0.0,0.0,0.0,0.0,0.0,0.0,0.0,0.0,0.0,0.0,0.0,0.0,0.0,0.0,0.0,0.0,0.0,0.0,0.0,0.0,0.0,0.0,0.0,0.0,0.0,0.0,0.0,0.0,0.0,0.0,0.0,0.0,0.0,0.0,0.0,0.0,1.3330634832382202,0.0,0.0,0.0,0.0,0.0,0.0,0.0,0.0,0.0,0.0,0.0,0.0,0.0,0.0,0.0,0.0,0.0,0.0,0.0,0.0,0.0,0.0,0.0,0.0,0.0,0.0,0.0,0.0,0.0,0.0,0.0,0.0,0.0,0.0,0.0,0.0,0.0,0.0,0.0,0.0,0.0,0.0,0.0,0.0,0.0,0.0,0.0,0.0,0.0,0.0,0.0,0.0,0.0,0.0,0.0,0.0,0.0,0.0,0.0,0.0,0.0,0.0,0.0,0.0,0.0,0.0,0.0,0.0,0.0,0.0,0.0,0.0,0.0,0.0,0.0,0.0,0.0,0.0,0.0,0.0,0.0,0.0,0.0,0.0,0.0,0.0,0.0,0.0,0.0,0.0,0.0,0.0,0.0,0.0,0.0,0.0,0.0,0.0,0.0,0.0,0.0,0.0,0.0,0.0,8.510748863220215,0.0,0.0,0.0,0.0,0.0,0.0,0.0,0.0,0.0,0.0,0.0,0.0,0.0,0.0,0.0,0.0,0.0,0.0,0.0,0.0,0.0,0.0,0.0,0.0,0.0,0.0,0.0,0.0,0.0,0.0,0.0,0.0,0.0,0.0,0.0,0.0,0.0,0.0,0.0,0.0,0.0,0.0,0.0,0.0,0.0,0.0,0.0,0.0,0.0,0.0,0.0,0.0,0.0,0.0,0.0,0.0,0.0,0.0,0.0,0.0,0.0,0.0,0.0,0.0,0.0,0.0,0.0,17.688430786132812,0.0,0.0,0.0,0.0,0.0,0.0,0.0,33.91788101196289,0.0,0.0,0.0,0.0,0.0,0.0,0.0,0.0,0.0,0.0,0.0,0.0,0.0,0.0,0.0,0.0,0.0,0.0,0.0,0.0,0.0,0.0,0.0,0.0,0.0,0.0,0.0,0.0,0.0,0.0,0.0,0.0,0.0,0.0,0.0,0.0,0.0,0.0,0.0,0.0,0.0,0.0,0.0,0.0,0.0,0.0,0.0,0.0,0.0,0.0,0.0,0.0,0.0,0.0,0.0,0.0,0.0,0.0,0.0,0.0,0.0,0.0,0.0,0.0,0.0,0.0,0.0,0.0,0.0,0.0,0.0,0.0,0.0,0.0,0.0,0.0,0.0,0.0,0.0,0.0,0.0,0.0,0.0,0.0,0.0,0.0,0.0,0.0,0.0,0.0,0.0,0.0,0.0,0.0,0.0,0.0,0.0,0.0,0.0,0.0,0.0,0.0,0.0,0.0,0.0,0.0,0.0,0.0,0.0,0.0,0.0,0.0,0.0,0.0,0.0,0.0,0.0,0.0,0.0,0.0,0.0,0.0,0.0,0.0,0.0,0.0,0.0,0.0,0.0,0.0,0.0,0.0,0.0,0.0,0.0,0.0,0.0,0.0,0.0,0.0,0.0,0.0,0.0,0.0,0.0,0.0,0.0,0.0,0.0,0.0,0.0,0.0,0.0,0.0,0.0,0.0,0.0,0.0,0.0,0.0,0.0,0.0,0.0,0.0,0.0,0.0,0.0,0.0,0.0,0.0,0.0,0.0,0.0,0.0,0.0,0.0,0.0,0.0,0.0,0.0,0.0,0.0,0.0,0.0,0.0,0.0,0.0,0.0,0.0,0.0,0.0,0.0,0.0,0.0,0.0,0.0,0.0,0.0,0.0,0.0,0.0,0.0,0.0,0.0,0.0,0.0,0.0,56.762550354003906,0.0,0.0,0.0,0.0,21.856647491455078,0.0,0.0,0.0,0.0,0.0,0.0,0.0,0.0,0.0,0.0,0.0,0.0,0.0,0.0,0.0,0.0,0.0,0.0,0.0,0.0,0.0,0.0,0.0,0.0,0.0,0.0,0.0,0.0,0.0,0.0,0.0,0.0,0.0,0.0,0.0,0.0,0.0,0.0,0.0,0.0,0.0,0.0,0.0,0.0,0.0,0.0,0.0,0.0,0.0,0.0,0.0,0.0,0.0,0.0,0.0,0.0,0.0,0.0,0.0,0.0,0.0,0.0,0.0,0.0,0.0,0.0,0.0,0.0,0.0,0.0,0.0,0.0,0.0,0.0,0.0,0.0,0.0,0.0,0.0,0.0,0.0,0.0,0.0,0.0,0.0,0.0,0.0,0.0,0.0,0.0,0.0,0.0,0.0,0.0,0.0,0.0,0.0,0.0,0.0,0.0,0.0,0.0,0.0,0.0,0.0,0.0,0.0,0.0,0.0,0.0,0.0,0.0,0.0,0.0,0.0,0.0,0.0,0.0,0.0,0.0,0.0,0.0,0.0,0.0,0.0,0.0,0.0,0.0,0.0,0.0,0.0,0.0,0.0,0.0,0.0,0.0,0.0,0.0,0.0,0.0,0.0,0.0,0.0,0.0,0.0,0.0,0.0,0.0,0.0,0.0,0.0,0.0,0.0,0.0,0.0,0.0,0.0,0.0,0.0,0.0,0.0,0.0,0.0,0.0,0.0,0.0,0.0,0.0,0.0,0.0,0.0,0.0,0.0,0.0,0.0,0.0,0.0,0.0,0.0,0.0,0.0,0.0,0.0,0.6197880506515503,0.0,0.0,0.0,0.0,0.0,0.0,0.0,0.0,0.0,0.0,0.0,0.0,0.0,0.0,0.0,0.0,0.0,0.0,0.0,0.0,0.0,0.0,0.0,0.0,0.0,0.0,0.0,0.0,0.0,0.0,0.0,0.0,0.0,0.0,0.0,0.0,0.0,0.0,0.0,0.0,0.0,0.0,0.0,0.0,0.0,0.0,0.0,0.0,0.0,0.0,0.0,0.0,0.0,0.0,0.0,0.0,0.0,0.0,0.0,0.0,0.0,0.0,0.0,0.0,0.0,0.0,0.0,0.0,0.0,0.0,0.0,0.0,0.0,0.0,0.0,0.0,0.0,0.0,0.0,0.0,0.0,0.0,0.0,0.0,0.0,0.0,0.0,0.0,0.0,0.0,0.0,0.0,0.0,0.0,0.0,0.0,0.0,0.0,0.0,0.0,0.0,0.0,0.0,0.0,0.0,0.0,17.996036529541016,0.0,0.0,0.0,0.0,0.0,0.0,0.0,0.0,0.0,0.0,0.0,0.0,0.0,0.0,0.0,0.0,0.0,0.0,0.0,0.0,0.0,0.0,0.0,0.0,0.0,0.0,0.0,0.0,0.0,0.0,0.0,0.0,0.0,0.0,0.0,0.0,0.0,0.0,0.0,0.0,0.0,0.0,0.0,0.0,0.0,0.0,0.0,0.0,0.0,0.0,0.0,0.0,0.0,0.0,0.0,0.0,0.0,0.0,0.0,0.0,0.0,0.0,0.0,0.0,0.0,0.0,0.0,0.0,0.0,0.0,0.0,0.0,0.0,0.0,0.0,0.0,0.0,0.0,0.0,0.0,0.0,0.0,0.0,0.0,0.0,0.0,0.0,0.0,0.0,0.0,0.0,0.0,0.0,0.0,0.0,0.0,0.0,0.0,0.0,0.0,0.0,0.0,0.0,0.0,0.0,0.0,0.0,0.0,0.0,0.0,0.0,0.0,0.0,0.0,0.0,0.0,0.0,0.0,0.0,0.0,0.0,0.0,0.0,0.0,0.0,0.0,0.0,0.0,0.0,0.0,0.0,0.0,0.0,0.0,0.0,0.0,0.0,0.0,0.0,0.0,0.0,0.0,0.0,0.0,0.0,0.0,0.0,0.0,0.0,0.0,0.0,0.0,0.0,0.0,0.0,0.0,0.0,0.0,0.0,0.0,0.0,0.0,0.0,0.0,0.0,0.0,0.0,0.0,0.0,0.0,0.0,0.0,0.0,0.0,0.0,0.0,0.0,0.0,0.0,0.0,0.0,0.0,0.0,0.0,0.0,0.0,0.0,0.0,0.0,0.0,0.0,0.0,0.0,0.0,0.0,0.0,0.0,0.0,0.0,0.0,0.0,0.0,0.0,0.0,0.0,0.0,0.0,0.0,0.0,0.0,0.0,0.0,0.0,3.82145619392395,0.0,13.538056373596191,0.0,0.0,0.0,0.0,6.8472747802734375,0.0,0.0,0.0,0.0,0.0,0.0,0.0,0.0,0.0,0.0,0.0,0.0,0.0,0.0,0.0,0.0,0.0,0.0,0.0,0.0,0.0,0.0,0.0,0.0,0.0,0.0,0.0,0.0,0.0,0.0,0.0,0.0,0.0,0.0,0.0,0.0,0.0,0.0,0.0,0.0,0.0,0.0,0.0,0.0,14.07168197631836,0.0,0.0,0.0,0.0,0.0,0.0,0.0,0.0,0.0,0.0,0.0,0.0,0.0,0.0,0.0,0.0,0.0,0.0,0.0,0.0,0.0,0.0,0.0,0.0,0.0,0.0,0.0,0.0,0.0,0.0,0.0,0.0,0.0,0.0,0.0,0.0,0.0,0.0,0.0,0.0,0.0,0.0,0.0,0.0,0.0,0.0,0.0,0.0,0.0,0.0,0.0,0.0,0.0,0.0,0.0,0.0,0.0,0.0,0.0,0.0,0.0,0.0,0.0,0.0,0.0,0.0,0.0,0.0,0.0,0.0,0.0,0.0,0.0,0.0,0.0,0.0,0.0,0.0,0.0,0.0,0.0,0.0,0.0,0.0,0.0,0.0,0.0,0.0,0.0,0.0,0.0,0.0,0.0,0.0,0.0,0.0,0.0,0.0,0.0,0.0,0.0,0.0,0.0,0.0,0.0,0.0,0.0,0.0,0.0,0.0,0.0,0.0,0.0,0.0,0.0,0.0,0.0,0.0,0.0,0.0,0.0,0.0,0.0,0.0,0.0,0.0,0.0,0.0,0.0,0.0,0.0,0.0,0.0,0.0,0.0,0.0,0.0,0.0,0.0,0.0,0.0,0.0,0.0,0.0,0.0,0.0,0.0,0.0,0.0,0.0,0.0,0.0,0.0,0.0,0.0,0.0,0.0,0.0,0.0,0.0,0.0,0.0,0.0,0.0,0.0,0.0,0.0,0.0,0.0,0.0,0.0,0.0,0.0,0.0,0.0,0.0,0.0,0.0,0.0,0.0,0.0,0.0,0.0,0.0,0.0,0.0,0.0,0.0,0.0,0.0,0.0,0.0,0.0,0.0,0.0,0.0,0.0,0.0,0.0,0.0,0.0,0.0,0.0,0.0,0.0,0.0,0.0,0.0,0.0,0.0,0.0,0.0,0.0,0.0,0.0,0.0,0.0,0.0,0.0,0.0,0.0,0.0,0.0,0.0,0.0,0.0,0.0,0.0,0.0,0.0,0.0,0.0,0.0,0.0,0.0,0.0,0.0,0.0,0.0,0.0,0.0,0.0,0.0,0.0,0.0,0.0,0.0,0.0,0.0,0.0,0.0,0.0,0.0,0.0,0.0,0.0,0.0,0.0,0.0,0.0,0.0,0.0,0.0,0.0,0.0,0.0,0.0,0.0,0.0,0.0,0.0,0.0,0.0,0.0,0.0,0.0,0.0,0.0,0.0,0.0,0.0,0.0,0.0,0.0,0.0,0.0,0.0,0.0,0.0,0.0,0.0,0.0,0.0,0.0,0.0,0.0,0.0,0.0,0.0,0.0,0.0,0.0,0.0,0.0,0.0,0.0,0.0,0.0,0.0,0.0,0.0,0.0,0.0,0.0,0.0,0.0,0.0,0.0,0.0,0.0,0.0,0.0,0.0,0.0,0.0,0.0,0.0,0.0,0.0,0.0,0.0,0.0,0.0,0.0,0.0,0.0,0.0,0.0,0.0,0.0,0.0,0.0,0.0,0.0,0.0,0.0,0.0,0.0,0.0,0.0,0.0,0.0,0.0,0.0,0.0,0.0,0.0,0.0,0.0,0.0,0.0,0.0,0.0,0.0,0.0,0.0,0.0,0.0,0.0,0.0,0.0,0.0,0.0,0.0,0.0,0.0,0.0,0.0,0.0,0.0,0.0,0.0,0.0,0.0,0.0,0.0,0.0,0.0,0.0,0.0,0.0,0.0,0.0,0.0,0.0,0.0,0.0,0.0,0.0,0.0,0.0,0.0,0.0,0.0,0.0,0.0,0.0,0.0,0.0,0.0,0.0,0.0,0.0,0.0,0.0,0.0,0.0,0.0,0.0,0.0,0.0,0.0,0.0,0.0,0.0,0.0,0.0,0.0,0.0,0.0,0.0,0.0,0.0,0.0,0.0,0.0,0.0,0.0,0.0,0.0,0.0,0.0,0.0,0.0,0.0,0.0,0.0,0.0,0.0,0.0,0.0,0.0,0.0,0.0,0.0,0.0,0.0,0.0,0.0,0.0,0.0,0.0,0.0,0.0,0.0,0.0,14.362958908081055,0.0,0.0,0.0,0.0,0.0,0.0,0.0,0.0,0.0,0.0,0.0,0.0,0.0,0.0,0.0,0.0,0.0,0.0,0.0,0.0,0.0,0.0,0.0,0.0,0.0,0.0,0.0,0.0,0.0,0.0,0.0,0.0,0.0,0.0,0.0,0.0,0.0,0.0,0.0,0.0,0.0,0.0,0.0,0.0,6.16105318069458,0.0,0.0,0.0,0.0,0.0,0.0,0.0,0.0,0.0,0.0,0.0,0.0,0.0,0.0,0.0,0.0,0.0,0.0,0.0,0.0,0.0,0.0,0.0,0.0,0.0,0.0,0.0,0.0,0.0,0.0,0.0,0.0,0.0,0.0,0.0,0.0,0.0,0.0,0.0,0.0,0.0,0.0,0.0,0.0,0.0,0.0,0.0,0.0,0.0,0.0,0.0,0.0,0.0,0.0,0.0,0.0,0.0,0.0,0.0,0.0,0.0,0.0,0.0,0.0,0.0,0.0,0.0,0.0,0.0,0.0,0.0,0.0,0.0,0.0,0.0,0.0,0.0,0.0,0.0,0.0,0.0,0.0,0.0,0.0,0.0,0.0,0.0,0.0,0.0,0.0,0.0,0.0,0.0,0.0,0.0,0.0,0.0,0.0,0.0,0.0,0.0,0.0,0.0,0.0,0.0,0.0,0.0,0.0,0.0,0.0,0.0,0.0,0.0,0.0,0.0,0.0,0.0,0.0,0.0,0.0,0.0,0.0,0.0,0.0,0.0,0.0,0.0,0.0,0.0,0.0,0.0,0.0,0.0,0.0,0.0,0.0,0.0,0.0,0.0,0.0,0.0,0.0,0.0,0.0,0.0,0.0,0.0,0.0,0.0,0.0,0.0,0.0,0.0,0.0,0.0,0.0,0.0,0.0,0.0,0.0,0.0,0.0,0.0,0.0,0.0,0.0,0.0,0.0,0.0,0.0,0.0,0.0,0.0,0.0,0.0,0.0,0.0,16.425390243530273,0.0,0.0,0.0,0.0,0.0,0.0,0.0,0.0,0.0,0.0,0.0,0.0,0.0,0.0,0.0,0.0,0.0,0.0,0.0,0.0,0.0,0.0,0.0,0.0,0.0,0.0,0.0,0.0,0.0,0.0,0.0,0.0,0.0,0.0,0.0,0.0,0.0,0.0,0.0,0.0,0.0,0.0,0.0,0.0,0.0,0.0,0.0,0.0,0.0,0.0,0.0,0.0,0.0,0.0,0.0,0.0,0.0,0.0,0.0,0.0,0.0,0.0,0.0,0.0,0.0,0.0,0.0,0.0,0.0,0.0,0.0,0.0,0.0,0.0,0.0,0.0,0.0,0.0,0.0,0.0,0.0,0.0,0.0,0.0,0.0,0.0,0.0,0.0,0.0,0.0,0.0,0.0,0.0,0.0,0.0,0.0,0.0,0.0,0.0,0.0,0.0,0.0,0.0,0.0,0.0,0.0,0.0,0.0,0.0,0.0,0.0,0.0,0.0,0.0,0.0,0.0,0.0,0.0,0.0,0.0,0.0,0.0,0.0,0.0,0.0,0.0,0.0,0.0,0.0,0.0,0.0,0.0,0.0,0.0,0.0,0.0,0.0,0.0,0.0,0.0,0.0,0.0,0.0,0.0,0.0,0.0,0.0,0.0,0.0,0.0,0.0,0.0,0.0,0.0,0.0,0.0,0.0,0.0,0.0,0.0,0.0,0.0,0.0,0.0,0.0,0.0,0.0,0.0,0.0,0.0,0.0,0.0,0.0,0.0,0.0,0.0,0.0,0.0,0.0,0.0,0.0,0.0,0.0,0.0,0.0,0.0,0.0,0.0,0.0,0.0,0.0,0.0,0.0,0.0,0.0,0.0,0.0,0.0,0.0,0.0,0.0,0.0,0.0,0.0,0.0,0.0,0.0,0.0,0.0,0.0,0.0,0.0,0.0,0.0,0.0,0.0,0.0,0.0,0.0,0.0,0.0,0.0,0.0,0.0,0.0,0.0,0.0,17.048185348510742,0.0,0.0,0.0,0.0,0.0,0.0,0.0,0.0,0.0,0.0,0.0,0.0,0.0,0.0,0.0,0.0,0.0,0.0,0.0,0.0,0.0,0.0,0.0,0.0,0.0,0.0,0.0,0.0,0.0,0.0,0.0,0.0,0.0,0.0,0.0,0.0,0.0,0.0,0.0,0.0,0.0,0.0,0.0,0.0,0.0,0.0,0.0,0.0,0.0,0.0,0.0,0.0,0.0,0.0,0.0,0.0,0.0,0.0,0.0,0.0,19.314756393432617,0.0,0.0,0.0,0.0,0.0,0.0,0.0,0.0,0.0,0.0,0.0,0.0,0.0,0.0,0.0,0.0,0.0,0.0,0.0,0.0,0.0,0.0,0.0,0.0,0.0,0.0,0.0,0.0,0.0,0.0,0.0,0.0,0.0,0.0,0.0,0.0,0.0,0.0,0.0,0.0,0.0,0.0,0.0,0.0,0.0,0.0,0.0,0.0,0.0,0.0,0.0,0.0,0.0,0.0,0.0,0.0,0.0,0.0,0.0,0.0,0.0,0.0,0.0,0.0,0.0,0.0,0.0,0.0,0.0,0.0,0.0,0.0,0.0,0.0,0.0,0.0,0.0,0.0,0.0,0.0,0.0,0.0,0.0,0.0,0.0,0.0,0.0,0.0,0.0,0.0,0.0,0.0,0.0,0.0,0.0,0.0,0.0,0.0,0.0,0.0,0.0,0.0,0.0,0.0,0.0,0.0,0.0,0.0,0.0,0.0,0.0,0.0,0.0,0.0,0.0,0.0,0.0,0.0,0.0,0.0,0.0,0.0,0.0,0.0,0.0,0.0,0.0,0.0,0.0,0.0,0.0,0.0,0.0,0.0,0.0,0.0,0.0,0.0,0.0,0.0,0.0,0.0,0.0,0.0,0.0,0.0,0.0,0.0,0.0,0.0,0.0,0.0,0.0,0.0,0.0,0.0,0.0,0.0,0.0,0.0,0.0,0.0,0.0,0.0,0.0,0.0,0.0,0.0,0.0,0.0,0.0,0.0,0.0,0.0,0.0,0.0,0.0,0.0,0.0,0.0,0.0,0.0,0.0,0.0,0.0,0.0,0.0,0.0,0.0,0.0,0.0,0.0,0.0,0.0,0.0,0.0,0.0,0.0,0.0,0.0,0.0,0.0,0.0,0.0,0.0,0.0,0.0,0.0,0.0,0.0,0.0,0.0,0.0,0.0,0.0,0.0,0.0,0.0,0.0,0.0,0.0,0.0,19.129947662353516,0.0,0.0,0.0,0.0,0.0,0.0,0.0,0.0,0.0,0.0,0.0,0.0,0.0,0.0,0.0,0.0,0.0,0.0,0.0,0.0,0.0,0.0,0.0,0.0,0.0,0.0,0.0,0.0,0.0,0.0,0.0,0.0,0.0,0.0,0.0,0.0,0.0,0.0,0.0,0.0,0.0,0.0,0.0,0.0,0.0,0.0,0.0,0.0,0.0,0.0,0.0,0.0,0.0,0.0,0.0,0.0,0.0,0.0,0.0,0.0,0.0,0.0,0.0,0.0,0.0,0.0,0.0,0.0,0.0,0.0,0.0,0.0,0.0,0.0,0.0,0.0,0.0,0.0,0.0,0.0,0.0,0.0,0.0,0.0,0.0,0.0,0.0,0.0,0.0,0.0,0.0,0.0,0.0,0.0,0.0,0.0,0.0,0.0,0.0,0.0,0.0,0.0,0.0,0.0,0.0,0.0,0.0,0.0,0.0,0.0,0.0,0.0,0.0,0.0,0.0,0.0,0.0,0.0,0.0,0.0,0.0,0.0,0.0,0.0,0.0,0.0,0.0,0.0,0.0,0.0,0.0,0.0,0.0,0.0,0.0,0.0,0.0,0.0,0.0,0.0,0.0,0.0,0.0,0.0,0.0,0.0,0.0,0.0,0.0,0.0,0.0,0.0,0.0,0.0,0.0,0.0,0.0,0.0,0.0,0.0,0.0,0.0,0.0,0.0,0.0,0.0,0.0,0.0,0.0,0.0,0.0,0.0,0.0,0.0,0.0,0.0,0.0,0.0,0.0,0.0,0.0,0.0,0.0,0.0,0.0,0.0,0.0,0.0,0.0,0.0,0.0,0.0,0.0,0.0,0.0,0.0,0.0,0.0,0.0,0.0,0.0,0.0,0.0,0.0,0.0,0.0,0.0,0.0,0.0,0.0,0.0,0.0,0.0,0.0,0.0,0.0,0.0,0.0,0.0,0.0,0.0,0.0,0.0,0.0,0.0,0.0,0.0,51.06092071533203,0.0,0.0,0.0,0.0,0.0,0.0,0.0,0.0,0.0,0.0,0.0,0.0,0.0,0.0,0.0,0.0,0.0,0.0,0.0,0.0,0.0,0.0,0.0,0.0,0.0,0.0,0.0,0.0,0.0,0.0,0.0,0.0,0.0,0.0,0.0,0.0,0.0,1.7175724506378174,0.0,0.0,0.0,0.0,0.0,0.0,0.0,0.0,0.0,0.0,0.0,0.0,0.0,0.0,0.0,0.0,0.0,0.0,0.0,0.0,0.0,0.0,20.827655792236328,0.0,0.0,0.0,0.0,0.0,0.0,0.0,0.0,0.0,0.0,0.0,0.0,0.0,0.0,0.0,0.0,0.0,0.0,0.0,0.0,0.0,0.0,0.0,0.0,0.0,0.0,0.0,0.0,0.0,0.0,0.0,0.0,0.0,0.0,0.0,0.0,0.0,0.0,0.0,0.0,0.0,0.0,0.0,0.0,38.301998138427734,0.0,0.0,0.0,0.0,0.0,0.0,0.0,0.0,0.0,0.0,0.0,0.0,0.0,0.0,0.0,0.0,0.0,0.0,0.0,0.0,0.0,0.0,0.0,0.0,0.0,0.0,0.0,0.0,0.0,0.0,0.0,0.0,0.0,0.0,0.0,0.0,0.0,0.0,0.0,0.0,0.0,0.0,0.0,0.0,0.0,0.0,0.0,0.0,0.0,0.0,0.0,0.0,0.0,0.0,0.0,0.0,0.0,0.0,0.0,0.0,0.0,0.0,0.0,0.0,0.0,0.0,0.0,0.0,0.0,0.0,0.0,0.0,0.0,0.0,0.0,0.0,0.0,0.0,0.0,0.0,0.0,0.0,0.0,0.0,0.0,0.0,0.0,0.0,0.0,0.0,0.0,0.0,0.0,0.0,0.0,0.0,0.0,0.0,0.0,0.0,0.0,0.0,0.0,0.0,0.0,0.0,0.0,0.0,0.0,0.0,0.0,0.0,0.0,0.0,0.0,0.0,0.0,0.0,0.0,0.0,0.0,0.0,0.0,0.0,0.0,0.0,0.0,0.0,0.0,0.0,0.0,0.0,0.0,0.0,0.0,0.0,0.0,0.0,0.0,0.0,0.0,0.0,0.0,0.0,0.0,0.0,0.0,0.0,0.0,0.0,0.0,0.0,0.0,0.0,0.0,0.0,0.0,0.0,0.0,0.0,0.0,0.0,0.0,0.0,0.0,0.0,0.0,0.0,0.0,0.0,0.0,0.0,0.0,0.0,0.0,0.0,0.0,6.540632724761963,0.0,0.0,0.0,0.0,0.0,0.0,0.0,0.0,0.0,0.0,0.0,0.0,0.0,0.0,0.0,0.0,0.0,0.0,0.0,0.0,0.0,0.0,0.0,0.0,0.0,0.0,0.0,0.0,0.0,0.0,0.0,0.0,0.0,0.0,0.0,0.0,0.0,0.0,0.0,0.0,0.0,0.0,0.0,0.0,0.0,0.0,0.0,0.0,0.0,0.0,0.0,0.0,0.0,0.0,0.0,0.0,0.0,0.0,0.0,0.0,0.0,0.0,0.0,0.0,0.0,0.0,0.0,0.0,0.0,0.0,0.0,0.0,0.0,0.0,0.0,0.0,0.0,0.0,0.0,0.0,0.0,0.0,0.0,0.0,0.0,0.0,0.0,0.0,0.0,0.0,0.0,0.0,0.0,0.0,0.0,0.0,0.0,0.0,0.0,0.0,0.0,0.0,0.0,0.0,0.0,0.0,0.0,0.0,0.0,0.0,0.0,0.0,0.0,0.0,0.0,0.0,0.0,0.0,0.0,0.0,0.0,0.0,0.0,0.0,0.0,0.0,0.0,0.0,0.0,0.0,0.0,0.0,0.0,0.0,0.0,0.0,0.0,0.0,0.0,0.0,0.0,0.0,0.0,0.0,0.0,0.0,0.0,0.0,0.0,0.0,0.0,0.0,0.0,0.0,0.0,0.0,0.0,0.0,0.0,0.0,0.0,0.0,0.0,0.0,0.0,0.0,0.0,0.0,0.0,0.0,0.0,0.0,0.0,0.0,0.0,0.0,0.0,0.0,0.0,0.0,0.0,0.0,0.0,0.0,0.0,0.0,0.0,0.0,0.0,0.0,0.0,0.0,0.0,0.0,0.0,0.0,0.0,0.0,0.0,0.0,0.0,0.0,0.0,0.0,0.0,0.0,0.0,0.0,0.0,0.0,0.0,0.0,0.0,0.0,0.0,0.0,0.0,0.0,0.0,0.0,0.0,0.0,0.0,0.0,0.0,0.0,0.0,58.60986328125,0.0,0.0,0.0,0.0,0.0,0.0,0.0,0.0,0.0,0.0,0.0,0.0,0.0,0.0,0.0,0.0,0.0,0.0,0.0,0.0,0.0,0.0,0.0,0.0,0.0,0.0,0.0,0.0,0.0,0.0,0.0,0.0,0.0,0.0,0.0,0.0,0.0,0.0,0.0,0.0,0.0,0.0,0.0,0.0,0.0,0.0,0.0,0.0,0.0,0.2773841917514801,0.0,0.0,0.0,0.0,0.0,0.0,0.0,0.0,0.0,0.0,5.196080207824707,0.0,0.0,0.0,0.0,0.0,0.0,0.0,0.0,0.0,0.0,0.0,0.0,0.0,0.0,0.0,0.0,0.0,0.0,0.0,0.0,0.0,0.0,0.0,0.0,0.0,0.0,0.0,0.0,0.0,0.0,0.0,0.0,0.0,0.0,0.0,0.0,0.0,0.0,0.0,0.0,0.0,0.0,0.0,0.0,28.40928840637207,0.0,0.0,0.0,0.0,0.0,0.0,0.0,0.0,0.0,0.0,0.0,0.0,0.0,0.0,0.0,0.0,0.0,0.0,0.0,0.0,0.0,0.0,0.0,0.0,0.0,0.0,0.0,0.0,0.0,0.0,0.0,0.0,0.0,0.0,0.0,0.0,0.0,0.0,0.0,0.0,0.0,0.0,0.0,0.0,0.0,0.0,0.0,0.0,0.0,0.0,0.0,0.0,0.0,0.0,0.0,0.0,0.0,0.0,0.0,0.0,0.0,0.0,0.0,0.0,0.0,0.0,0.0,0.0,0.0,0.0,0.0,0.0,0.0,0.0,0.0,0.0,0.0,0.0,0.0,0.0,0.0,0.0,0.0,0.0,0.0,0.0,0.0,0.0,0.0,0.0,0.0,0.0,0.0,0.0,0.0,0.0,0.0,0.0,0.0,0.0,0.0,0.0,0.0,0.0,0.0,0.0,0.0,0.0,0.0,0.0,0.0,0.0,0.0,0.0,0.0,0.0,0.0,0.0,0.0,0.0,0.0,0.0,0.0,0.0,0.0,0.0,0.0,0.0,0.0,0.0,0.0,0.0,0.0,0.0,0.0,0.0,0.0,0.0,0.0,0.0,0.0,0.0,0.0,0.0,0.0,0.0,0.0,0.0,0.0,0.0,0.0,0.0,0.0,0.0,0.0,0.0,0.0,0.0,0.0,0.0,0.0,0.0,0.0,0.0,0.0,0.0,0.0,0.0,0.0,0.0,0.0,0.0,0.0,0.0,0.0,0.0,0.0,0.0,0.0,0.0,0.0,0.0,0.0,0.0,0.0,0.0,0.0,0.0,0.0,0.0,0.0,0.0,0.0,0.0,0.0,0.0,0.0,0.0,0.0,0.0,0.0,0.0,0.0,0.0,0.0,0.0,0.0,0.0,0.0,0.0,0.0,0.0,0.0,0.0,0.0,0.0,0.0,0.0,0.0,0.0,0.0,0.0,0.0,0.0,0.0,0.0,0.0,0.0,0.0,0.0,0.0,0.0,0.0,0.0,0.0,0.0,0.0,0.0,0.0,0.0,0.0,0.0,0.0,0.0,0.0,0.0,0.0,0.0,0.0,0.0,0.0,0.0,0.0,0.0,0.0,0.0,0.0,0.0,0.0,0.0,0.0,0.0,0.0,0.0,0.0,0.0,0.0,0.0,0.0,0.0,0.0,0.0,0.0,0.0,0.0,0.0,0.0,0.0,0.0,0.0,0.0,0.0,0.0,0.0,0.0,0.0,0.0,0.0,0.0,0.0,0.0,0.0,0.0,0.0,0.0,0.0,0.0,0.0,0.0,0.0,0.0,0.0,0.0,0.0,0.0,0.0,0.0,0.0,0.0,0.0,0.0,0.0,0.0,0.0,0.0,0.0,0.0,0.0,0.0,0.0,0.0,0.0,0.0,0.0,0.0,0.0,0.0,0.0,0.0,0.0,0.0,0.0,0.0,0.0,0.0,0.0,0.0,0.0,0.0,0.0,0.0,0.0,0.0,0.0,0.0,0.0,0.0,0.0,0.0,0.0,0.0,0.0,0.0,0.0,0.0,0.0,0.0,0.0,0.0,0.0,0.0,0.0,0.0,0.0,0.0,0.0,0.0,0.0,0.0,0.0,0.0,0.0,0.0,0.0,0.0,0.0,0.0,0.0,0.0,0.0,0.0,0.0,0.0,0.0,0.0,0.0,0.0,0.0,0.0,0.0,0.0,0.0,0.0,0.0,0.0,0.0,0.0,0.0,0.0,0.0,0.0,0.0,0.0,0.0,0.0,6.146116733551025,0.0,0.0,0.0,0.0,0.0,0.0,0.0,0.0,0.0,0.0,0.0,0.0,0.0,0.0,0.0,0.0,0.0,0.0,0.0,0.0,0.0,0.0,0.0,0.0,0.0,0.0,0.0,0.0,0.0,0.0,0.0,0.0,0.0,0.0,0.0,0.0,0.0,0.0,0.0,0.0,0.0,0.0,0.0,0.0,0.0,0.0,0.0,0.0,0.0,0.0,0.0,0.0,0.0,0.0,0.0,0.0,0.0,0.0,0.0,0.0,34.94960403442383,0.0,0.0,0.0,0.0,0.0,0.0,0.0,0.0,0.0,0.0,0.0,0.0,0.0,0.0,0.0,0.0,0.0,0.0,0.0,0.0,0.0,0.0,0.0,0.0,0.0,0.0,0.0,0.0,0.0,0.0,0.0,0.0,0.0,0.0,0.0,0.0,0.0,0.0,0.0,0.0,0.0,0.0,0.0,0.0,0.0,0.0,0.0,0.0,0.0,0.0,0.0,0.0,0.0,0.0,0.0,0.0,0.0,0.0,0.0,0.0,1.1904292106628418,0.0,0.0,0.0,0.0,0.0,0.0,0.0,0.0,0.0,0.0,0.0,0.0,0.0,0.0,0.0,0.0,0.0,0.0,0.0,0.0,0.0,0.0,0.0,0.0,0.0,0.0,0.0,0.0,0.0,0.0,0.0,0.0,0.0,0.0,0.0,0.0,0.0,0.0,0.0,0.0,0.0,0.0,0.0,0.0,0.0,0.0,0.0,0.0,0.0,0.0,0.0,0.0,0.0,0.0,0.0,0.0,0.0,0.0,0.0,0.0,0.0,0.0,0.0,0.0,0.0,0.0,0.0,0.0,0.0,0.0,0.0,0.0,0.0,0.0,0.0,0.0,0.0,0.0,0.0,0.0,0.0,0.0,0.0,0.0,0.0,0.0,0.0,0.0,0.0,0.0,0.0,0.0,0.0,0.0,0.0,0.0,0.0,0.0,0.0,0.0,0.0,0.0,0.0,0.0,0.0,0.0,0.0,0.0,0.0,0.0,0.0,0.0,0.0,0.0,0.0,0.0,0.0,0.0,0.0,0.0,0.0,0.0,1.6028468608856201,0.0,0.0,0.0,0.0,0.0,0.0,0.0,0.0,0.0,0.0,0.0,0.0,0.0,0.0,0.0,0.0,0.0,0.0,0.0,0.0,0.0,0.0,0.0,0.0,0.0,0.0,0.0,0.0,0.0,0.0,0.0,0.0,0.0,0.0,0.0,0.0,0.0,0.0,0.0,0.0,0.0,0.0,0.0,0.0,0.0,0.0,0.0,0.0,0.0,0.0,0.0,0.0,0.0,0.0,0.0,0.0,0.0,0.0,0.0,0.0,0.0,0.0,0.0,0.0,0.0,0.0,0.0,0.0,0.0,0.0,0.0,0.0,0.0,0.0,0.0,0.0,0.0,0.0,0.0,0.0,0.0,0.0,0.0,0.0,0.0,0.0,0.0,0.0,0.0,0.0,0.0,0.0,0.0,0.0,0.0,0.0,0.0,0.0,0.0,0.0,0.0,0.0,0.0,0.0,0.0,0.0,19.55643653869629,0.0,0.0,0.0,0.0,0.0,0.0,0.0,1.7395769357681274,0.0,0.0,0.0,0.0,0.0,0.0,0.0,0.0,0.0,0.0,0.0,0.0,0.0,0.0,6.056480407714844,0.0,0.0,0.0,0.0,0.0,0.0,0.0,0.0,0.0,0.0,0.0,0.0,0.0,0.0,0.0,0.0,0.0,0.0,0.0,0.0,0.0,0.0,0.0,0.0,0.0,0.0,0.0,0.0,0.0,0.0,0.0,0.0,0.0,0.0,0.0,0.0,0.0,0.0,0.0,0.0,0.0,0.0,0.0,0.0,0.0,0.0,0.0,0.0,0.0,0.0,0.0,0.0,0.0,0.0,0.0,0.0,0.0,0.0,0.0,0.0,0.0,0.0,0.0,0.0,0.0,0.0,0.0,0.0,0.0,0.0,0.0,0.0,0.0,0.0,0.0,0.0,0.0,0.0,0.0,0.0,0.0,0.0,0.0,0.0,0.0,0.0,0.0,0.0,0.0,0.0,0.0,0.0,0.0,0.0,0.0,0.0,0.0,0.0,0.0,0.0,0.0,0.0,0.0,0.0,0.0,0.0,0.0,0.0,0.0,0.0,0.0,0.0,0.0,0.0,0.0,0.0,0.0,0.0,0.0,0.0,0.0,0.0,0.0,0.0,0.0,0.0,0.0,0.0,0.0,0.0,0.0,0.0,0.0,0.0,0.0,0.0,0.0,0.0,0.0,0.0,0.0,0.0,0.0,0.0,0.0,0.0,0.0,0.0,0.0,0.0,0.0,0.0,0.0,0.0,0.0,0.0,0.0,0.0,0.0,0.0,22.562213897705078,0.0,0.0,0.0,0.0,0.0,0.0,0.0,0.0,0.0,0.0,0.0,0.0,0.0,0.0,0.0,0.0,0.0,0.0,0.0,0.0,0.0,0.0,0.0,0.0,0.0,6.449859142303467,0.0,0.0,0.0,0.0,0.0,41.65345764160156,0.0,0.0,0.0,0.0,47.686134338378906,0.0,0.0,0.0,0.0,0.0,0.0,0.0,0.0,0.0,0.0,9.53697395324707,0.0,0.0,0.0,0.0,0.0,0.0,0.0,0.0,0.0,0.0,0.0,0.0,0.0,0.0,0.0,0.0,0.0,0.0,0.0,0.0,0.0,0.0,0.0,0.0,0.0,0.0,0.0,0.0,0.0,0.0,0.0,0.0,3.759570360183716,0.0,0.0,0.0,0.0,0.0,0.0,0.0,0.0,0.0,0.0,0.0,0.0,0.0,0.0,0.0,0.0,14.613543510437012,0.0,0.0,0.0,0.0,0.0,0.0,0.0,0.0,0.0,0.0,0.0,0.0,0.0,0.0,0.0,0.0,0.0,0.0,0.0,0.0,0.0,0.0,0.0,0.0,0.0,0.0,0.0,0.0,0.0,0.0,0.0,0.0,0.0,0.0,0.0,0.0,0.0,0.0,0.0,0.0,0.0,0.0,0.0,0.0,0.0,0.0,0.0,0.0,0.0,0.0,0.0,0.0,0.0,0.0,0.0,0.0,0.0,0.0,0.0,0.0,0.0,0.0,0.0,0.0,0.0,0.0,0.0,0.0,0.0,0.0,0.0,0.0,0.0,0.0,0.0,0.0,0.0,0.0,0.0,0.0,0.0,0.0,0.0,0.0,0.0,0.0,0.0,0.0,0.0,0.0,0.0,0.0,0.0,0.0,0.0,0.0,0.0,0.0,0.0,0.0,0.0,0.0,0.0,0.0,0.0,0.0,0.0,0.0,0.0,0.0,0.0,0.0,0.0,0.0,0.0,0.0,0.0,0.0,0.0,0.0,0.0,0.0,11.389959335327148,0.0,0.0,3.322868824005127,0.0,0.0,0.0,0.0,0.0,0.0,0.0,0.0,0.0,0.0,0.0,0.0,0.0,0.0,0.0,0.0,0.0,0.0,0.0,0.0,0.0,0.0,0.0,0.0,0.0,0.0,0.0,0.0,0.0,0.0,0.0,0.0,0.0,0.0,0.0,0.0,0.0,0.0,0.0,0.0,0.0,0.0,0.0,0.0,0.0,0.0,0.0,0.0,0.0,0.0,0.0,0.0,0.0,0.0,0.0,0.0,0.0,0.0,0.0,0.0,0.0,0.0,0.0,0.0,0.0,0.0,0.0,0.0,0.0,0.0,0.0,0.0,0.0,0.0,0.0,0.0,19.512874603271484,0.0,0.0,0.0,0.0,0.0,0.0,0.0,0.0,0.0,0.0,0.0,0.0,0.0,0.0,0.0,0.0,0.0,0.0,0.0,0.0,0.0,0.0,0.0,0.0,0.0,0.0,8.111639976501465,0.0,0.0,0.0,0.0,0.0,0.0,0.0,0.0,0.0,0.0,0.0,0.0,0.0,0.0,0.0,0.0,0.0,0.0,0.0,0.0,0.0,0.0,0.0,0.0,0.0,0.0,0.0,0.0,0.0,0.0,0.0,0.0,0.0,0.0,0.0,0.0,0.0,0.0,0.0,0.0,0.0,0.0,0.0,0.0,0.0,0.0,0.0,0.0,0.0,0.0,0.0,0.0,0.0,0.0,0.0,0.0,0.0,7.187612533569336,0.0,0.0,0.0,0.0,0.0,0.0,0.0,0.0,0.0,0.0,0.0,0.0,0.0,0.0,0.0,0.0,0.0,0.0,0.0,0.0,0.0,0.0,0.0,0.0,0.0,0.0,0.0,0.0,0.0,0.0,0.0,0.0,0.0,0.0,0.0,0.0,0.0,0.0,0.0,0.0,0.0,0.0,16.4138126373291,0.0,0.0,0.0,0.0,0.0,0.0,0.0,0.0,0.0,0.0,0.0,0.0,0.0,0.0,0.0,0.0,0.0,0.0,0.0,0.0,0.0,0.0,0.0,0.0,0.0,0.0,0.0,0.0,0.0,0.0,0.0,0.0,0.0,0.0,0.0,0.0,0.0,0.0,0.0,0.0,0.0,0.0,0.0,0.0,0.0,0.0,0.0,0.0,0.0,0.0,0.0,0.0,0.0,0.0,0.0,0.0,0.0,0.0,0.0,0.0,0.0,0.0,0.0,0.0,0.0,0.0,0.0,0.0,0.0,0.0,0.0,0.0,0.0,0.0,0.0,0.0,0.0,0.0,0.0,0.0,0.0,0.0,0.0,0.0,0.0,0.0,0.0,0.0,0.0,0.0,0.0,0.0,0.0,0.0,0.0,0.0,0.0,0.0,0.0,0.0,0.0,0.0,0.0,0.0,0.0,0.0,0.0,0.0,0.0,0.0,0.0,0.0,5.58723783493042,0.0,15.788970947265625,0.0,0.0,0.0,0.0,6.831657886505127,0.0,0.0,0.0,0.0,0.0,0.0,0.0,0.0,0.0,0.0,0.0,0.0,0.0,0.0,0.0,0.0,0.0,0.0,0.0,0.0,0.0,0.0,0.0,0.0,0.0,0.0,0.0,0.0,0.0,0.0,0.0,0.0,0.0,0.0,0.0,0.0,0.0,0.0,0.0,0.0,0.0,0.0,0.0,0.0,0.0,0.0,0.0,0.0,0.0,0.0,0.0,0.0,0.0,0.0,0.0,0.0,0.0,0.0,0.0,0.0,0.0,0.0,0.0,0.0,0.0,0.0,0.0,0.0,0.0,0.0,0.0,0.0,0.0,0.0,0.0,0.0,0.0,0.0,0.0,0.0,0.0,0.0,0.0,0.0,0.0,0.0,0.0,0.0,0.0,0.0,0.0,0.0,0.0,0.0,0.0,0.0,0.0,0.0,0.0,0.0,0.0,0.0,0.0,0.0,0.0,0.0,0.0,0.0,0.0,0.0,0.0,0.0,0.0,0.0,0.0,0.0,0.0,0.0,0.0,0.0,0.0,0.0,0.0,0.0,0.0,0.0,0.0,0.0,0.0,0.0,0.0,0.0,0.0,0.0,0.0,0.0,0.0,0.0,0.0,0.0,0.0,0.0,0.0,0.0,0.0,0.0,0.0,0.0,0.0,0.0,0.0,0.0,0.0,0.0,0.0,0.0,0.0,0.0,0.0,0.0,0.0,0.0,0.0,0.0,0.0,0.0,0.0,0.0,0.0,0.0,0.0,0.0,0.0,0.0,0.0,0.0,0.0,0.0,0.0,0.0,0.0,0.0,0.0,0.0,0.0,0.0,0.0,0.0,0.0,0.0,0.0,0.0,0.0,0.0,0.0,0.0,0.0,0.0,0.0,0.0,0.0,0.0,0.0,0.0,0.0,0.0,0.0,0.0,0.0,0.0,0.0,0.0,0.0,0.0,0.0,0.0,0.0,0.0,0.0,0.0,0.0,0.0,0.0,0.0,0.0,0.0,0.0,0.0,0.0,0.0,0.0,0.0,0.0,0.0,0.0,0.0,0.0,0.0,0.0,0.0,0.0,0.0,0.0,0.0,0.0,0.0,0.0,0.0,0.0,0.0,0.0,0.0,0.0,0.0,0.0,0.0,0.0,0.0,0.0,0.0,0.0,0.0,0.0,0.0,0.0,0.0,0.0,0.0,0.0,0.0,0.0,0.0,0.0,0.0,0.0,0.0,0.0,0.0,0.0,0.0,0.0,0.0,0.0,0.0,0.0,0.0,0.0,0.0,0.0,0.0,0.0,0.0,0.0,0.0,0.0,0.0,0.0,0.0,0.0,0.0,0.0,0.0,0.0,0.0,0.0,0.0,0.0,0.0,0.0,0.0,0.0,0.0,0.0,0.0,0.0,0.0,0.0,0.0,0.0,0.0,0.0,0.0,0.0,0.0,0.0,0.0,0.0,0.0,0.0,0.0,0.0,0.0,0.0,0.0,0.0,0.0,0.0,0.0,0.0,0.0,0.0,0.0,0.0,0.0,0.0,0.0,0.0,0.0,0.0,0.0,0.0,0.0,0.0,0.0,0.0,0.0,0.0,0.0,0.0,0.0,0.0,0.0,0.0,0.0,0.0,0.0,0.0,0.0,0.0,0.0,0.0,0.0,0.0,0.0,0.0,0.0,0.0,0.0,0.0,0.0,0.0,0.0,0.0,0.0,0.0,0.0,0.0,0.0,0.0,0.0,0.0,0.0,0.0,0.0,0.0,0.0,0.0,0.0,0.0,0.0,0.0,0.0,0.0,0.0,0.0,0.0,0.0,0.0,0.0,0.0,0.0,0.0,0.0,0.0,0.0,0.0,0.0,0.0,0.0,0.0,0.0,0.0,0.0,0.0,0.0,0.0,0.0,0.0,0.0,0.0,0.0,0.0,0.0,0.0,0.0,0.0,0.0,0.0,0.0,0.0,0.0,0.0,0.0,0.0,0.0,0.0,0.0,0.0,0.0,0.0,0.0,0.0,0.0,0.0,0.0,0.0,0.0,0.0,0.0,0.0,0.0,0.0,0.0,0.0,0.0,0.0,0.0,0.0,0.0,0.0,0.0,0.0,0.0,0.0,0.0,0.0,0.0,0.0,0.0,0.0,0.0,0.0,0.0,0.0,0.0,0.0,0.0,0.0,0.0,0.0,0.0,0.0,0.0,0.0,0.0,0.0,0.0,0.0,0.0,0.0,0.0,0.0,0.0,0.0,0.0,0.0,5.850186347961426,0.0,0.0,0.0,0.0,5.487955093383789,0.0,0.0,0.0,0.0,0.0,0.0,0.0,0.0,0.0,0.0,0.0,0.0,0.0,0.0,0.0,0.0,0.0,0.0,0.0,0.0,0.0,0.0,0.0,0.0,0.0,0.0,0.0,0.0,0.0,0.0,0.0,0.0,0.0,0.0,0.0,0.0,0.0,0.0,0.0,0.0,0.0,0.0,0.0,0.0,11.354462623596191,0.0,0.0,0.0,0.0,0.0,0.0,0.0,0.0,0.0,0.0,0.0,0.0,0.0,0.0,0.0,0.0,0.0,0.0,0.0,0.0,0.0,0.0,0.0,0.0,0.0,0.0,0.0,0.0,0.0,0.0,0.0,0.0,0.0,0.0,0.0,0.0,0.0,0.0,0.0,0.0,0.0,0.0,0.0,0.0,0.0,0.0,0.0,0.0,0.0,0.0,0.0,0.0,0.0,0.0,0.0,0.0,0.0,0.0,0.0,0.0,0.0,0.0,0.0,0.0,0.0,0.0,0.0,0.0,0.0,0.0,0.0,0.0,0.0,0.0,0.0,0.0,0.0,0.0,0.0,0.0,0.0,0.0,0.0,0.0,0.0,0.0,0.0,0.0,0.0,0.0,0.0,0.0,0.0,0.0,0.0,0.0,0.0,0.0,0.0,0.0,0.0,0.0,0.0,0.0,0.0,0.0,0.0,0.0,0.0,0.0,0.0,0.0,0.0,0.0,0.0,0.0,0.0,0.0,0.0,0.0,0.0,0.0,0.0,0.0,0.0,0.0,0.0,0.0,0.0,0.0,0.0,0.0,0.0,0.0,0.0,0.0,0.0,0.0,0.0,0.0,0.0,0.0,0.0,0.0,0.0,0.0,0.0,0.0,0.0,0.0,0.0,0.0,0.0,0.0,0.0,0.0,0.0,0.0,0.0,0.0,0.0,0.0,0.0,0.0,0.0,0.0,0.0,0.0,0.0,0.0,0.0,0.0,0.0,0.0,0.0,0.0,0.0,3.6253750324249268,0.0,0.0,0.0,0.0,0.0,0.0,0.0,0.0,0.0,0.0,0.0,0.0,0.0,0.0,0.0,0.0,0.0,0.0,0.0,0.0,0.0,0.0,0.0,0.0,0.0,0.0,0.0,0.0,0.0,0.0,0.0,0.0,0.0,0.0,0.0,0.0,0.0,0.0,0.0,0.0,0.0,0.0,0.0,0.0,0.0,0.0,0.0,0.0,0.0,0.0,0.0,0.0,0.0,0.0,0.0,0.0,0.0,0.0,0.0,0.0,0.0,0.0,0.0,0.0,0.0,0.0,0.0,32.72658920288086,0.0,0.0,0.0,0.0,0.0,0.0,0.0,0.0,0.0,0.0,0.0,0.0,0.0,0.0,0.0,0.0,0.0,0.0,0.0,0.0,0.0,0.0,0.0,0.0,0.0,0.0,0.0,0.0,0.0,0.0,0.0,0.0,0.0,0.0,0.0,0.0,0.0,0.0,0.0,0.0,0.0,0.0,0.0,0.0,0.0,0.0,0.0,0.0,0.0,0.0,0.0,0.0,0.0,0.0,0.0,0.0,0.0,0.0,0.0,0.0,0.0,0.0,0.0,0.0,0.0,0.0,0.0,0.0,0.0,0.0,0.0,0.0,0.0,0.0,0.0,0.0,0.0,0.0,0.0,0.0,0.0,0.0,0.0,0.0,0.0,0.0,0.0,0.0,0.0,0.0,0.0,0.0,0.0,0.0,0.0,0.0,0.0,0.0,0.0,0.0,0.0,0.0,0.0,0.0,0.0,0.0,0.0,0.0,0.0,0.0,0.0,0.0,0.0,0.0,0.0,0.0,0.0,0.0,0.0,0.0,0.0,0.0,0.0,0.0,0.0,0.0,0.0,0.0,0.0,0.0,0.0,0.0,0.0,0.0,0.0,0.0,0.0,0.0,0.0,0.0,0.0,0.0,0.0,0.0,0.0,0.0,0.0,0.0,0.0,0.0,0.0,0.0,0.0,0.0,0.0,0.0,0.0,0.0,0.0,4.487696647644043,0.0,0.0,0.0,0.0,0.0,0.0,0.0,0.0,0.0,0.0,0.0,0.0,0.0,0.0,0.0,0.0,0.0,0.0,0.0,0.0,0.0,0.0,0.0,0.0,0.0,0.0,0.0,0.0,0.0,0.0,0.0,0.0,0.0,0.0,0.0,0.0,0.0,0.0,0.0,5.4478983879089355,0.0,0.0,0.0,0.0,0.0,0.0,0.0,0.0,0.0,0.0,0.0,0.0,0.0,0.0,0.0,7.891483783721924,0.0,0.0,0.0,0.0,7.0552659034729,0.0,0.0,0.0,0.0,0.0,0.0,0.0,0.0,0.0,0.0,0.0,0.0,0.0,0.0,0.0,0.0,0.0,0.0,0.0,0.0,0.0,0.0,0.0,0.0,0.0,0.0,0.0,0.0,0.0,0.0,0.0,0.0,0.0,0.0,0.0,0.0,0.0,0.0,0.0,0.0,0.0,0.0,0.0,0.0,0.0,0.0,0.0,0.0,0.0,0.0,0.0,0.0,0.0,0.0,0.0,0.0,0.0,0.0,0.0,0.0,0.0,0.0,0.0,0.0,0.0,0.0,0.0,0.0,0.0,0.0,0.0,0.0,0.0,0.0,0.0,0.0,0.0,0.0,0.0,0.0,0.0,0.0,0.0,0.0,0.0,0.0,0.0,0.0,0.0,0.0,0.0,0.0,0.0,0.0,0.0,0.0,0.0,0.0,0.0,0.0,0.0,0.0,0.0,0.0,0.0,0.0,0.0,0.0,0.0,0.0,0.0,7.923085689544678,0.0,0.0,0.0,0.0,0.0,0.0,0.0,0.0,0.0,0.0,0.0,0.0,0.0,0.0,0.0,0.0,0.0,0.0,0.0,0.0,0.0,0.0,0.0,0.0,0.0,0.0,0.0,0.0,0.0,0.0,0.0,0.0,0.0,0.0,0.0,0.0,0.0,0.0,0.0,0.0,0.0,0.0,0.0,0.0,8.834651947021484,0.0,0.0,0.0,0.0,0.0,0.0,0.0,0.0,0.0,0.0,0.0,0.0,0.0,0.0,0.0,0.0,0.0,0.0,0.0,0.0,0.0,0.0,0.0,0.0,0.0,0.0,0.0,0.0,0.0,0.0,0.0,0.0,0.0,0.0,0.0,0.0,0.0,5.712697505950928,0.0,0.0,0.0,0.0,0.0,0.0,0.0,0.0,0.0,0.0,0.0,0.0,0.0,0.0,0.0,0.0,0.0,0.0,0.0,0.0,0.0,0.0,0.0,0.0,0.0,0.0,0.0,0.0,0.0,0.0,0.0,0.0,0.0,0.0,0.0,0.0,0.0,0.0,0.0,0.0,0.0,0.0,0.0,0.0,0.0,0.0,0.0,0.0,0.0,0.0,0.0,0.0,0.0,0.0,0.0,0.0,0.0,0.0,0.0,0.0,0.0,0.0,0.0,0.0,0.0,0.0,0.0,0.0,0.0,0.0,0.0,0.0,0.0,0.0,0.0,0.0,0.0,0.0,0.0,0.0,0.0,0.0,0.0,0.0,0.0,0.0,0.0,0.0,0.0,0.0,0.0,0.0,0.0,0.0,0.0,44.4422607421875,0.0,0.0,0.0,0.0,0.0,7.12607479095459,0.0,0.0,0.0,0.0,0.0,0.0,0.0,0.0,0.0,0.0,0.0,0.0,0.0,0.0,0.0,0.0,10.946548461914062,3.053074598312378,0.0,0.0,0.0,0.0,0.0,0.0,0.0,0.0,0.0,0.0,0.0,0.0,0.0,0.0,0.0,0.0,0.0,0.0,0.0,0.0,0.0,0.0,0.0,0.0,0.0,0.0,0.0,0.0,0.0,0.0,0.0,0.0,0.0,0.0,0.0,0.0,0.0,0.0,0.0,0.0,0.0,0.0,0.0,0.0,0.0,0.0,0.0,0.0,0.0,2.030729293823242,0.0,0.0,0.0,0.0,0.0,0.0,0.0,0.0,0.0,0.0,0.0,0.0,0.0,0.0,0.0,0.0,0.0,0.0,0.0,0.0,0.0,0.0,0.0,0.0,0.0,0.0,0.0,0.0,0.0,0.0,0.0,0.0,0.0,0.0,0.0,0.0,0.0,0.0,0.0,0.0,0.0,0.0,0.0,0.0,0.0,0.0,0.0,0.0,0.0,0.0,0.0,0.0,0.0,0.0,0.0,0.0,0.0,0.0,0.0,0.0,0.0,0.0,0.0,0.0,47.21806716918945,0.0,0.0,0.0,0.0,0.0,0.0,0.0,0.0,0.0,0.0,0.0,0.0,0.0,0.0,0.0,0.0,0.0,0.0,0.0,0.0,29.852821350097656,0.0,0.0,0.0,0.0,0.0,0.0,0.0,0.0,0.0,0.0,0.0,0.0,0.0,0.0,0.0,0.0,0.0,0.0,0.0,0.0,0.0,0.0,0.0,0.0,0.0,0.0,0.0,0.0,0.0,0.0,0.0,19.1004638671875,0.0,0.0,0.0,0.0,0.0,2.106374502182007,0.0,42.19235610961914,0.0,0.0,0.0,0.0,0.0,0.0,0.0,0.0,0.0,0.0,0.0,0.0,0.0,0.0,0.0,0.0,0.0,0.0,0.0,0.0,2.790210723876953,0.0,0.0,0.0,0.0,0.0,0.0,0.0,0.0,0.0,0.0,0.0,0.0,0.0,0.0,0.0,0.0,0.0,0.0,0.0,0.0,0.0,0.0,0.0,0.0,0.0,0.0,0.0,0.0,0.0,0.0,0.0,0.0,0.0,0.0,0.0,0.0,0.0,0.0,0.0,0.0,0.0,0.0,0.0,0.0,24.081064224243164,0.0,0.0,0.0,0.0,0.0,0.0,0.0,0.0,0.0,0.0,0.0,0.0,0.0,0.0,0.0,0.0,0.0,0.0,0.0,0.0,0.0,0.0,0.0,0.0,0.0,0.0,0.0,0.0,0.0,0.0,0.0,0.0,0.0,0.0,0.0,0.0,0.0,0.0,0.0,0.0,0.0,0.0,0.0,0.0,0.0,0.0,0.0,0.0,0.0,0.0,0.0,0.0,0.0,0.0,0.0,0.0,0.0,0.0,0.0,0.0,0.0,0.0,0.0,0.0,0.0,0.0,7.672643661499023,0.0,0.0,0.0,0.0,0.0,0.0,0.0,0.0,0.0,0.0,0.0,0.0,0.0,0.0,0.0,0.0,0.0,0.0,0.0,0.0,0.0,0.0,0.0,0.0,0.0,0.0,0.0,0.0,0.0,0.0,0.0,0.0,0.0,0.0,0.0,0.0,0.0,0.0,0.0,0.0,0.0,0.0,0.0,0.0,0.0,0.0,0.0,0.0,0.0,0.0,0.0,0.0,0.0,0.0,0.0,0.0,0.0,0.0,0.0,0.0,0.0,0.0,0.0,0.0,0.0,0.0,0.0,0.0,0.0,0.0,0.0,0.0,0.0,0.0,0.0,0.0,0.0,0.0,0.0,0.0,0.0,0.0,0.0,0.0,0.0,0.0,0.0,0.0,0.0,0.0,0.0,0.0,0.0,0.0,0.0,0.0,0.0,0.0,0.0,0.0,0.0,0.0,0.0,0.0,0.0,0.0,0.0,0.0,0.0,0.0,0.0,0.0,0.0,0.0,0.0,0.0,0.0,0.0,0.0,0.0,0.0,0.0,0.0,0.0,0.0,0.0,0.0,0.0,0.0,0.0,0.0,0.0,0.0,0.0,0.0,0.0,0.0,0.0,0.0,0.0,0.0,0.0,0.0,0.0,0.0,0.0,0.0,0.0,0.0,0.0,0.0,0.0,0.0,0.0,0.0,0.0,0.0,0.0,0.0,0.0,0.0,0.0,0.0,0.0,0.0,0.0,0.0,0.0,0.0,0.0,0.0,0.0,0.0,0.0,0.0,0.0,0.0,0.0,30.33440399169922,0.0,0.0,0.0,0.0,0.0,5.94226598739624,0.0,0.0,0.0,0.0,0.0,0.0,0.0,0.0,0.0,0.0,0.0,0.0,0.0,0.0,0.0,0.0,0.0,9.894769668579102,0.0,0.0,0.0,0.0,0.0,0.0,0.0,0.0,0.0,0.0,0.0,0.0,0.0,0.0,0.0,0.0,0.0,0.0,0.0,0.0,0.0,0.0,0.0,0.0,0.0,0.0,0.0,0.0,0.0,0.0,0.0,0.0,0.0,0.0,0.0,0.0,0.0,0.0,0.0,0.0,0.0,0.0,0.0,0.0,0.0,0.0,0.0,0.0,0.0,18.53547477722168,0.0,0.0,0.0,0.0,0.0,0.0,0.0,0.0,0.0,0.0,0.0,0.0,0.0,0.0,0.0,0.0,0.0,0.0,0.0,0.0,0.0,0.0,0.0,0.0,0.0,0.0,0.0,0.0,0.0,0.0,0.0,0.0,0.0,0.0,0.0,0.0,0.0,0.0,0.0,0.0,0.0,0.0,0.0,0.0,0.0,0.0,0.0,0.0,0.0,0.0,0.0,0.0,0.0,0.0,0.0,0.0,0.0,0.0,0.0,0.0,0.0,0.0,0.0,0.0,0.0,0.0,0.0,0.0,0.0,0.0,0.0,0.0,0.0,0.0,0.0,0.0,0.0,0.0,0.0,0.0,0.0,0.0,0.0,0.0,0.0,37.39273452758789,0.0,0.0,0.0,0.0,0.0,0.0,0.0,0.0,0.0,0.0,0.0,0.0,0.0,0.0,0.0,0.0,0.0,0.0,0.0,0.0,0.0,0.0,0.0,0.0,0.0,0.0,0.0,0.0,0.0,0.0,0.0,0.0,7.767824649810791,0.0,0.0,0.0,0.0,0.0,0.0,4.241610050201416,0.0,0.0,0.0,0.0,0.0,0.0,0.0,0.0,0.0,0.0,0.0,0.0,0.46169787645339966,0.0,0.0,34.50394821166992,0.0,0.0,0.0,0.0,0.0,0.0,0.0,0.0,0.0,0.0,0.0,0.0,0.0,0.0,0.0,0.0,0.0,0.0,0.0,0.0,0.0,0.0,0.0,0.0,0.0,0.0,0.0,0.0,0.0,0.0,0.0,0.0,0.0,0.0,0.0,0.0,0.0,0.0,0.0,0.0,0.0,0.0,0.0,0.0,0.0,0.0,0.0,0.0,0.0,17.5771484375,0.0,0.0,0.0,0.0,0.0,0.0,0.0,0.0,0.0,0.0,0.0,0.0,0.0,0.0,0.0,0.0,0.0,0.0,0.0,0.0,0.0,0.0,9.541603088378906,0.0,0.0,0.0,0.0,0.0,0.0,0.0,0.0,0.0,0.0,0.0,0.0,0.0,0.0,0.0,0.0,0.0,0.0,0.0,0.0,0.0,0.0,0.0,0.0,0.0,0.0,0.0,0.0,0.0,0.0,0.0,0.0,0.0,0.0,0.0,0.0,0.0,0.0,0.0,0.0,0.0,0.0,0.0,0.0,0.0,0.0,0.0,0.0,0.0,0.0,0.0,0.0,0.0,0.0,0.0,0.0,0.0,0.0,0.0,0.0,0.0,0.0,0.0,0.0,0.0,0.0,0.0,0.0,0.0,0.0,0.0,0.0,0.0,0.0,0.0,0.0,0.0,0.0,0.0,0.0,0.0,0.0,0.0,0.0,0.0,0.0,0.0,0.0,0.0,0.0,0.0,0.0,0.0,0.0,0.0,0.0,0.0,0.0,0.0,0.0,0.0,0.0,0.0,0.0,0.0,0.0,0.0,0.0,0.0,0.0,0.0,0.0,0.0,0.0,0.0,0.0,0.0,0.0,0.0,0.0,0.0,0.0,0.0,0.0,0.0,0.0,0.0,0.0,0.0,0.0,0.0,0.0,0.0,0.0,0.0,0.0,0.0,0.0,0.0,0.0,0.0,0.0,0.0,0.0,0.0,0.0,0.0,0.0,0.0,0.0,0.0,0.0,0.0,0.0,0.0,0.0,0.0,0.0,0.0,0.0,0.0,0.0,0.0,0.0,0.0,0.0,0.0,0.0,0.0,0.0,0.0,0.0,0.0,0.0,0.0,0.0,0.0,0.0,0.0,0.0,0.0,0.0,0.0,0.0,0.0,0.0,0.0,0.0,0.0,0.0,0.0,0.0,0.0,0.0,0.0,0.0,0.0,0.0,0.0,0.0,0.0,0.0,0.0,0.0,0.0,0.0,0.0,0.0,0.0,0.0,0.0,0.0,0.0,0.0,0.0,0.0,0.0,0.0,0.0,0.0,0.0,0.0,42.2888298034668,0.0,0.0,0.0,0.0,0.0,0.0,0.0,0.0,0.0,0.0,0.0,0.0,0.0,0.0,0.0,0.0,0.0,0.0,0.0,0.0,0.0,0.0,0.0,0.0,0.0,0.0,0.0,0.0,0.0,0.0,0.0,0.0,0.0,0.0,0.0,0.0,0.0,0.0,0.0,0.0,0.0,0.0,0.0,0.0,20.93762969970703,0.0,0.0,0.0,0.0,0.0,0.0,0.0,0.0,0.0,0.0,0.0,0.0,0.0,0.0,0.0,0.0,0.0,0.0,0.0,0.0,0.0,0.0,0.0,0.0,0.0,0.0,0.0,0.0,0.0,0.0,0.0,0.0,0.0,0.0,0.0,0.0,0.0,0.0,0.0,0.0,0.0,0.0,0.0,0.0,0.0,0.0,0.0,0.0,0.0,0.0,0.0,0.0,0.0,0.0,0.0,0.0,0.0,0.0,0.0,0.0,0.0,0.0,0.0,0.0,0.0,0.0,0.0,0.0,0.0,0.0,0.0,0.0,0.0,0.0,0.0,0.0,0.0,0.0,0.0,0.0,0.0,0.0,0.0,0.0,0.0,0.0,0.0,0.0,0.0,0.0,0.0,0.0,0.0,0.0,0.0,0.0,0.0,0.0,0.0,0.0,0.0,0.0,0.0,0.0,0.0,0.0,0.0,0.0,0.0,0.0,0.0,0.0,0.0,0.0,0.0,0.0,0.0,0.0,0.0,0.0,0.0,0.0,0.0,0.0,0.0,0.0,0.0,0.0,0.0,0.0,0.0,0.0,0.0,0.0,0.0,0.0,0.0,0.0,0.0,0.0,0.0,0.0,0.0,0.0,0.0,0.0,0.0,5.2039995193481445,0.0,0.0,0.0,0.0,0.0,0.0,0.0,0.0,0.0,0.0,0.0,0.0,0.0,0.0,0.0,0.0,0.0,0.0,0.0,15.414748191833496,0.0,0.0,69.26924896240234,0.0,0.0,0.0,0.0,25.67560386657715,0.0,0.0,0.0,0.0,0.0,0.0,0.0,0.0,0.0,0.0,0.0,0.0,0.0,0.0,0.0,0.0,0.0,0.0,0.0,0.0,0.0,0.0,0.0,0.0,0.0,0.0,0.0,0.0,0.0,0.0,0.0,0.0,0.0,0.0,0.0,0.0,0.0,0.0,0.0,0.0,0.0,0.0,0.0,0.0,0.0,0.0,0.0,0.0,0.0,0.0,0.0,0.0,0.0,0.0,0.0,0.0,0.0,0.0,0.0,0.0,0.0,0.0,0.0,0.0,0.0,0.0,0.0,0.0,0.0,0.0,0.0,0.0,0.0,0.0,0.0,0.0,0.0,0.0,0.0,0.0,0.0,0.0,0.0,0.0,0.0,0.0,0.0,0.0,0.0,0.0,0.0,0.0,0.0,0.0,0.0,0.0,0.0,0.0,0.0,0.0,0.0,0.0,0.0,0.0,0.0,0.0,0.0,0.0,0.0,0.0,0.0,0.0,3.7050302028656006,0.0,0.0,0.0,0.0,8.909477233886719,0.0,0.0,0.0,0.0,0.0,0.0,0.0,0.0,0.0,0.0,0.0,0.0,0.0,0.0,1.0409704446792603,0.0,0.0,0.0,0.0,0.0,0.0,0.0,0.0,0.0,0.0,0.0,0.0,0.0,0.0,0.0,0.0,0.0,0.0,0.0,0.0,0.0,0.0,0.0,0.0,0.0,0.0,0.0,0.0,0.0,0.0,0.0,0.0,0.0,0.0,0.37029963731765747,0.0,0.0,0.0,0.0,0.0,0.0,0.0,0.0,0.0,0.0,0.0,0.0,0.0,0.0,0.0,9.82123851776123,0.0,0.0,0.0,0.0,0.0,0.0,0.0,0.0,0.0,0.0,0.0,0.0,0.0,0.0,0.0,0.0,0.0,0.0,0.0,0.0,0.0,0.0,0.0,0.0,0.0,0.0,0.0,0.0,0.0,0.0,0.0,0.0,0.0,0.0,0.0,0.0,0.0,0.0,0.0,0.0,0.0,1.889009952545166,0.0,0.0,0.0,0.0,0.0,0.0,0.0,0.0,0.0,0.0,0.0,0.0,0.0,0.0,0.0,0.0,0.0,0.0,0.0,0.0,0.0,0.0,0.0,0.0,0.0,0.0,0.0,0.0,0.0,0.0,0.0,0.0,0.0,0.0,0.0,0.0,0.0,3.0962324142456055,0.0,0.0,0.0,0.0,0.0,0.0,0.0,0.3972167372703552,0.0,0.0,0.0,0.0,0.0,0.0,0.0,0.0,0.0,0.0,0.0,0.0,0.0,0.0,0.0,0.0,0.0,0.0,22.443910598754883,0.0,0.0,0.0,0.0,0.0,0.0,0.0,0.0,0.0,9.284687995910645,0.0,0.0,0.0,0.0,0.0,0.0,0.0,0.0,0.0,0.0,0.0,0.0,8.391670227050781,0.0,0.0,0.0,0.0,0.0,0.0,0.0,0.0,0.0,0.0,0.0,0.0,0.0,0.0,0.0,0.0,0.0,0.0,0.0,0.0,0.0,12.550662994384766,0.0,0.0,0.0,0.0,0.0,0.0,11.828055381774902,0.0,0.0,0.0,0.0,0.0,4.889700412750244,0.0,0.0,0.0,0.0,0.0,0.0,0.0,0.0,0.0,0.0,0.0,0.0,0.0,0.0,0.0,0.0,0.0,0.0,0.0,0.0,0.0,0.0,0.0,0.0,0.0,0.0,0.0,0.0,0.0,0.0,0.0,0.0,0.0,0.0,0.0,0.0,0.0,0.0,0.0,0.0,0.0,0.0,0.5126235485076904,0.0,0.0,0.0,0.0,0.0,0.0,0.0,0.0,0.0,0.0,0.0,0.0,0.0,0.0,0.0,0.0,0.0,0.0,0.0,0.0,0.0,0.0,0.0,0.0,0.0,0.0,0.0,0.0,0.0,0.0,0.0,0.0,0.0,0.0,0.0,0.0,0.0,0.0,0.0,0.0,0.0,0.0,0.0,0.0,0.0,0.0,0.0,0.0,0.0,0.0,0.0,0.0,4.286436080932617,0.0,0.0,0.0,0.0,0.0,0.0,0.0,1.099031686782837,0.0,0.0,0.0,0.0,0.0,0.0,0.0,0.0,0.0,0.0,0.0,0.0,0.0,0.0,0.0,0.0,0.0,0.0,0.0,0.0,0.0,26.157276153564453,0.0,0.0,0.0,0.0,0.0,0.0,0.0,0.0,0.0,0.0,0.0,0.0,0.0,0.0,0.0,0.0,0.0,0.0,0.0,0.0,0.0,0.0,0.0,0.0,0.0,0.0,0.0,0.0,13.307291984558105,0.0,0.0,40.8386116027832,0.0,0.0,0.0,0.0,36.09558868408203,0.0,0.0,0.0,0.0,0.0,0.0,0.0,0.0,0.0,0.0,0.0,0.0,0.0,0.0,0.0,0.0,0.0,0.0,0.0,0.0,0.0,0.0,0.0,0.0,0.0,0.0,0.0,0.0,0.0,0.0,0.0,0.0,0.0,0.0,0.0,0.0,0.0,0.0,0.0,0.0,0.0,0.0,0.0,0.0,0.0,0.0,5.9701313972473145,0.0,0.0,0.0,0.0,0.0,0.0,0.0,0.0,0.0,0.0,0.0,0.0,0.0,5.124361038208008,0.0,0.0,0.0,0.0,0.0,0.0,0.0,0.0,0.0,0.0,0.0,0.0,0.0,0.0,0.0,0.0,0.0,45.68810272216797,0.0,0.0,0.0,0.0,0.0,0.0,0.0,0.0,0.0,0.0,0.0,0.0,0.0,0.0,0.0,0.0,0.0,0.0,0.0,0.0,0.0,0.0,0.0,0.0,0.0,0.0,0.0,0.0,0.0,0.0,0.0,0.0,0.0,0.0,0.0,0.0,0.0,0.0,0.0,0.0,0.0,0.0,0.0,0.0,0.0,0.0,0.0,0.0,0.0,0.0,0.0,0.0,0.0,0.0,0.0,0.0,0.0,0.0,0.0,0.0,0.0,0.0,0.0,0.0,0.0,0.0,0.0,0.0,0.0,0.0,0.0,0.0,0.0,0.0,0.0,0.0,0.0,0.0,0.0,0.0,0.0,0.0,0.0,0.0,0.0,0.0,0.0,0.0,0.0,0.0,0.0,31.202301025390625,0.0,0.0,0.0,0.0,9.184024810791016,0.0,0.0,0.0,0.0,0.0,0.0,0.0,3.0440244674682617,0.0,0.0,5.242528438568115,0.0,0.0,0.0,0.0,0.0,0.0,0.0,0.0,0.0,0.0,0.0,0.0,0.0,0.0,0.0,0.0,0.0,0.0,0.0,0.0,0.0,0.0,0.0,0.0,0.0,0.0,0.0,0.0,0.0,0.0,0.0,0.0,0.0,0.0,0.0,0.0,0.0,0.0,0.0,0.0,0.0,0.0,0.0,0.0,0.0,0.0,0.0,0.0,0.0,0.0,0.0,0.0,0.0,0.0,0.0,0.0,0.0,0.0,0.0,0.0,0.0,0.0,0.0,0.0,0.0,0.0,0.0,0.0,0.0,0.0,0.0,0.0,0.0,0.0,0.0,0.0,13.201805114746094,0.0,0.0,0.0,0.0,0.0,0.0,0.0,0.0,0.0,0.0,0.0,0.0,0.0,0.0,0.0,0.0,0.0,0.0,0.0,0.0,0.0,0.0,0.0,0.0,0.0,0.0,18.76071548461914,0.0,0.0,0.0,0.0,0.0,0.0,0.0,0.0,0.0,0.0,0.0,0.0,0.0,0.0,0.0,0.0,0.0,0.0,0.0,0.0,0.0,0.0,0.0,0.0,0.0,0.0,0.0,0.0,0.0,0.0,0.0,0.0,0.0,0.0,0.0,0.0,0.0,0.0,0.0,0.0,0.0,0.0,0.0,0.0,0.0,0.0,0.0,0.0,0.0,0.0,0.0,0.0,0.0,0.0,0.0,0.0,0.0,0.0,0.0,0.0,0.0,0.0,0.0,0.0,0.0,0.0,0.0,0.0,0.0,0.0,0.0,0.0,0.0,8.322509765625,0.0,0.0,0.0,0.0,0.0,0.0,0.0,0.0,0.0,0.0,0.0,0.0,0.0,0.0,0.0,0.0,0.0,0.0,0.0,0.0,0.0,0.0,0.0,0.0,0.0,0.0,35.843910217285156,0.0,0.0,0.0,0.0,0.0,0.0,0.0,0.0,0.0,0.0,0.0,0.0,0.0,0.0,0.0,0.0,0.0,0.0,0.0,0.7104373574256897,0.0,0.0,0.0,0.0,0.0,0.0,0.0,0.0,0.0,0.0,0.0,0.0,0.0,0.0,0.0,0.0,0.0,0.0,0.0,0.0,0.0,0.0,0.0,0.0,0.0,0.0,0.0,0.0,0.0,0.0,0.0,0.0,2.9085123538970947,0.0,0.0,0.0,0.0,0.0,1.7175655364990234,0.0,0.0,0.0,0.0,0.0,0.0,0.0,0.0,0.0,0.0,0.0,0.0,0.0,0.0,0.0,0.0,0.0,0.0,0.0,0.0,0.0,2.185669183731079,0.0,24.393795013427734,0.0,0.0,0.0,0.0,0.0,0.0,0.0,0.0,0.0,0.0,0.0,0.0,0.0,0.0,0.0,0.0,0.0,0.0,0.0,0.0,0.45547613501548767,0.0,0.0,0.0,0.0,0.0,0.0,0.0,0.0,0.0,0.0,49.81382369995117,0.0,0.0,0.0,0.0,0.14014863967895508,0.0,0.0,0.0,0.0,0.0,0.0,0.0,0.0,0.0,0.0,0.0,0.0,0.0,0.0,0.0,9.690532684326172,0.0,0.0,0.0,0.0,0.0,0.0,0.0,0.0,0.0,0.0,0.0,0.0,0.0,0.0,0.0,0.0,0.0,0.0,0.0,0.0,0.0,0.0,0.0,0.0,0.0,0.0,0.0,40.571319580078125,0.0,0.0,0.0,0.0,0.0,0.0,0.0,0.0,0.0,0.0,0.0,0.0,0.0,0.0,0.0,0.0,0.0,0.0,0.0,0.0,0.0,0.0,0.0,0.0,0.0,0.0,0.0,0.0,0.0,0.0,0.0,0.0,0.0,0.0,0.0,0.0,0.0,0.0,0.0,0.0,0.0,0.0,0.0,0.0,0.0,0.0,0.0,0.0,0.0,0.0,0.0,0.0,0.0,0.0,0.0,0.0,0.0,0.0,0.0,0.0,0.0,0.0,0.0,0.0,0.0,0.0,0.0,0.0,0.0,0.0,0.0,0.0,0.0,0.0,0.0,0.0,0.0,0.0,0.0,0.0,0.0,0.0,0.0,0.0,0.0,0.0,0.0,0.0,0.0,0.0,0.0,0.0,0.0,0.0,0.0,0.0,0.0,0.0,0.0,0.0,0.0,0.0,0.0,0.0,0.0,0.0,0.0,0.0,0.0,0.0,0.0,0.0,0.0,0.0,0.0,0.0,0.0,0.0,0.0,0.0,0.0,0.0,0.0,0.0,0.0,0.0,0.0,0.0,0.0,0.0,0.0,0.0,0.0,0.0,0.0,0.0,0.0,0.0,0.0,0.0,0.0,0.0,0.0,0.0,0.0,0.0,0.0,0.0,0.0,0.0,0.0,0.0,0.0,0.0,0.0,0.0,0.0,0.0,0.0,0.0,0.0,0.0,0.0,0.0,0.0,0.0,0.0,0.0,0.0,0.0,0.0,0.0,0.0,0.0,0.0,0.0,0.0,0.0,0.0,0.0,0.0,0.0,0.0,0.0,0.0,0.0,0.0,0.0,0.0,0.0,0.0,0.0,0.0,0.0,0.0,0.0,0.0,0.0,0.0,0.0,0.0,0.0,0.0,0.0,0.0,0.0,0.0,0.0,0.0,0.0,0.0,0.0,0.0,0.0,0.0,0.0,0.0,0.0,0.0,16.890573501586914,0.0,0.0,0.0,0.0,0.0,0.0,0.0,0.0,0.0,0.0,0.0,0.0,0.0,0.0,0.0,0.0,0.0,0.0,0.0,0.0,0.0,0.0,0.0,0.0,0.0,0.0,17.800968170166016,0.0,0.0,0.0,0.0,0.0,0.0,0.0,0.0,0.0,4.70930814743042,0.0,0.0,0.0,0.0,0.0,0.0,0.0,0.0,0.0,0.0,0.0,0.0,0.0,0.0,0.0,0.0,0.0,0.0,0.0,0.0,0.0,0.0,0.0,0.0,0.0,0.0,0.0,0.0,0.0,0.0,0.0,0.0,0.0,0.0,24.80758285522461,0.0,0.0,0.0,0.0,0.0,0.0,0.0,0.0,0.0,0.0,0.0,0.0,0.0,0.0,0.0,0.0,0.0,0.0,0.0,0.0,0.0,0.0,0.0,0.0,0.0,0.0,0.0,0.0,0.0,0.0,0.0,0.0,0.0,0.0,0.0,0.0,0.0,0.0,0.0,0.0,0.0,0.0,0.0,0.0,0.0,0.0,0.0,0.0,0.0,0.0,0.0,0.0,0.0,0.0,0.0,0.0,0.0,0.0,0.0,0.0,0.0,0.0,0.0,0.0,0.0,0.0,0.0,0.0,0.0,0.0,0.0,0.0,0.0,0.0,0.0,0.0,0.0,0.0,0.0,0.0,0.0,0.0,0.0,0.0,0.0,0.0,0.0,0.0,0.0,0.0,0.0,0.0,0.0,0.0,0.0,0.0,0.0,0.0,0.0,0.0,0.0,0.0,0.0,0.0,0.0,0.0,0.0,0.0,31.68557357788086,0.0,0.0,0.0,0.0,0.0,0.0,0.0,0.0,0.0,0.0,0.0,0.0,0.0,0.0,0.0,0.0,0.0,0.0,0.0,0.0,0.0,0.0,0.0,0.0,0.0,0.0,0.0,0.0,0.0,0.0,0.0,0.0,0.0,0.0,0.0,0.0,0.0,0.0,0.0,0.0,0.0,0.0,0.0,0.0,0.0,0.0,0.0,0.0,0.0,0.0,0.0,0.0,0.0,0.0,0.0,0.0,0.0,0.0,0.0,0.0,0.0,0.0,0.0,0.0,0.0,0.0,0.0,0.0,0.0,0.0,0.0,0.0,0.0,0.0,0.0,0.0,0.0,0.0,0.0,0.0,0.0,0.0,0.0,0.0,0.0,0.0,0.0,0.0,0.0,0.0,0.0,0.0,0.0,0.0,0.0,0.0,0.0,0.0,0.0,0.0,0.0,0.0,0.0,0.0,0.0,0.0,0.0,0.0,0.0,0.0,0.0,0.0,0.0,0.0,0.0,0.0,0.0,0.0,0.0,0.0,0.0,0.0,0.0,0.0,0.0,0.0,0.0,0.0,0.0,0.0,0.0,0.0,0.0,0.0,0.0,0.0,0.0,0.0,0.0,0.0,0.0,0.0,0.0,0.0,0.0,0.0,0.0,0.0,0.0,0.0,0.0,0.0,0.0,0.0,0.0,0.0,0.0,0.0,0.0,0.0,0.0,0.0,0.0,0.0,0.0,0.0,0.0,0.0,0.0,0.0,0.0,0.0,0.0,0.0,0.0,0.0,0.0,0.0,0.0,0.0,0.0,0.0,0.0,0.0,0.0,0.0,0.0,0.0,0.0,0.0,0.0,0.0,0.0,0.0,0.0,0.0,0.0,0.0,0.0,0.0,0.0,0.0,0.0,0.0,0.0,0.0,0.0,0.0,0.0,0.0,0.0,0.0,0.0,0.0,0.0,0.0,0.0,0.0,0.0,0.0,0.0,0.0,0.0,0.0,0.0,0.0,0.0,0.0,0.0,0.0,0.0,0.0,0.0,0.0,0.0,0.0,0.0,0.0,0.0,0.0,0.0,0.0,0.0,0.0,0.0,0.0,0.0,0.0,0.0,0.0,0.0,0.0,0.0,0.0,0.0,0.0,0.0,0.0,0.0,0.0,0.0,0.0,0.0,0.0,0.0,0.0,0.0,0.0,0.0,0.0,0.0,0.0,0.0,0.0,0.0,0.0,0.0,0.0,0.0,0.0,0.0,0.0,0.0,0.0,0.0,0.0,0.0,0.0,0.0,0.0,0.0,0.0,0.0,0.0,0.0,0.0,0.0,0.0,0.0,0.0,0.0,0.0,0.0,0.0,0.0,0.0,0.0,0.0,0.0,0.0,0.0,0.0,0.0,0.0,0.0,0.0,0.0,0.0,0.0,0.0,0.0,0.0,0.0,0.0,0.0,0.0,0.0,0.0,0.0,0.0,0.0,0.0,0.0,0.0,0.0,0.0,0.0,0.0,0.0,0.0,0.0,0.0,0.0,0.0,0.0,0.0,0.0,0.0,0.0,0.0,0.0,0.0,0.0,0.0,0.0,0.0,0.0,27.58698081970215,0.0,0.0,0.0,0.0,0.0,0.0,0.0,0.0,0.0,0.0,0.0,0.0,0.0,0.0,0.0,0.0,0.0,0.0,0.0,0.0,0.0,0.0,0.0,0.0,0.0,0.0,0.0,0.0,0.0,0.0,0.0,0.0,0.0,0.0,0.0,0.0,0.0,0.0,0.0,0.0,0.0,0.0,0.0,0.0,1.2376350164413452,0.0,0.0,0.0,0.0,0.0,0.0,0.0,0.0,0.0,0.0,5.6906208992004395,0.0,0.0,0.0,0.0,0.0,0.0,0.0,0.0,0.0,0.0,0.0,0.0,0.0,0.0,0.0,0.0,0.0,0.0,0.0,0.0,0.0,0.0,0.0,0.0,0.0,0.0,0.0,0.0,0.0,0.0,0.0,0.0,0.0,0.0,0.0,0.0,0.0,0.0,0.0,0.0,0.0,0.0,0.0,0.0,0.0,0.0,0.0,0.0,0.0,0.0,0.0,0.0,0.0,0.0,0.0,0.0,0.0,0.0,0.0,0.0,0.0,0.0,0.0,0.0,0.0,0.0,0.0,0.0,0.0,0.0,0.0,0.0,0.0,0.0,0.0,0.0,0.0,0.0,0.0,0.0,0.0,0.0,0.0,0.0,0.0,0.0,0.0,0.0,0.0,0.0,0.0,0.0,0.0,0.0,0.0,0.0,0.0,19.38506317138672,0.0,0.0,0.0,0.0,0.0,0.0,0.0,0.0,0.0,0.0,0.0,0.0,0.0,0.0,0.0,0.0,0.0,0.0,0.0,0.0,0.0,0.0,0.0,0.0,0.0,0.0,0.0,0.0,0.0,0.0,0.0,0.0,0.0,0.0,0.0,0.0,0.0,0.0,0.0,0.0,0.0,0.0,0.0,0.0,0.0,0.0,0.0,0.0,0.0,0.0,0.0,0.0,0.0,0.0,0.0,0.0,0.0,0.0,0.0,0.0,0.0,0.0,0.0,0.0,0.0,0.0,0.0,0.0,0.0,0.0,0.0,0.0,0.0,0.0,0.0,0.0,0.0,0.0,0.0,0.0,0.0,0.0,0.0,0.0,0.0,0.0,0.0,0.0,0.0,0.0,0.0,0.0,0.0,0.0,0.0,0.0,0.0,0.0,0.0,0.0,0.0,0.0,0.0,0.0,0.0,0.0,0.0,0.0,0.0,0.0,0.0,0.0,0.0,0.0,0.0,0.0,0.0,0.0,0.0,0.0,0.0,0.0,0.0,0.0,0.0,0.0,0.0,0.0,0.0,0.0,0.0,0.0,0.0,0.0,0.0,0.0,0.0,0.0,0.0,0.0,0.0,0.0,0.0,0.0,0.0,0.0,0.0,0.0,0.0,0.0,0.0,0.0,0.0,0.0,0.0,0.0,0.0,0.0,0.0,0.0,0.0,0.0,0.0,0.0,0.0,0.0,0.0,0.0,0.0,0.0,0.0,0.0,0.0,0.0,0.0,0.0,0.0,0.0,0.0,0.0,0.0,0.0,0.0,0.0,0.0,0.0,0.0,0.0,0.0,0.0,0.0,0.0,0.0,0.0,0.0,0.0,0.0,0.0,0.0,0.0,0.0,0.0,0.0,0.0,0.0,0.0,0.0,0.0,0.0,0.0,0.0,0.0,0.0,0.0,0.0,0.0,0.0,0.0,0.0,0.0,0.0,0.0,0.0,0.0,0.0,0.0,0.0,0.0,0.0,0.0,0.0,0.0,0.0,0.0,0.0,0.0,0.0,0.0,0.0,0.0,0.0,0.0,0.0,0.0,0.0,0.0,0.0,0.0,0.0,0.0,0.0,0.0,0.0,0.0,0.0,0.0,0.0,0.0,0.0,0.0,0.0,0.0,0.0,0.0,0.0,0.0,0.0,0.0,0.0,0.0,0.0,0.0,0.0,0.0,0.0,0.0,0.0,0.0,0.0,0.0,0.0,0.0,0.0,0.0,0.0,0.0,0.0,0.0,0.0,0.0,0.0,0.0,0.0,0.0,0.0,0.0,0.0,0.0,0.0,0.0,0.0,0.0,0.0,0.0,0.0,0.0,0.0,0.0,0.0,0.0,0.0,0.0,0.0,0.0,0.0,0.0,0.0,0.0,0.0,0.0,0.0,0.0,0.0,0.0,0.0,0.0,0.0,0.0,0.0,0.0,0.0,0.0,0.0,0.0,0.0,0.0,0.0,0.0,0.0,0.0,0.0,0.0,0.0,0.0,0.0,0.0,0.0,0.0,0.0,0.0,0.0,0.0,0.0,0.0,0.0,0.0,0.0,25.724884033203125,0.0,0.0,0.0,0.0,0.0,0.0,0.0,0.0,0.0,0.0,0.0,21.952667236328125,0.0,0.0,0.0,0.0,0.0,0.0,0.0,0.0,0.0,0.0,0.0,0.0,0.0,0.0,0.0,0.0,0.0,0.0,0.0,0.0,0.0,0.0,0.0,0.0,0.0,0.0,0.0,0.0,0.0,0.0,0.0,0.0,0.0,0.0,0.0,0.0,0.0,0.0,0.0,0.0,0.0,0.0,0.0,0.9576147794723511,0.0,0.0,0.0,0.0,0.0,0.0,0.0,0.0,0.0,0.0,0.0,0.0,0.0,0.0,0.0,0.0,0.0,0.0,0.0,0.0,0.0,0.0,0.0,0.0,0.0,0.0,0.0,0.0,0.0,0.0,0.0,0.0,0.0,0.0,0.0,0.0,0.0,0.0,0.0,0.0,0.0,0.0,0.0,0.0,0.0,0.0,0.0,0.0,0.0,0.0,0.0,0.0,0.0,0.0,0.0,0.0,0.0,0.0,0.0,0.0,0.0,0.0,0.0,0.0,0.0,0.0,0.0,0.0,0.0,0.0,0.0,0.0,0.0,0.0,0.0,0.0,0.0,0.0,0.0,0.0,0.0,0.0,35.42451095581055,0.0,0.0,0.0,0.0,0.0,0.0,0.0,0.0,0.0,0.0,0.0,0.0,0.0,0.0,0.0,0.0,0.0,0.0,0.0,0.0,0.0,0.0,0.0,0.0,0.0,0.0,0.0,0.0,0.0,0.0,0.0,0.0,0.0,0.0,0.0,0.0,0.0,0.0,0.0,0.0,0.0,0.0,0.0,0.0,0.0,0.0,0.0,0.0,0.0,0.0,0.0,0.0,22.13397979736328,0.0,0.0,0.0,0.0,0.0,0.0,0.0,13.30173397064209,0.0,0.0,0.0,0.0,0.0,0.0,0.0,0.0,0.0,0.0,0.0,0.0,0.0,0.0,0.0,0.0,0.0,0.0,0.0,0.0,0.0,0.0,0.0,0.0,0.0,0.0,0.0,0.0,0.0,0.0,0.0,0.0,0.0,0.0,0.0,0.0,0.0,0.0,0.0,0.0,0.0,0.0,0.0,0.0,0.0,0.0,0.0,0.0,0.0,0.0,0.0,0.0,0.0,0.0,0.0,0.0,0.0,0.0,0.0,0.0,0.0,0.0,0.0,0.0,0.0,22.185270309448242,0.0,0.0,0.0,0.0,0.0,0.0,0.0,0.0,0.0,0.0,0.0,0.0,0.0,0.0,0.0,0.0,0.0,0.0,0.0,0.0,0.0,0.0,0.0,0.0,0.0,0.0,0.0,0.0,0.0,0.0,0.0,0.0,0.0,0.0,0.0,0.0,0.0,0.0,0.0,0.0,0.0,0.0,0.0,0.0,0.0,0.0,0.0,0.0,0.0,0.0,0.0,0.0,0.0,0.0,0.0,0.0,0.0,0.0,0.0,0.0,0.0,0.0,0.0,0.0,0.0,0.0,0.0,0.0,0.0,0.0,0.0,0.0,0.0,0.0,0.0,0.0,0.0,0.0,0.0,0.0,0.0,0.0,0.0,0.0,0.0,0.0,0.0,0.0,0.0,0.0,0.0,0.0,0.0,0.0,0.0,0.0,0.0,0.0,0.0,0.0,0.0,0.0,0.0,0.0,0.0,0.0,0.0,0.0,0.0,0.0,0.0,0.0,0.0,0.0,0.0,0.0,0.0,0.0,0.0,0.0,0.0,0.0,0.0,0.0,0.0,0.0,0.0,0.0,0.0,0.0,0.0,0.0,0.0,0.0,0.0,0.0,0.0,0.0,0.0,0.0,0.0,0.0,0.0,0.0,0.0,0.0,0.0,0.0,0.0,0.0,0.0,0.0,0.0,0.0,0.0,0.0,0.0,0.0,0.0,0.0,0.0,0.0,0.0,0.0,0.0,0.0,0.0,0.0,0.0,0.0,0.0,0.0,0.0,0.0,0.0,0.0,0.0,0.0,0.0,0.0,0.0,0.0,0.0,0.0,0.0,0.0,0.0,0.0,0.0,0.0,0.0,0.0,0.0,0.0,0.0,0.0,0.0,0.0,0.0,0.0,0.0,0.0,0.0,0.0,0.0,0.0,0.0,0.0,0.0,0.0,0.0,0.0,0.0,0.0,0.0,0.0,0.0,0.0,0.0,0.0,0.0,0.0,0.0,0.0,0.0,0.0,0.0,0.0,0.0,0.0,0.0,0.0,0.0,0.0,0.0,0.0,0.0,0.0,0.0,0.0,0.0,0.0,0.0,0.0,0.0,11.265439987182617,0.0,0.0,0.0,0.0,0.0,0.0,0.0,0.0,0.0,0.0,0.0,9.317554473876953,0.0,0.0,0.0,0.0,0.0,0.0,0.0,0.0,0.0,0.0,0.0,0.0,0.0,0.0,0.0,0.0,0.0,0.0,0.0,0.0,0.0,0.0,0.0,0.0,0.0,0.0,0.0,0.0,0.0,0.0,0.0,0.0,2.729130983352661,0.0,0.0,0.0,0.0,0.0,0.0,0.0,0.0,0.0,0.0,0.49454641342163086,0.0,0.0,0.0,0.0,0.0,0.0,0.0,0.0,0.0,0.0,0.0,0.0,0.0,0.0,0.0,0.0,0.0,0.0,0.0,0.0,0.0,0.0,0.0,0.0,0.0,0.0,0.0,0.0,0.0,0.0,0.0,0.0,0.0,0.0,0.0,0.0,0.0,0.0,0.0,0.0,0.0,0.0,0.0,0.0,0.0,0.0,0.0,0.0,0.0,0.0,0.0,0.0,0.0,0.0,0.0,0.0,0.0,0.0,0.0,0.0,0.0,0.0,0.0,0.0,0.0,0.0,0.0,0.0,0.0,0.0,0.0,0.0,0.0,0.0,0.0,0.0,0.0,0.0,0.0,0.0,0.0,0.0,0.0,0.0,0.0,0.0,0.0,0.0,0.0,0.0,0.0,0.0,0.0,0.0,0.0,0.0,0.0,0.0,0.0,0.0,0.0,0.0,0.0,0.0,0.0,0.0,0.0,0.0,0.0,0.0,0.0,0.0,0.0,0.0,0.0,0.0,0.0,0.0,0.0,0.0,0.0,0.0,0.0,0.0,0.0,0.0,0.0,0.0,0.0,0.0,0.0,0.0,0.0,0.0,0.0,0.0,0.0,0.0,0.0,0.0,0.0,0.0,0.0,0.0,0.0,0.0,0.0,0.0,0.0,0.0,0.0,0.0,0.0,0.0,0.0,0.0,0.0,0.0,0.0,35.55268478393555,0.0,0.0,0.0,0.0,7.905388355255127,0.0,0.0,0.0,0.0,0.0,0.0,0.0,0.0,0.0,0.0,0.0,0.0,0.0,0.0,0.0,0.0,0.0,0.0,0.0,0.0,0.0,0.0,0.0,0.0,0.0,0.0,0.0,0.0,0.0,0.0,0.0,0.0,0.0,0.0,0.0,0.0,0.0,0.0,0.0,0.0,0.0,0.0,0.0,0.0,9.149372100830078,0.0,0.0,0.0,0.0,0.0,0.0,0.0,0.0,0.0,0.0,0.0,0.0,0.0,0.0,0.0,10.727099418640137,0.0,0.0,0.0,0.0,0.0,0.0,0.0,0.0,0.0,0.0,0.0,0.0,0.0,0.0,0.0,0.0,0.0,0.0,0.0,0.0,0.0,0.0,0.0,0.0,0.0,0.0,0.0,0.0,0.0,0.0,0.0,0.0,0.0,0.0,0.0,0.0,0.0,0.0,0.0,0.0,0.0,0.0,0.0,0.0,0.0,0.0,0.0,0.0,0.0,0.0,0.0,0.0,0.0,0.0,0.0,0.0,0.0,0.0,0.0,0.0,0.0,0.0,0.0,0.0,0.0,0.0,0.0,0.0,0.0,0.0,0.0,0.0,0.0,0.0,0.0,0.0,0.0,0.0,0.0,0.0,0.0,0.0,0.0,0.0,0.0,0.0,0.0,0.0,0.0,0.0,0.0,0.0,0.0,0.0,0.0,0.0,0.0,0.0,0.0,0.0,0.0,0.0,0.0,0.0,0.0,0.0,0.0,0.0,0.0,0.0,0.0,0.0,0.0,0.0,0.0,0.0,0.0,0.0,0.0,0.0,0.0,0.0,0.0,0.0,0.0,0.0,0.0,0.0,0.0,0.0,0.0,0.0,0.0,0.0,0.0,0.0,0.0,0.0,0.0,0.0,0.0,0.0,0.0,0.0,0.0,0.0,0.0,0.0,0.0,0.0,0.0,0.0,0.0,0.0,0.0,0.0,0.0,0.0,0.0,0.0,0.0,0.0,0.0,0.0,0.0,0.0,0.0,0.0,0.0,0.0,0.0,0.0,0.0,0.0,0.0,0.0,0.0,0.0,0.0,0.0,0.0,0.0,0.0,0.0,0.0,0.0,0.0,0.0,0.0,0.0,0.0,0.0,0.0,0.0,0.0,0.0,0.0,0.0,0.0,0.0,0.0,0.0,0.0,0.0,0.0,0.0,0.0,0.0,0.0,0.0,0.0,0.0,0.0,0.0,0.0,0.0,0.0,0.0,0.0,0.0,0.0,0.0,0.0,0.0,0.0,0.0,0.0,0.0,0.0,27.634479522705078,0.0,0.0,0.0,0.0,0.0,0.0,0.0,27.879262924194336,0.0,21.871225357055664,0.0,0.0,0.0,0.0,0.0,0.0,0.0,0.0,0.0,0.0,0.0,0.0,0.0,0.0,0.0,0.0,0.0,0.0,3.015057325363159,0.0,0.0,0.0,0.0,0.0,0.0,0.0,0.0,0.0,0.0,0.0,0.0,0.0,0.0,0.0,63.652740478515625,0.0,0.0,0.0,0.0,0.0,0.0,0.0,0.0,0.0,0.0,0.0,0.0,0.0,0.0,0.0,0.0,0.0,0.0,0.0,0.0,0.0,0.0,0.0,0.0,0.0,0.0,0.0,0.0,0.0,0.0,0.0,0.0,0.0,0.0,0.0,0.0,0.0,0.0,0.0,0.0,0.0,0.0,0.0,0.0,0.0,0.0,0.0,0.0,0.0,0.0,0.0,0.0,0.0,0.0,0.0,0.0,0.0,0.0,0.0,0.0,0.0,0.0,0.0,0.0,0.0,0.0,0.0,0.0,0.0,0.0,0.0,0.0,0.0,0.0,0.0,0.0,0.0,0.0,0.0,0.0,0.0,0.0,0.0,0.0,0.0,0.0,0.0,0.0,0.0,0.0,0.0,0.0,0.0,0.0,0.0,0.0,0.0,0.0,0.0,0.0,0.0,0.0,0.0,0.0,0.0,0.0,0.0,0.0,0.0,0.0,0.0,0.0,0.0,0.0,0.0,0.0,0.0,0.0,0.0,0.0,0.0,0.0,0.0,0.0,0.0,0.0,0.0,0.0,0.0,0.0,0.0,0.0,0.0,0.0,0.0,0.0,0.0,0.0,0.0,0.0,0.0,0.0,0.0,0.0,0.0,0.0,0.0,0.0,0.0,0.0,0.0,0.0,0.0,0.0,0.0,0.0,0.0,0.0,0.0,0.0,0.0,0.0,0.0,0.0,0.0,0.0,0.0,0.0,0.0,0.0,76.77778625488281,0.0,0.0,0.0,0.0,12.45393180847168,0.0,0.0,0.0,0.0,0.0,0.0,0.0,0.0,0.0,0.0,0.0,0.0,0.0,0.0,0.0,0.0,0.0,0.0,0.0,0.0,0.0,0.0,0.0,0.0,0.0,0.0,0.0,0.0,0.0,0.0,0.0,0.0,0.0,0.0,0.0,0.0,0.0,0.0,0.0,0.0,0.0,0.0,0.0,0.0,0.0,0.0,0.0,0.0,0.0,0.0,0.0,0.0,0.0,0.0,0.0,0.0,0.0,0.0,0.0,0.0,12.610355377197266,0.0,0.0,0.0,0.0,0.0,0.0,0.0,0.0,0.0,0.0,0.0,0.0,0.0,0.0,0.0,0.0,0.0,61.76652526855469,0.0,0.0,0.0,0.0,0.0,0.0,0.0,0.0,0.0,0.0,0.0,0.0,0.0,0.0,0.0,0.0,0.0,0.0,0.0,0.0,0.0,0.0,0.0,0.0,0.0,0.0,0.0,0.0,0.0,0.0,0.0,0.0,0.0,0.0,0.0,0.0,0.0,0.0,11.037415504455566,0.0,0.0,0.0,0.0,0.0,0.0,0.0,0.0,0.0,0.0,0.0,0.0,0.0,0.0,0.0,0.0,0.0,0.0,0.0,0.0,0.0,0.0,0.0,0.0,0.0,0.0,0.0,0.0,0.0,0.0,0.0,0.0,0.0,0.0,0.0,0.0,0.0,0.0,0.0,0.0,0.0,0.0,0.0,0.0,0.0,0.0,0.0,0.0,0.0,0.0,0.0,0.0,28.748506546020508,0.0,0.0,0.0,0.0,11.761539459228516,0.0,0.0,0.0,0.0,3.833078384399414,0.0,0.0,4.706178665161133,0.0,0.0,10.066423416137695,0.0,0.0,0.0,0.0,0.0,0.0,0.0,0.0,0.0,0.0,0.0,0.0,0.0,0.0,0.0,0.0,0.0,0.0,0.0,0.0,0.0,0.0,0.0,0.0,0.0,0.0,0.0,0.0,0.0,0.0,0.0,0.0,0.0,0.0,0.0,0.0,0.0,0.0,1.9454846382141113,0.0,0.0,0.0,0.0,0.0,0.0,0.0,0.0,0.0,0.0,0.0,0.0,0.0,0.0,0.0,0.0,0.0,0.0,0.0,0.0,0.0,0.0,0.0,0.0,0.0,0.0,0.0,0.0,0.0,0.0,0.0,0.0,0.0,0.0,0.0,0.0,0.0,0.0,0.0,0.0,0.0,0.0,0.0,0.0,0.0,0.0,0.0,0.0,0.0,0.0,0.0,0.0,0.0,0.0,0.0,0.0,0.0,0.0,0.0,0.0,0.0,0.0,0.0,0.0,11.350467681884766,0.0,0.0,0.0,0.0,0.0,0.0,0.0,20.25383186340332,0.0,3.2322025299072266,0.0,0.0,0.0,0.0,0.0,0.0,0.0,0.0,0.0,0.0,0.0,0.0,0.0,0.0,0.0,0.0,0.0,0.0,0.0,0.0,0.0,0.7080591320991516,0.0,0.0,0.0,0.0,0.0,0.0,0.0,0.0,0.0,0.0,0.0,0.0,12.954228401184082,0.0,0.0,0.0,0.0,0.0,9.989871978759766,0.0,0.0,0.0,0.0,0.0,0.0,0.0,0.0,0.0,0.0,0.0,0.0,0.0,0.0,0.0,0.0,0.0,0.0,0.0,0.0,0.0,0.0,1.7601042985916138,0.0,0.0,0.0,0.0,0.0,0.0,0.0,0.0,0.0,0.0,0.0,0.0,0.0,0.0,0.0,0.0,0.0,0.0,1.0394885540008545,0.0,0.0,0.0,0.0,0.0,0.0,0.0,3.208584785461426,0.0,0.0,0.0,0.0,0.0,0.0,0.0,0.0,0.0,0.0,0.0,0.0,0.0,0.0,0.0,0.0,0.0,0.0,0.0,0.0,0.0,0.0,0.0,0.0,0.0,0.0,0.0,0.0,0.0,0.0,0.0,0.0,0.0,0.0,4.442469120025635,0.0,0.0,0.0,0.0,0.0,0.0,0.0,0.0,0.0,0.0,0.0,0.0,0.0,0.0,0.0,0.0,0.0,0.8640449047088623,0.0,0.0,0.0,0.0,0.0,14.754473686218262,0.0,0.0,0.0,0.0,0.0,0.0,0.0,0.0,0.0,0.0,0.0,0.0,0.0,0.0,0.0,0.0,0.0,0.0,0.0,0.0,0.0,0.0,0.0,18.351253509521484,8.821478843688965,0.0,0.0,0.0,0.0,0.0,0.0,0.0,0.0,0.0,0.0,0.0,0.0,0.0,0.0,0.0,0.0,0.0,0.0,0.0,0.0,0.0,4.0519938468933105,0.0,0.0,0.0,0.0,0.0,0.0,0.0,0.0,61.22528839111328,0.0,0.0,0.0,0.0,26.263715744018555,0.0,0.0,0.0,0.0,0.0,0.0,0.0,0.0,0.0,0.0,0.0,0.0,0.0,0.0,0.0,0.0,0.0,0.0,0.0,0.0,0.0,0.0,0.0,0.0,0.0,0.0,0.0,0.0,0.0,0.0,0.0,0.0,0.0,0.0,0.0,0.0,0.0,0.0,0.0,0.0,0.0,0.0,0.0,31.24932861328125,0.0,0.0,0.0,0.0,0.0,0.0,0.0,0.0,0.0,0.0,0.0,0.0,0.0,0.0,0.0,0.0,0.0,0.0,0.0,0.0,0.0,0.0,0.0,0.0,0.0,0.0,0.0,0.0,0.0,0.0,0.0,0.0,0.0,0.0,97.55015563964844,0.0,0.0,0.0,0.0,0.0,0.0,0.0,0.0,0.0,0.0,0.0,0.0,0.0,0.0,0.0,0.0,0.0,0.0,0.0,0.0,0.0,0.0,0.0,0.0,0.0,0.0,0.0,0.0,3.5950863361358643,0.0,0.0,0.0,0.0,0.0,0.0,0.0,0.0,0.0,0.0,0.0,0.0,0.0,0.0,0.0,0.0,0.0,0.0,0.0,0.0,0.0,0.0,0.0,0.0,0.0,0.0,0.0,0.0,0.0,0.0,0.0,0.0,0.0,0.0,0.0,0.0,0.0,0.0,0.0,0.0,0.0,0.0,11.035516738891602,0.0,0.0,0.0,0.0,17.905628204345703,0.0,0.0,5.794878005981445,0.0,0.0,0.0,0.0,0.0,0.0,0.0,0.0,0.0,0.0,0.0,21.0233097076416,0.0,0.0,0.0,26.947742462158203,0.0,0.0,0.0,0.0,0.0,0.0,22.296308517456055,0.0,37.76541519165039,0.0,0.0,0.0,0.0,0.0,0.0,0.0,0.0,0.0,0.0,0.0,0.0,0.0,2.228039264678955,0.0,0.0,0.0,34.665321350097656,0.0,0.0,0.0,0.0,0.0,0.0,0.0,0.0,0.0,0.0,0.0,0.0,0.0,0.0,0.0,0.0,0.0,0.0,0.0,0.0,0.0,16.390012741088867,0.0,7.420958042144775,0.0,0.0,0.0,0.0,0.0,0.0,0.0,0.0,0.0,0.0,0.0,0.0,0.0,0.0,0.0,0.0,0.0,0.0,0.0,0.0,0.0,0.0,0.0,0.0,0.0,0.0,0.0,0.0,0.0,0.0,0.0,0.0,0.0,0.0,0.0,0.0,0.0,33.479759216308594,0.0,0.0,0.0,0.0,0.0,0.0,0.0,0.0,0.0,0.0,0.0,0.0,0.0,0.0,0.0,0.0,0.0,14.937341690063477,0.0,0.0,0.0,0.0,0.0,0.0,0.0,0.0,0.8581834435462952,0.0,0.0,0.0,0.0,0.0,0.0,0.0,0.0,0.0,0.0,0.0,0.0,0.0,0.0,0.0,0.0,0.0,0.0,0.0,0.0,0.0,0.0,0.0,0.0,0.0,0.0,0.0,0.0,0.0,0.0,0.0,0.0,0.0,0.0,0.0,0.0,0.0,0.0,0.0,0.0,0.0,0.0,0.0,0.0,0.0,0.0,7.214683532714844,0.0,0.0,0.0,21.322750091552734,0.0,0.0,0.0,0.0,0.0,0.0,2.8822062015533447,0.0,0.0,0.0,0.0,0.0,0.0,0.0,0.0,0.0,0.0,3.3035354614257812,0.0,0.0,0.0,0.0,0.1791888326406479,0.0,0.0,0.0,24.16750144958496,0.0,0.0,0.0,0.0,0.0,0.0,0.0,0.0,0.0,0.0,0.0,0.0,0.0,0.0,0.0,0.0,18.30434226989746,0.0,0.0,0.0,0.0,0.0,35.363731384277344,0.0,0.0,0.0,0.0,0.0,0.0,0.0,0.0,0.0,0.0,0.0,0.0,0.0,0.0,0.0,0.0,0.0,0.0,0.0,13.846813201904297,0.0,0.0,0.0,0.0,0.0,0.0,17.736223220825195,0.0,0.0,0.0,0.0,0.0,0.0,0.0,5.355018138885498,0.0,0.0,0.0,0.0,0.0,0.0,0.0,0.0,0.0,8.14322566986084,0.0,0.0,0.0,0.0,1.6448848247528076,0.0,0.0,0.0,0.0,0.0,0.0,0.3861600160598755,0.0,25.781658172607422,0.0,0.0,0.0,0.0,0.0,0.0,0.0,0.0,0.0,0.0,0.0,0.0,0.0,20.3652286529541,0.0,0.0,0.0,0.0,1.225521206855774,0.0,0.0,1.2554950714111328,0.0,0.0,2.9566285610198975,0.0,0.0,0.0,0.0,0.0,0.0,0.0,0.0,0.0,0.0,0.0,0.0,0.0,0.0,0.0,0.0,0.0,0.0,0.0,0.0,0.0,0.0,0.0,1.3839666843414307,0.0,0.0,0.0,0.0,0.0,0.0,64.0179443359375,0.0,0.0,0.0,0.0,0.0,0.0,0.0,0.0,0.0,0.0,0.0,0.0,0.0,0.0,0.0,0.0,0.0,0.0,0.0,0.0,0.0,0.0,0.0,0.0,0.0,0.0,0.0,0.0,0.0,0.0,0.0,0.0,0.0,0.0,0.0,0.0,0.0,0.0,0.0,0.0,0.0,0.0,0.0,0.0,0.0,0.0,0.0,0.0,25.495859146118164,0.0,0.0,0.0,0.0,0.0,0.0,0.0,0.0,0.0,0.0,0.0,0.0,0.0,0.0,0.0,0.0,0.0,0.0,0.0,0.0,0.0,0.0,0.0,0.0,0.0,0.0,0.0,0.0,0.0,0.0,0.0,0.0,0.0,0.0,7.749308109283447,0.0,0.0,0.0,0.0,0.0,0.0,0.0,0.0,0.0,0.0,2.091790199279785,0.0,0.0,0.0,0.0,0.0,0.0,0.0,0.0,0.0,0.0,0.0,0.0,0.0,0.0,0.0,0.0,0.0,0.0,0.0,0.0,0.0,0.0,0.0,0.0,0.0,0.0,0.0,0.0,0.0,0.0,0.0,0.0,0.0,0.0,0.0,0.0,0.0,0.0,0.0,0.0,0.0,0.0,0.0,0.0,0.0,0.0,0.0,0.0,0.0,0.0,0.0,0.0,0.0,0.0,0.0,0.0,0.0,0.0,0.0,0.0,0.0,0.0,20.126941680908203,0.0,0.0,23.66877555847168,0.0,0.0,6.818028450012207,0.0,0.0,0.0,0.0,0.0,0.0,0.0,0.0,0.0,0.0,0.0,0.0,0.0,0.0,0.0,0.0,0.0,15.298418045043945,0.0,0.0,0.0,0.0,0.0,0.0,19.53635025024414,0.0,0.0,0.0,0.0,0.0,0.0,0.0,0.0,0.0,0.0,0.0,0.0,0.0,0.0,0.0,0.0,0.0,50.2957763671875,0.0,0.0,0.0,0.0,0.0,0.0,0.0,0.0,0.0,0.0,0.0,0.0,0.0,0.0,0.0,0.0,0.0,0.0,0.0,0.0,0.0,22.87323570251465,0.0,0.0,0.0,0.0,0.0,0.0,0.0,0.0,0.0,0.0,0.0,0.0,0.0,0.0,0.0,0.0,0.0,0.0,0.0,0.0,0.0,0.0,0.0,0.0,0.0,0.0,0.0,0.0,0.0,0.0,0.0,0.0,0.0,0.0,0.0,0.0,0.0,0.0,0.0,59.27975082397461,0.0,0.0,0.0,0.0,0.0,0.0,0.0,0.0,0.0,0.0,0.0,0.0,0.0,0.0,0.0,0.0,0.0,0.0,0.0,0.0,0.0,0.0,0.0,0.0,0.0,0.0,21.097213745117188,0.0,0.0,0.0,48.67336654663086,0.0,0.0,0.0,0.0,0.0,0.0,0.0,0.0,0.0,0.0,0.0,0.0,0.0,0.0,0.0,0.0,0.0,0.0,24.908538818359375,0.0,0.0,0.0,0.0,0.0,0.0,0.0,0.0,0.0,0.0,0.0,0.0,0.0,0.0,0.0,0.0,12.916703224182129,0.0,0.0,0.0,0.0,0.0,0.0,0.0,0.0,0.0,0.0,0.0,0.0,0.0,0.0,0.0,0.0,0.0,0.0,0.0,0.0,0.0,0.0,0.0,0.0,0.0,0.0,0.0,0.0,0.0,0.0,0.0,0.0,0.0,0.0,5.566309928894043,0.0,0.0,0.0,0.0,0.0,0.0,0.0,0.0,0.0,0.0,0.0,0.0,0.0,0.0,0.0,0.0,0.0,0.0,0.0,0.0,0.0,0.0,0.0,0.0,0.0,6.297269821166992,0.0,0.0,0.0,0.0,0.0,0.0,0.0,0.0,0.0,0.0,0.0,0.0,0.0,0.0,0.0,0.0,0.0,0.0,0.0,0.0,0.0,0.0,0.0,0.0,0.0,0.0,0.0,0.0,0.0,0.0,0.0,0.0,0.0,0.0,17.954639434814453,0.0,0.0,0.0,0.0,0.0,24.16983413696289,7.75397253036499,0.0,0.0,0.0,0.0,0.0,0.0,0.0,0.0,0.0,0.0,62.64323043823242,0.0,0.0,0.0,0.0,0.0,0.0,0.0,0.0,0.0,0.0,0.0,0.0,0.0,0.0,0.0,0.0,0.0,0.0,0.0,0.0,0.0,0.0,0.0,0.0,0.0,0.0,0.0,13.126523971557617,0.0,0.0,0.0,0.0,0.0,0.0,0.0,0.0,0.0,0.0,0.0,0.0,0.0,0.0,0.0,0.0,0.0,0.0,0.0,0.0,0.0,0.0,0.0,0.0,0.0,0.0,0.0,0.0,0.0,0.0,0.0,0.0,0.0,32.350643157958984,0.0,0.0,0.0,0.0,0.0,0.0,0.0,0.0,0.0,0.0,0.0,0.0,0.0,0.0,0.0,0.0,0.0,0.0,0.0,0.0,0.0,0.0,0.0,0.0,0.0,7.220407962799072,0.0,0.0,0.0,0.0,0.0,0.0,13.234960556030273,0.0,0.0,0.0,0.0,0.0,0.0,0.0,0.0,0.0,0.0,0.0,0.0,0.0,0.0,0.0,0.0,0.0,0.0,0.0,0.0,0.0,0.0,0.0,0.0,0.0,0.0,0.0,0.0,0.0,0.0,0.0,0.0,0.0,0.0,0.0,0.0,0.0,0.0,0.0,0.0,0.0,0.0,0.0,0.0,0.0,0.0,0.0,0.0,0.0,0.0,0.0,0.0,0.0,0.0,0.0,0.0,0.0,0.0,0.0,0.0,0.0,1.9091095924377441,0.0,0.0,0.0,0.0,0.0,0.0,0.0,0.0,0.0,0.0,0.0,0.0,0.0,0.0,0.0,0.0,0.0,0.0,0.0,0.0,0.0,0.0,0.0,0.0,0.0,0.0,0.0,0.0,0.0,0.0,0.0,0.0,0.0,0.0,0.0,0.0,0.0,0.0,0.0,0.0,0.0,0.0,0.0,0.0,0.0,0.0,0.0,0.0,0.0,0.0,0.0,0.0,0.0,0.0,0.0,0.0,0.0,0.0,0.0,0.0,0.0,0.0,0.02455650269985199,0.0,0.0,0.0,0.0,0.0,0.0,0.0,0.0,0.0,0.0,0.0,0.0,0.0,0.0,13.361241340637207,0.0,0.0,0.0,0.0,0.0,0.0,0.0,0.0,13.5303316116333,0.0,0.0,0.0,0.0,0.0,0.0,14.706686019897461,0.0,0.0,10.250527381896973,0.0,0.0,0.0,0.0,0.0,0.0,0.0,0.0,0.0,0.0,0.0,0.0,0.0,0.0,0.0,0.0,0.0,0.0,0.0,0.0,0.0,0.0,0.0,0.0,0.0,0.0,0.0,0.0,0.0,0.0,0.0,0.0,0.0,0.0,0.0,0.0,0.431068480014801,0.0,0.0,0.0,23.227954864501953,0.0,0.0,0.0,0.0,0.0,0.0,0.0,0.0,0.0,0.0,0.0,0.0,0.0,0.0,0.0,0.0,0.0,0.0,0.0,0.0,0.0,0.0,0.0,0.0,0.0,0.0,0.0,0.0,0.0,0.0,0.0,0.0,0.0,0.0,0.0,31.385866165161133,0.0,0.0,0.0,0.0,0.0,0.0,0.0,0.0,0.0,0.0,0.0,0.0,0.0,0.0,0.0,0.0,0.0,0.0,0.0,0.0,0.0,0.0,0.0,0.0,0.0,0.0,30.630332946777344,0.0,0.0,0.0,42.26314926147461,0.0,0.0,0.0,0.0,0.0,0.0,0.0,0.0,0.0,0.0,0.0,0.0,0.0,0.0,0.0,0.0,0.0,0.0,38.2088508605957,0.0,0.0,0.0,0.0,0.0,0.0,0.0,0.0,0.0,0.0,0.0,0.0,0.0,0.0,0.0,0.0,0.0,0.0,0.0,0.0,0.0,0.0,0.0,0.0,0.0,0.0,0.0,0.0,0.0,0.0,0.0,0.0,0.0,0.0,0.0,0.0,0.0,0.0,0.0,0.0,0.0,0.0,0.0,0.0,0.0,0.0,0.0,0.0,0.0,0.0,0.0,0.0,0.0,0.0,0.0,0.0,0.0,0.0,0.0,0.0,0.0,0.0,0.0,0.0,0.0,0.0,0.0,0.0,0.0,0.0,0.0,0.0,0.0,0.0,0.0,0.0,0.0,0.0,0.0,0.0,0.0,0.0,0.0,0.0,0.0,0.0,0.0,0.0,0.0,0.0,0.0,0.0,0.0,0.0,0.0,0.0,0.0,0.0,0.0,0.0,0.0,0.0,0.0,0.0,0.0,0.0,0.0,0.0,0.0,0.0,0.0,0.0,0.0,0.0,0.0,0.0,0.0,0.0,38.86924362182617,7.19518518447876,0.0,0.0,0.0,0.0,0.0,0.0,0.0,0.0,0.0,0.0,74.82091522216797,0.0,0.0,0.0,0.0,0.0,0.0,0.0,0.0,0.0,0.0,0.0,0.0,0.0,0.0,0.0,0.0,0.0,0.0,0.0,0.0,0.0,0.0,0.0,0.0,0.0,0.0,0.0,4.088043212890625,0.0,0.0,0.0,0.0,0.0,0.0,0.0,0.0,0.0,0.0,0.0,0.0,0.0,0.0,0.0,0.0,0.0,0.0,0.0,0.0,0.0,0.0,0.0,0.0,0.0,0.0,0.0,0.0,0.0,0.0,0.0,0.0,0.0,0.0,0.0,0.0,0.0,0.0,0.0,0.0,0.0,0.0,0.0,0.0,0.0,0.0,0.0,0.0,0.0,0.0,0.0,0.0,0.0,0.0,0.0,0.0,0.0,0.0,0.0,12.322787284851074,0.0,0.0,0.0,0.0,0.0,0.0,16.855606079101562,0.0,0.0,0.0,0.0,0.0,0.0,0.0,0.0,0.0,0.0,0.0,0.0,0.0,0.0,0.0,0.0,0.0,0.0,0.0,0.0,0.0,0.0,0.0,0.0,0.0,0.0,0.0,0.0,0.0,0.0,0.0,0.0,0.0,0.0,0.0,0.0,0.0,0.0,0.0,0.0,0.0,0.0,0.0,0.0,0.0,0.0,0.0,0.0,0.0,0.0,0.0,0.0,6.202186584472656,0.0,0.0,0.0,0.0,0.0,0.0,0.0,0.0,0.0,0.0,0.0,0.0,0.0,0.0,0.0,0.0,0.0,0.0,0.0,0.0,0.0,0.0,0.0,0.0,0.0,0.0,0.0,0.0,0.0,0.0,0.0,0.0,0.0,0.0,0.0,0.0,0.0,0.0,0.0,0.0,0.0,0.0,0.0,0.0,0.0,0.0,0.0,0.0,0.0,0.0,0.0,0.0,0.0,0.0,0.0,0.0,0.0,0.0,0.0,0.0,0.0,0.0,0.0,0.0,0.0,0.0,0.0,0.0,0.0,0.0,0.0,0.0,0.0,0.0,0.0,0.0,5.4704766273498535,0.0,0.0,0.0,0.0,0.0,0.0,0.0,0.0,0.0,5.472200393676758,0.0,0.0,0.0,0.0,0.0,0.0,0.0,0.0,9.048530578613281,0.0,0.0,0.0,0.0,0.0,0.0,0.0,0.0,0.0,20.58331298828125,0.0,0.0,0.0,0.0,0.0,0.0,0.0,0.0,0.0,0.0,0.0,0.0,0.0,0.0,0.0,0.0,0.0,0.0,0.0,0.0,0.0,0.0,0.0,0.0,0.0,0.0,0.0,0.0,0.0,0.0,0.0,0.0,0.0,0.0,0.0,0.0,0.0,0.0,0.0,0.0,28.61844825744629,0.0,0.0,0.0,0.0,0.0,0.0,0.0,0.0,0.0,0.0,0.0,0.0,0.0,0.0,0.0,0.0,0.0,0.0,0.0,0.0,0.0,0.0,0.0,0.0,0.0,0.0,0.0,0.0,0.0,0.0,0.0,0.0,0.0,0.0,0.0,0.0,0.0,0.0,0.0,0.0,0.0,0.0,0.0,0.0,0.0,0.0,0.0,0.0,0.0,0.0,0.0,0.0,0.0,0.0,0.0,0.0,0.0,0.0,0.0,0.0,0.0,0.0,30.772001266479492,0.0,0.0,0.0,9.622807502746582,0.0,0.0,0.0,0.0,0.0,0.0,0.0,0.0,0.0,0.0,0.0,0.0,0.0,0.0,0.0,0.0,0.0,0.0,20.04665184020996,0.0,0.0,0.0,0.0,0.0,0.0,5.753819465637207,0.0,0.0,0.0,0.0,0.0,0.0,0.0,0.0,0.0,0.0,0.0,0.0,0.0,0.0,0.0,0.0,0.0,0.0,0.0,0.0,0.0,0.0,0.0,0.0,0.0,0.0,0.0,0.0,0.0,0.0,0.0,0.0,0.0,0.0,0.0,0.0,0.0,0.0,0.0,0.0,0.0,0.0,0.0,0.0,0.0,0.0,0.0,0.0,0.0,0.0,0.0,0.0,0.0,0.0,0.0,0.0,0.0,0.0,0.0,0.0,0.0,0.0,0.0,0.0,0.0,0.0,0.0,0.0,0.0,0.0,0.0,0.0,0.0,0.0,0.0,0.0,0.0,0.0,0.0,0.0,0.0,0.0,0.0,0.0,0.0,0.0,0.0,0.0,0.0,0.0,0.0,0.0,0.0,0.0,0.0,0.0,0.0,0.0,0.0,0.0,0.0,0.0,0.0,0.0,0.0,0.0,0.0,0.0,11.18690299987793,0.0,0.0,26.090011596679688,1.2596155405044556,0.0,0.0,0.0,0.0,0.0,0.0,0.0,0.0,0.0,0.0,41.159603118896484,0.0,0.0,0.0,0.0,0.0,0.0,0.0,0.0,0.0,0.0,0.0,0.0,0.0,0.0,0.0,0.0,0.0,0.0,0.0,0.0,0.0,0.0,0.0,0.0,0.0,0.0,0.0,0.0,0.0,0.0,0.0,0.0,0.0,0.0,0.0,0.0,0.0,0.0,0.0,0.0,0.0,0.0,0.0,0.0,0.0,0.0,0.0,0.0,0.0,0.0,0.0,0.0,0.0,0.0,0.0,0.0,0.0,0.0,0.0,0.0,0.0,0.0,0.0,0.0,0.0,0.0,14.109142303466797,0.0,0.0,0.0,0.0,0.0,0.0,0.0,0.0,0.0,0.0,0.0,0.0,0.0,0.0,0.0,0.0,0.0,0.0,0.0,0.0,0.0,0.0,0.0,0.0,0.0,0.0,0.0,0.42941373586654663,0.0,0.0,0.0,0.0,0.0,0.0,0.0,0.0,0.0,0.0,0.0,0.0,1.9372079372406006,0.0,0.0,0.0,18.574909210205078,0.0,0.0,0.0,0.0,0.0,0.0,0.0,0.0,0.0,0.0,0.0,0.0,0.0,0.0,0.0,3.1348536014556885,0.0,0.0,0.0,0.0,0.0,0.0,0.0,0.0,0.0,0.0,0.0,0.0,0.0,0.0,0.0,0.0,0.0,0.0,0.0,2.7580320835113525,0.0,0.0,0.0,0.0,0.0,0.0,0.0,0.0,0.0,0.0,16.1674747467041,0.0,0.0,0.0,0.0,0.0,0.0,0.0,0.0,0.0,0.0,0.0,0.0,0.0,0.0,0.0,0.0,0.0,0.0,0.0,0.0,0.0,0.0,0.0,0.0,0.0,0.0,0.0,0.0,0.0,0.0,0.0,0.0,0.0,0.0,0.0,0.0,0.0,0.0,0.0,0.0,0.0,0.0,0.0,0.0,0.0,0.0,0.0,0.0,0.0,0.0,0.0,0.0,0.0,0.0,0.0,0.0,0.0,0.0,0.0,0.0,0.0,0.0,0.0,0.0,0.0,11.677229881286621,0.0,0.0,0.0,0.0,0.0,0.0,0.0,0.0,0.0,1.2741886377334595,0.0,0.0,0.0,0.0,0.0,0.0,0.0,0.0,11.110755920410156,0.0,0.0,0.0,0.0,0.0,0.0,0.0,0.0,0.0,29.14786720275879,0.0,0.0,0.0,0.0,0.0,0.0,0.0,0.0,0.0,0.0,0.0,0.0,0.0,0.0,0.0,0.0,0.0,0.0,0.0,0.0,0.0,0.0,0.0,0.0,0.0,0.0,0.0,0.0,0.0,0.0,0.0,0.0,0.0,0.0,0.0,0.0,0.0,0.0,0.0,0.0,29.907711029052734,0.0,0.0,0.0,0.0,0.0,0.0,0.0,0.0,0.0,0.0,0.0,0.0,0.0,0.0,0.0,0.0,0.0,0.0,0.0,0.0,0.0,0.0,0.0,0.0,0.0,0.0,0.0,0.0,0.0,0.0,0.0,0.0,0.0,0.0,0.0,11.010459899902344,0.0,0.0,0.0,0.0,0.0,0.0,0.0,0.0,0.0,0.0,0.0,0.0,0.0,0.0,0.0,0.0,0.0,0.0,0.0,0.0,0.0,0.0,0.0,0.0,0.0,0.0,28.96562385559082,0.0,0.0,0.0,18.153709411621094,0.0,0.0,1.34922194480896,0.0,0.0,2.378398895263672,0.0,0.0,0.0,0.0,0.0,0.0,0.0,0.0,0.0,0.0,0.0,0.0,3.779104709625244,0.0,0.0,0.0,0.0,0.0,0.0,5.587917327880859,0.0,0.0,0.0,0.0,0.0,0.0,0.0,0.0,0.0,0.0,0.0,0.0,0.0,0.0,14.43302059173584,0.0,0.0,0.0,0.0,0.0,0.0,0.0,0.0,0.0,0.0,0.0,0.0,0.0,0.0,0.0,0.0,0.0,0.0,0.0,0.0,0.0,0.0,0.0,0.0,0.0,0.0,0.0,0.0,0.0,0.0,0.0,0.0,0.0,0.0,0.0,0.0,0.0,0.0,0.0,0.0,0.0,0.0,0.0,0.0,0.0,0.0,0.0,0.0,0.0,0.0,0.0,0.0,0.0,0.0,0.0,0.0,0.0,0.0,0.0,0.0,0.0,0.0,0.0,0.0,0.0,0.0,0.0,0.0,0.0,0.0,0.0,0.0,0.0,0.0,0.0,0.0,0.0,0.0,0.0,0.0,0.0,0.0,0.0,0.0,0.0,0.0,0.0,0.0,0.0,0.0,0.0,0.0,0.0,0.0,0.0,0.0,32.967281341552734,0.0,0.0,0.0,0.0,0.0,0.0,0.0,0.0,0.0,0.0,0.0,26.101978302001953,0.0,0.0,0.0,0.0,0.0,0.0,0.0,0.0,0.0,0.0,0.0,0.0,0.0,0.0,0.0,0.0,0.0,0.0,0.0,0.0,0.0,0.0,0.0,0.0,0.0,0.0,0.0,0.0,0.0,0.0,0.0,0.0,0.0,0.0,0.0,0.0,0.0,0.0,0.0,0.0,0.0,0.0,0.0,0.0,0.0,0.0,0.0,0.0,0.0,0.0,0.0,0.0,0.0,0.0,0.0,0.0,0.0,0.0,0.0,0.0,0.0,10.996184349060059,0.0,0.0,0.0,0.0,19.100421905517578,0.0,0.0,0.0,0.0,0.0,0.0,0.0,0.0,0.0,0.0,0.0,0.0,0.0,0.0,0.0,0.0,0.0,0.0,0.0,0.0,0.0,0.0,0.0,0.0,0.0,0.0,0.0,6.224122524261475,0.0,0.0,0.0,0.0,0.0,0.0,0.0,0.0,0.0,0.0,0.0,0.0,5.472952365875244,0.0,0.0,0.0,5.633984565734863,0.0,0.0,0.0,0.0,0.0,0.0,0.0,0.0,0.0,0.0,0.0,0.0,0.0,0.0,0.0,17.188007354736328,0.0,0.0,0.0,0.0,0.0,0.0,0.0,0.0,0.0,0.0,0.0,0.0,0.0,0.0,0.0,0.0,0.0,0.0,0.0,0.2681558430194855,0.0,8.621600151062012,0.0,0.0,0.0,0.0,0.0,0.0,0.0,0.0,22.16748809814453,0.0,0.0,0.0,0.0,0.0,0.0,0.0,0.0,0.0,0.0,14.063764572143555,0.0,0.0,0.0,0.0,0.0,0.0,0.0,0.0,0.0,0.0,0.0,0.0,0.0,0.0,0.0,0.0,0.0,0.0,0.0,0.0,0.0,0.0,0.0,0.0,0.0,0.0,0.0,0.0,0.0,0.0,0.0,0.0,0.0,0.0,0.0,0.0,0.0,0.0,0.0,0.0,0.0,0.0,0.0,0.0,0.0,0.0,0.0,0.0,0.0,0.0,0.0,0.0,0.0,0.0,0.0,0.0,0.0,0.0,0.0,0.0,0.0,0.0,0.0,0.0,0.0,0.0,0.0,0.0,0.0,0.0,0.0,0.0,0.0,0.0,0.0,0.0,0.0,0.0,0.0,0.0,38.37413024902344,0.0,0.0,33.65285873413086,0.0,0.0,0.0,0.0,0.0,0.0,0.0,0.0,0.0,0.0,0.0,0.0,0.0,0.0,0.0,0.0,0.0,0.0,0.0,0.0,0.0,0.0,0.0,0.0,0.0,0.0,0.0,0.0,0.0,0.0,0.0,0.0,0.0,0.0,0.0,0.0,0.0,0.0,0.0,0.0,6.865273475646973,0.0,0.0,0.0,0.0,0.0,0.0,0.0,0.0,0.0,0.0,0.0,0.0,0.0,0.0,0.0,0.0,0.0,0.0,0.0,0.0,0.0,0.0,0.0,0.0,0.0,0.0,0.0,0.0,1.65167236328125,0.0,0.0,0.0,0.0,0.0,0.0,45.63618850708008,0.0,0.0,0.0,0.0,0.0,0.0,0.0,0.0,0.0,0.0,0.0,0.0,0.0,0.0,0.0,0.0,0.0,0.0,0.0,0.0,0.0,0.0,0.0,0.0,0.0,0.0,38.0731315612793,0.0,0.0,0.0,26.15404510498047,0.0,0.0,7.421414852142334,24.431440353393555,0.0,15.371990203857422,0.0,0.0,0.0,0.0,0.0,0.0,0.0,0.0,0.0,0.0,0.0,0.0,0.0,0.0,0.0,0.0,0.0,0.0,0.29467594623565674,0.0,0.0,0.0,0.0,0.0,0.0,0.0,0.0,0.0,0.0,0.0,0.0,0.0,0.0,0.0,65.23878479003906,0.0,0.0,0.0,0.0,0.0,43.028465270996094,0.0,0.0,0.0,0.3896063566207886,0.0,0.0,0.0,0.0,0.0,0.0,0.0,0.0,0.0,0.0,0.0,0.0,0.0,0.0,0.0,0.0,0.0,0.0,0.0,0.0,0.0,0.0,11.203510284423828,0.0,0.0,0.0,0.0,0.0,0.0,0.0,0.0,0.0,0.0,0.0,0.0,0.0,0.0,0.0,0.0,0.0,0.0,0.0,0.0,0.0,0.0,3.9026575088500977,0.0,0.0,0.0,0.0,0.0,0.0,0.0,0.0,0.0,0.0,0.0,0.0,0.0,0.0,0.0,0.0,0.0,0.0,0.0,0.0,0.0,0.0,0.0,0.0,0.0,0.0,0.0,0.0,0.0,0.0,0.0,0.0,0.0,0.0,0.0,0.0,0.0,0.0,0.0,0.0,27.008270263671875,0.0,0.0,0.0,0.0,0.0,0.0,0.0,0.0,0.0,0.0,0.0,18.138019561767578,0.0,0.0,0.0,0.0,0.0,38.544586181640625,0.0,0.0,0.0,0.0,0.0,0.0,0.0,0.0,0.0,0.0,0.0,0.0,0.0,0.0,0.0,0.0,0.0,0.0,0.0,0.0,0.0,0.0,0.0,0.0,0.0,0.0,0.0,0.0,0.0,0.0,36.13134765625,0.0,0.0,0.0,0.0,0.0,0.0,0.0,0.0,0.0,0.0,0.0,0.0,0.0,0.0,0.0,0.0,0.0,11.042667388916016,0.0,0.0,0.0,0.0,0.0,0.0,84.16524505615234,0.0,0.0,0.0,0.0,20.144710540771484,0.0,0.0,0.0,0.0,0.0,0.0,0.0,0.0,0.0,0.0,13.605052947998047,0.0,0.0,0.0,0.0,0.0,0.0,0.0,0.0,0.0,0.0,0.0,0.0,0.0,0.0,0.0,0.0,0.0,0.0,0.0,0.0,0.0,0.0,0.0,0.0,0.0,0.0,0.0,0.0,0.0,0.0,0.0,0.0,0.0,0.0,0.0,0.0,0.0,0.0,0.0,0.0,0.0,0.0,0.0,0.0,0.0,0.0,0.0,0.0,0.0,10.160269737243652,0.0,0.0,0.0,0.0,0.0,0.0,0.0,0.0,0.0,0.0,0.0,0.0,0.0,0.0,0.0,0.0,0.0,128.22401428222656,0.0,0.0,0.0,0.0,0.0,0.0,0.0,0.0,0.0,0.0,0.0,0.0,3.1252646446228027,0.0,0.0,0.0,0.0,0.0,0.0,0.0,0.0,0.0,0.0,0.0,1.173459768295288,0.0,0.0,0.0,0.0,0.0,0.0,0.0,0.0,0.0,0.0,0.0,0.0,0.0,0.0,0.0,0.0,0.0,0.0,0.0,0.0,0.0,0.0,0.0,0.0,0.0,0.0,0.0,0.0,0.0,0.0,0.0,0.0,0.0,0.0,0.0,0.0,0.0,0.0,0.0,0.0,0.0,0.0,0.0,0.0,0.0,0.0,12.287609100341797,0.0,0.0,0.0,0.0,0.0,0.0,0.0,22.189579010009766,0.0,0.0,0.0,0.0,0.12496459484100342,0.0,0.0,0.0,0.0,0.0,0.0,42.70699691772461,0.0,0.0,0.0,0.0,0.0,0.0,0.0,0.0,0.0,0.0,9.977337837219238,0.0,39.793216705322266,0.0,0.0,26.664369583129883,0.0,0.0,0.0,0.0,0.0,0.0,0.0,0.0,0.0,0.0,0.0,0.0,0.0,0.0,0.0,0.0,0.0,0.0,0.0,0.0,0.0,0.0,0.0,0.0,0.0,0.0,0.0,0.0,0.0,0.0,0.0,0.0,0.0,0.0,1.7115966081619263,0.0,0.0,0.0,2.543755531311035,0.0,0.0,0.0,0.0,0.0,0.0,0.0,0.0,0.0,0.0,0.0,0.0,0.0,0.0,0.0,0.0,0.0,0.0,0.0,0.0,0.0,0.0,0.0,0.0,0.0,0.0,0.0,0.0,0.0,0.0,0.0,0.0,0.0,0.0,0.0,0.0,0.0,34.33572006225586,0.0,0.0,9.30744743347168,0.0,23.75443458557129,0.0,0.0,0.0,0.0,0.0,0.0,0.0,0.0,0.0,0.0,0.0,0.0,0.0,0.0,0.0,18.22681427001953,0.0,0.0,0.0,0.0,0.0,4.980044841766357,0.0,0.0,0.0,2.155992031097412,0.0,0.0,0.0,8.88593578338623,0.0,0.0,0.0,0.0,0.0,0.0,0.0,0.0,0.0,6.610414028167725,0.0,0.0,0.0,0.0,0.0,0.0,0.0,0.0,0.0,0.0,4.870026588439941,0.0,0.0,21.1296443939209,0.0,0.0,0.0,0.0,0.0,0.0,0.0,0.0,0.0,0.0,0.0,0.0,0.0,0.0,0.0,0.0,0.0,0.0,65.73351287841797,0.0,0.0,0.0,0.0,0.0,0.0,0.0,0.0,0.0,0.0,0.0,0.0,0.0,0.0,0.0,0.0,0.0,0.0,0.0,0.0,0.0,0.0,0.0,0.0,0.0,0.0,0.0,0.0,0.0,0.0,0.0,0.0,0.0,0.0,0.0,0.0,0.0,0.0,0.0,0.0,0.0,15.265569686889648,0.0,0.09503328800201416,0.0,0.0,0.0,0.0,0.0,26.750030517578125,0.0,0.0,0.0,0.0,0.0,0.0,0.0,0.0,0.0,0.0,0.0,0.0,0.0,0.0,17.161026000976562,0.0,0.0,0.0,0.0,5.126375198364258,0.0,0.0,0.0,0.0,0.0,0.0,63.01080322265625,0.0,0.0,0.0,0.0,0.0,0.0,0.0,0.0,0.0,0.0,0.0,0.0,0.0,0.0,0.0,0.0,0.0,8.459228515625,0.0,0.0,0.0,0.0,7.050781726837158,0.0,0.0,0.0,0.0,0.0,0.0,0.0,0.0,67.10503387451172,0.0,0.0,0.0,0.0,0.0,0.0,0.0,0.0,17.857282638549805,0.0,0.0,0.0,0.0,17.963682174682617,0.0,0.0,0.0,0.0,8.592123985290527,0.0,0.0,5.382225513458252,0.0,1.3886361122131348,44.216251373291016,0.0,0.0,0.0,0.0,0.0,18.499643325805664,0.0,0.0,0.0,0.0,0.0,0.0,0.0,0.0,0.0,0.0,0.0,0.0,0.0,0.0,0.0,20.681758880615234,0.0,0.0,0.0,0.0,4.551478385925293,0.0,0.0,0.0,95.09666442871094,0.0,0.0,0.0,0.0,6.418609142303467,0.0,0.0,0.0,0.0,0.0,0.0,0.0,0.0,0.0,0.0,0.0,0.0,0.0,0.0,0.0,0.0,0.0,0.0,0.0,0.0,0.0,0.0,0.0,0.0,0.0,0.0,0.0,0.0,0.0,0.0,0.0,0.0,0.0,0.0,0.0,0.0,0.0,0.0,0.0,0.0,0.0,0.0,0.0,51.5816650390625,0.0,0.0,0.0,0.0,0.0,0.0,0.0,0.0,0.0,0.0,0.0,0.0,0.0,0.0,0.0,0.0,0.0,0.0,0.0,0.0,0.0,0.0,0.0,0.0,0.0,0.11750045418739319
